-0.025000000000000	0.000000000000000
-0.024000000000000	0.000000000000000
-0.023000000000000	0.000000000000000
-0.022000000000000	0.000000000000000
-0.021000000000000	0.000000000000000
-0.020000000000000	0.000000000000000
-0.019000000000000	0.000000000000000
-0.018000000000000	0.000000000000000
-0.017000000000000	0.000000000000000
-0.016000000000000	0.000000000000000
-0.015000000000000	0.000000000000000
-0.014000000000000	0.000000000000000
-0.013000000000000	0.000000000000000
-0.012000000000000	0.362130264499137
-0.011000000000000	0.579609755518562
-0.010000000000000	0.357343049453563
-0.009000000000000	0.635976739299233
-0.008000000000000	0.763759610935421
-0.007000000000000	0.273858547254987
-0.006000000000000	2.661941144413345
-0.005000000000000	11.849271673130062
-0.004000000000000	15.972327232347256
-0.003000000000000	22.245585791793324
-0.002000000000000	20.807933794967699
-0.001000000000000	16.956927717532665
0.000000000000000	15.824979487175739
0.001000000000000	7.382419137149006
0.002000000000000	6.131986379867760
0.003000000000000	4.963720434388889
0.004000000000000	4.883546033511963
0.005000000000000	4.874047494216977
0.006000000000000	3.802975926086155
0.007000000000000	3.270947455695040
0.008000000000000	1.387416602643319
0.009000000000000	1.357480498700302
0.010000000000000	2.302045767836340
0.011000000000000	1.157363870562581
0.012000000000000	1.137875283215627
0.013000000000000	1.913552829456065
0.014000000000000	1.411016011595197
0.015000000000000	2.582846934302235
0.016000000000000	0.743048769986580
0.017000000000000	0.000000000000000
0.018000000000000	0.000000000000000
0.019000000000000	0.000000000000000
0.020000000000000	0.000000000000000
0.021000000000000	0.000000000000000
0.022000000000000	0.000000000000000
0.023000000000000	0.000000000000000
0.024000000000000	0.000000000000000
0.025000000000000	0.000000000000000
