-0.025000000000000	0.000000000000000
-0.024000000000000	0.000000000000000
-0.023000000000000	0.000000000000000
-0.022000000000000	0.000000000000000
-0.021000000000000	0.000000000000000
-0.020000000000000	0.000000000000000
-0.019000000000000	0.000000000000000
-0.018000000000000	0.000000000000000
-0.017000000000000	0.000000000000000
-0.016000000000000	0.000000000000000
-0.015000000000000	0.000000000000000
-0.014000000000000	0.000000000000000
-0.013000000000000	0.000000000000000
-0.012000000000000	0.000000000000000
-0.011000000000000	1.177204140118421
-0.010000000000000	2.891892229642628
-0.009000000000000	3.839454681941664
-0.008000000000000	5.644616834950321
-0.007000000000000	10.082969629681489
-0.006000000000000	20.713783967246474
-0.005000000000000	22.727912588745813
-0.004000000000000	20.395156786785144
-0.003000000000000	17.431552508675541
-0.002000000000000	19.089949665487079
-0.001000000000000	20.373521139134645
0.000000000000000	18.292289171422350
0.001000000000000	16.844918971966131
0.002000000000000	10.625618405654000
0.003000000000000	8.244258161096434
0.004000000000000	6.072546319219626
0.005000000000000	5.877168936691393
0.006000000000000	5.402235110244016
0.007000000000000	5.469733757336750
0.008000000000000	8.760756285999390
0.009000000000000	7.860079665687243
0.010000000000000	6.865271420622832
0.011000000000000	6.235982037656998
0.012000000000000	5.559139648449663
0.013000000000000	1.947181544037582
0.014000000000000	1.544607399360467
0.015000000000000	1.203062530245684
0.016000000000000	1.217527067346477
0.017000000000000	0.505331622990217
0.018000000000000	0.000000000000000
0.019000000000000	0.000000000000000
0.020000000000000	0.000000000000000
0.021000000000000	0.000000000000000
0.022000000000000	0.000000000000000
0.023000000000000	0.000000000000000
0.024000000000000	0.000000000000000
0.025000000000000	0.000000000000000
