-0.025000000000000	0.000000000000000
-0.024000000000000	0.000000000000000
-0.023000000000000	0.000000000000000
-0.022000000000000	0.000000000000000
-0.021000000000000	0.000000000000000
-0.020000000000000	0.000000000000000
-0.019000000000000	0.000000000000000
-0.018000000000000	0.000000000000000
-0.017000000000000	0.000000000000000
-0.016000000000000	0.000000000000000
-0.015000000000000	0.000000000000000
-0.014000000000000	0.000000000000000
-0.013000000000000	0.000000000000000
-0.012000000000000	0.000000000000000
-0.011000000000000	0.000000000000000
-0.010000000000000	0.000000000000000
-0.009000000000000	0.000000000000000
-0.008000000000000	0.068451248893308
-0.007000000000000	2.011360732189771
-0.006000000000000	10.828912747081860
-0.005000000000000	19.685412742569074
-0.004000000000000	27.800770125238412
-0.003000000000000	30.665647397525820
-0.002000000000000	44.608910770947972
-0.001000000000000	33.975691673490175
0.000000000000000	31.836591195469321
0.001000000000000	23.930815520016939
0.002000000000000	14.386416046441932
0.003000000000000	14.305576933533363
0.004000000000000	11.985517697162077
0.005000000000000	8.965371348809091
0.006000000000000	4.831391740522247
0.007000000000000	3.127637790089682
0.008000000000000	2.512530628138823
0.009000000000000	2.524278486547415
0.010000000000000	2.373198370982723
0.011000000000000	2.006657432765945
0.012000000000000	2.488991762771297
0.013000000000000	2.830826335741412
0.014000000000000	5.325594883281061
0.015000000000000	2.500526588895344
0.016000000000000	0.013096535663662
0.017000000000000	0.000000000000000
0.018000000000000	0.000000000000000
0.019000000000000	0.000000000000000
0.020000000000000	0.000000000000000
0.021000000000000	0.000000000000000
0.022000000000000	0.000000000000000
0.023000000000000	0.000000000000000
0.024000000000000	0.000000000000000
0.025000000000000	0.000000000000000
