-0.025000000000000	0.000000000000000
-0.024000000000000	0.000000000000000
-0.023000000000000	0.000000000000000
-0.022000000000000	0.000000000000000
-0.021000000000000	0.000000000000000
-0.020000000000000	0.000000000000000
-0.019000000000000	0.000000000000000
-0.018000000000000	0.000000000000000
-0.017000000000000	0.000000000000000
-0.016000000000000	0.000000000000000
-0.015000000000000	0.000000000000000
-0.014000000000000	0.000000000000000
-0.013000000000000	0.000000000000000
-0.012000000000000	0.000000000000000
-0.011000000000000	0.000000000000000
-0.010000000000000	0.422887588849123
-0.009000000000000	2.371656442645376
-0.008000000000000	2.543707322760145
-0.007000000000000	3.849869479479649
-0.006000000000000	14.209758441180153
-0.005000000000000	25.160591200836151
-0.004000000000000	29.303795078857885
-0.003000000000000	37.177040903634570
-0.002000000000000	31.890152114483346
-0.001000000000000	25.291257190809525
0.000000000000000	22.983416919788571
0.001000000000000	22.595684950395032
0.002000000000000	18.526803465304205
0.003000000000000	13.538531839635864
0.004000000000000	12.685572722410319
0.005000000000000	9.652797812195068
0.006000000000000	8.169059292803638
0.007000000000000	4.595165622383647
0.008000000000000	3.939866356067401
0.009000000000000	2.935698520266120
0.010000000000000	3.316011829232296
0.011000000000000	3.607379876530264
0.012000000000000	2.473192742512749
0.013000000000000	4.281818445739427
0.014000000000000	2.927717565315518
0.015000000000000	0.494953105252397
0.016000000000000	0.676190982803200
0.017000000000000	0.425795367629336
0.018000000000000	0.722864386661436
0.019000000000000	0.378109557987575
0.020000000000000	0.738360953222294
0.021000000000000	0.311455308437273
0.022000000000000	0.043088645249687
0.023000000000000	0.000000000000000
0.024000000000000	0.000000000000000
0.025000000000000	0.000000000000000
