-0.025000000000000	0.000000000000000
-0.024000000000000	0.000000000000000
-0.023000000000000	0.000000000000000
-0.022000000000000	0.000000000000000
-0.021000000000000	0.000000000000000
-0.020000000000000	0.000000000000000
-0.019000000000000	0.000000000000000
-0.018000000000000	0.000000000000000
-0.017000000000000	0.000000000000000
-0.016000000000000	0.000000000000000
-0.015000000000000	0.000000000000000
-0.014000000000000	0.000000000000000
-0.013000000000000	0.225509833516009
-0.012000000000000	1.198007353118262
-0.011000000000000	2.997980246003491
-0.010000000000000	3.603694550807560
-0.009000000000000	3.902463570038654
-0.008000000000000	5.422250201736973
-0.007000000000000	8.505122638993029
-0.006000000000000	11.301901323856862
-0.005000000000000	14.143529849693879
-0.004000000000000	26.141781058552574
-0.003000000000000	19.358262389834355
-0.002000000000000	16.416670536600101
-0.001000000000000	13.653243739851384
0.000000000000000	14.140261596304308
0.001000000000000	11.806380009281138
0.002000000000000	8.756677230770972
0.003000000000000	8.495483555960744
0.004000000000000	7.631599824454886
0.005000000000000	8.949361640392990
0.006000000000000	10.575188359838226
0.007000000000000	9.228945403996626
0.008000000000000	5.905900972198419
0.009000000000000	4.666016188062879
0.010000000000000	3.778539275091804
0.011000000000000	3.332474658809950
0.012000000000000	3.250978952964354
0.013000000000000	3.095221159594880
0.014000000000000	2.684349639732608
0.015000000000000	1.753489031544121
0.016000000000000	0.578528379278098
0.017000000000000	0.000000000000000
0.018000000000000	0.000000000000000
0.019000000000000	0.000000000000000
0.020000000000000	0.000000000000000
0.021000000000000	0.000000000000000
0.022000000000000	0.000000000000000
0.023000000000000	0.000000000000000
0.024000000000000	0.000000000000000
0.025000000000000	0.000000000000000
