-0.025000000000000	0.000000000000000
-0.024000000000000	0.000000000000000
-0.023000000000000	0.000000000000000
-0.022000000000000	0.000000000000000
-0.021000000000000	0.000000000000000
-0.020000000000000	0.000000000000000
-0.019000000000000	0.000000000000000
-0.018000000000000	0.542553627961014
-0.017000000000000	1.067664077859695
-0.016000000000000	1.185803587053203
-0.015000000000000	0.842217093575725
-0.014000000000000	1.818297765148775
-0.013000000000000	1.727022206895984
-0.012000000000000	1.267141918150435
-0.011000000000000	1.149638424237151
-0.010000000000000	2.119215746188036
-0.009000000000000	3.344950242717422
-0.008000000000000	3.380497203058168
-0.007000000000000	3.338263379597695
-0.006000000000000	4.963255130024379
-0.005000000000000	7.827618391729252
-0.004000000000000	16.153061378043304
-0.003000000000000	18.619835162744867
-0.002000000000000	14.481837728113133
-0.001000000000000	13.992543876814704
0.000000000000000	12.755669750096326
0.001000000000000	10.023659861277489
0.002000000000000	7.868865135664029
0.003000000000000	9.545021567691727
0.004000000000000	9.905482616993268
0.005000000000000	10.603144646804816
0.006000000000000	10.459501090096900
0.007000000000000	8.233975582615857
0.008000000000000	3.178995153747919
0.009000000000000	2.821300528300056
0.010000000000000	2.013742602040386
0.011000000000000	2.641585722931785
0.012000000000000	1.970425384682166
0.013000000000000	0.568506035686039
0.014000000000000	1.138427197822333
0.015000000000000	0.295759905769365
0.016000000000000	0.303053143822324
0.017000000000000	0.697895640726731
0.018000000000000	0.701052246849389
0.019000000000000	0.322021559775376
0.020000000000000	0.545455257250503
0.021000000000000	0.000000000000000
0.022000000000000	0.000000000000000
0.023000000000000	0.000000000000000
0.024000000000000	0.000000000000000
0.025000000000000	0.000000000000000
