-0.025000000000000	0.000000000000000
-0.024000000000000	0.000000000000000
-0.023000000000000	0.000000000000000
-0.022000000000000	0.000000000000000
-0.021000000000000	0.000000000000000
-0.020000000000000	0.000000000000000
-0.019000000000000	0.000000000000000
-0.018000000000000	0.000000000000000
-0.017000000000000	0.000000000000000
-0.016000000000000	0.000000000000000
-0.015000000000000	0.000000000000000
-0.014000000000000	0.000000000000000
-0.013000000000000	0.000000000000000
-0.012000000000000	0.000000000000000
-0.011000000000000	0.000000000000000
-0.010000000000000	0.000000000000000
-0.009000000000000	0.000000000000000
-0.008000000000000	0.000000000000000
-0.007000000000000	0.000000000000000
-0.006000000000000	1.812065464865066
-0.005000000000000	7.211091228766301
-0.004000000000000	17.965476004079537
-0.003000000000000	26.779190381876926
-0.002000000000000	34.120918984024598
-0.001000000000000	31.618551682701590
0.000000000000000	28.472397267184643
0.001000000000000	30.005540515359851
0.002000000000000	12.756309241088314
0.003000000000000	8.930619826424714
0.004000000000000	8.944421415287113
0.005000000000000	8.171640895744932
0.006000000000000	10.340706143762713
0.007000000000000	5.290828058237153
0.008000000000000	1.015788687885783
0.009000000000000	0.587831474367124
0.010000000000000	0.842038140686881
0.011000000000000	0.628182138127643
0.012000000000000	0.413206303064637
0.013000000000000	0.396562008062616
0.014000000000000	0.166477576980170
0.015000000000000	0.000000000000000
0.016000000000000	0.000000000000000
0.017000000000000	0.000000000000000
0.018000000000000	0.000000000000000
0.019000000000000	0.000000000000000
0.020000000000000	0.000000000000000
0.021000000000000	0.000000000000000
0.022000000000000	0.000000000000000
0.023000000000000	0.000000000000000
0.024000000000000	0.000000000000000
0.025000000000000	0.000000000000000
