-0.025000000000000	0.000000000000000
-0.024000000000000	0.000000000000000
-0.023000000000000	0.000000000000000
-0.022000000000000	0.000000000000000
-0.021000000000000	0.000000000000000
-0.020000000000000	0.000000000000000
-0.019000000000000	0.000000000000000
-0.018000000000000	0.000000000000000
-0.017000000000000	0.000000000000000
-0.016000000000000	0.000000000000000
-0.015000000000000	0.000000000000000
-0.014000000000000	0.000000000000000
-0.013000000000000	0.000000000000000
-0.012000000000000	0.000000000000000
-0.011000000000000	0.305948306721652
-0.010000000000000	1.283366800327181
-0.009000000000000	2.554157842325784
-0.008000000000000	4.015010691487560
-0.007000000000000	8.808105543004485
-0.006000000000000	12.064341693708679
-0.005000000000000	13.825406992128137
-0.004000000000000	16.781500915700143
-0.003000000000000	14.624068995537515
-0.002000000000000	14.029678095097621
-0.001000000000000	13.635644120346445
0.000000000000000	13.992407152242158
0.001000000000000	13.782315482275932
0.002000000000000	11.938847078045686
0.003000000000000	15.431787049402908
0.004000000000000	12.858212402401607
0.005000000000000	2.951269617080752
0.006000000000000	2.725873898028480
0.007000000000000	1.351304034339985
0.008000000000000	2.797737113651312
0.009000000000000	2.294644849144147
0.010000000000000	2.213667087631801
0.011000000000000	2.213575509414464
0.012000000000000	3.478105113992702
0.013000000000000	4.151826831714822
0.014000000000000	0.683883464670710
0.015000000000000	0.671636352520461
0.016000000000000	0.533992060709227
0.017000000000000	0.645001907065365
0.018000000000000	0.525152392068149
0.019000000000000	0.524832804005275
0.020000000000000	0.375332579652742
0.021000000000000	0.000000000000000
0.022000000000000	0.000000000000000
0.023000000000000	0.000000000000000
0.024000000000000	0.000000000000000
0.025000000000000	0.000000000000000
