-0.025000000000000	0.000000000000000
-0.024000000000000	0.000000000000000
-0.023000000000000	0.000000000000000
-0.022000000000000	0.000000000000000
-0.021000000000000	0.000000000000000
-0.020000000000000	0.000000000000000
-0.019000000000000	0.000000000000000
-0.018000000000000	0.097518687474084
-0.017000000000000	0.919820534657626
-0.016000000000000	1.132625360912763
-0.015000000000000	1.077409625964987
-0.014000000000000	0.788011202984204
-0.013000000000000	0.897952080271461
-0.012000000000000	1.900381638232657
-0.011000000000000	2.047907349620483
-0.010000000000000	1.693093637127613
-0.009000000000000	1.733508604032739
-0.008000000000000	2.128506135097044
-0.007000000000000	1.935112817400047
-0.006000000000000	6.244688825871991
-0.005000000000000	14.562379111375630
-0.004000000000000	19.518705572757625
-0.003000000000000	23.737102066063059
-0.002000000000000	25.241183706600687
-0.001000000000000	20.947620121455213
0.000000000000000	22.956410244178727
0.001000000000000	15.687326096880982
0.002000000000000	12.065466463874870
0.003000000000000	11.384840943077572
0.004000000000000	14.509841695220851
0.005000000000000	14.993914735840715
0.006000000000000	13.769245465885117
0.007000000000000	9.516810734536094
0.008000000000000	5.690987162791138
0.009000000000000	2.467761212000612
0.010000000000000	2.283137277955777
0.011000000000000	3.045235612051733
0.012000000000000	1.766335722218144
0.013000000000000	0.605873463202919
0.014000000000000	0.186652551385369
0.015000000000000	0.000000000000000
0.016000000000000	0.000000000000000
0.017000000000000	0.000000000000000
0.018000000000000	0.000000000000000
0.019000000000000	0.000000000000000
0.020000000000000	0.000000000000000
0.021000000000000	0.000000000000000
0.022000000000000	0.000000000000000
0.023000000000000	0.000000000000000
0.024000000000000	0.000000000000000
0.025000000000000	0.000000000000000
