-0.025000000000000	0.000000000000000
-0.024000000000000	0.000000000000000
-0.023000000000000	0.000000000000000
-0.022000000000000	0.000000000000000
-0.021000000000000	0.000000000000000
-0.020000000000000	0.000000000000000
-0.019000000000000	0.000000000000000
-0.018000000000000	0.000000000000000
-0.017000000000000	0.000000000000000
-0.016000000000000	0.000000000000000
-0.015000000000000	0.000000000000000
-0.014000000000000	0.000000000000000
-0.013000000000000	0.000000000000000
-0.012000000000000	0.000000000000000
-0.011000000000000	0.000000000000000
-0.010000000000000	0.000000000000000
-0.009000000000000	0.311462008260558
-0.008000000000000	1.138408540689731
-0.007000000000000	1.748192840806695
-0.006000000000000	8.126665596665841
-0.005000000000000	20.089421991452330
-0.004000000000000	34.367399629017676
-0.003000000000000	38.164335969247091
-0.002000000000000	29.227301360508797
-0.001000000000000	25.075354185449346
0.000000000000000	24.737562263569625
0.001000000000000	26.690035192902453
0.002000000000000	16.667742218846712
0.003000000000000	12.099393457418046
0.004000000000000	11.455151196590490
0.005000000000000	9.654319372151624
0.006000000000000	10.784359371015979
0.007000000000000	9.669278937525688
0.008000000000000	3.240272789439998
0.009000000000000	1.000305352005695
0.010000000000000	1.047795062885135
0.011000000000000	1.224831116023453
0.012000000000000	1.368508606281605
0.013000000000000	1.025761324793037
0.014000000000000	1.618989003370630
0.015000000000000	1.718355439978942
0.016000000000000	2.592464550454563
0.017000000000000	0.321696193742035
0.018000000000000	0.000000000000000
0.019000000000000	0.000000000000000
0.020000000000000	0.000000000000000
0.021000000000000	0.000000000000000
0.022000000000000	0.000000000000000
0.023000000000000	0.000000000000000
0.024000000000000	0.000000000000000
0.025000000000000	0.000000000000000
