-0.025000000000000	0.000000000000000
-0.024000000000000	0.000000000000000
-0.023000000000000	0.000000000000000
-0.022000000000000	0.000000000000000
-0.021000000000000	0.000000000000000
-0.020000000000000	0.000000000000000
-0.019000000000000	0.000000000000000
-0.018000000000000	0.000000000000000
-0.017000000000000	0.000000000000000
-0.016000000000000	0.000000000000000
-0.015000000000000	0.000000000000000
-0.014000000000000	0.000000000000000
-0.013000000000000	0.000000000000000
-0.012000000000000	0.013110409505455
-0.011000000000000	0.999919345640703
-0.010000000000000	1.476625555494601
-0.009000000000000	1.185294102249373
-0.008000000000000	1.339643354838989
-0.007000000000000	1.261945314485284
-0.006000000000000	8.698404169662423
-0.005000000000000	23.888856182330045
-0.004000000000000	30.791271191649397
-0.003000000000000	30.585292595043924
-0.002000000000000	25.012137777179070
-0.001000000000000	22.005846951085008
0.000000000000000	17.942513638283671
0.001000000000000	12.854314179468583
0.002000000000000	10.678369159397812
0.003000000000000	11.149677179269998
0.004000000000000	13.260768704291046
0.005000000000000	10.987516457043858
0.006000000000000	3.427087857591589
0.007000000000000	2.402270602068641
0.008000000000000	2.608047762491879
0.009000000000000	1.360433739833298
0.010000000000000	1.912424363160662
0.011000000000000	2.122639797146777
0.012000000000000	1.939217579310768
0.013000000000000	2.353232628970593
0.014000000000000	2.216891690875497
0.015000000000000	4.573779111757050
0.016000000000000	3.089029635601400
0.017000000000000	0.500659995637391
0.018000000000000	0.415866840835328
0.019000000000000	0.333553582563258
0.020000000000000	0.040937874636786
0.021000000000000	0.000000000000000
0.022000000000000	0.000000000000000
0.023000000000000	0.000000000000000
0.024000000000000	0.000000000000000
0.025000000000000	0.000000000000000
