-0.025000000000000	0.000000000000000
-0.024000000000000	0.000000000000000
-0.023000000000000	0.000000000000000
-0.022000000000000	0.000000000000000
-0.021000000000000	0.000000000000000
-0.020000000000000	0.000000000000000
-0.019000000000000	0.000000000000000
-0.018000000000000	0.000000000000000
-0.017000000000000	0.000000000000000
-0.016000000000000	0.000000000000000
-0.015000000000000	0.000000000000000
-0.014000000000000	0.000000000000000
-0.013000000000000	0.000000000000000
-0.012000000000000	0.000000000000000
-0.011000000000000	0.096056682028909
-0.010000000000000	1.189985590472372
-0.009000000000000	1.182066789979450
-0.008000000000000	2.953534996132011
-0.007000000000000	3.680484426871673
-0.006000000000000	5.222276360559619
-0.005000000000000	8.355234528732810
-0.004000000000000	16.788346853438210
-0.003000000000000	29.895347167042580
-0.002000000000000	44.250630605357074
-0.001000000000000	46.294104544655198
0.000000000000000	39.096314549253961
0.001000000000000	30.341508724232220
0.002000000000000	16.160053741787216
0.003000000000000	6.079703826664884
0.004000000000000	2.987827045964959
0.005000000000000	2.797473049498464
0.006000000000000	1.656646800209453
0.007000000000000	3.270124600658149
0.008000000000000	2.670394482803175
0.009000000000000	1.932475286835508
0.010000000000000	2.017347797455260
0.011000000000000	1.267606651237152
0.012000000000000	2.683078937976799
0.013000000000000	2.327711026471093
0.014000000000000	1.513264499105713
0.015000000000000	2.836807347671742
0.016000000000000	5.306850432207368
0.017000000000000	1.002167319543965
0.018000000000000	0.087420088478107
0.019000000000000	0.000000000000000
0.020000000000000	0.000000000000000
0.021000000000000	0.000000000000000
0.022000000000000	0.000000000000000
0.023000000000000	0.000000000000000
0.024000000000000	0.000000000000000
0.025000000000000	0.000000000000000
