-0.025000000000000	0.000000000000000
-0.024000000000000	0.000000000000000
-0.023000000000000	0.000000000000000
-0.022000000000000	0.000000000000000
-0.021000000000000	0.000000000000000
-0.020000000000000	0.000000000000000
-0.019000000000000	0.000000000000000
-0.018000000000000	0.000000000000000
-0.017000000000000	0.000000000000000
-0.016000000000000	0.000000000000000
-0.015000000000000	0.000000000000000
-0.014000000000000	0.000000000000000
-0.013000000000000	0.000000000000000
-0.012000000000000	0.000000000000000
-0.011000000000000	0.000000000000000
-0.010000000000000	0.336158700564312
-0.009000000000000	0.877245071478491
-0.008000000000000	3.774887716016867
-0.007000000000000	6.258099158363210
-0.006000000000000	6.990696431382554
-0.005000000000000	13.365109914944943
-0.004000000000000	27.705020561213008
-0.003000000000000	25.695151636792165
-0.002000000000000	20.962420919781753
-0.001000000000000	20.703745688258675
0.000000000000000	19.861596625591190
0.001000000000000	14.824391604532190
0.002000000000000	11.460375466605292
0.003000000000000	10.290957474483005
0.004000000000000	4.064858416000950
0.005000000000000	2.954651525893147
0.006000000000000	2.577145935777886
0.007000000000000	2.961186578980359
0.008000000000000	3.502368050241439
0.009000000000000	4.155905052663646
0.010000000000000	3.996971212796082
0.011000000000000	3.906445349781628
0.012000000000000	3.514177243485512
0.013000000000000	3.549727903506740
0.014000000000000	1.550321902452414
0.015000000000000	0.389181726173250
0.016000000000000	0.790404005788201
0.017000000000000	0.461847373647259
0.018000000000000	0.511423818596256
0.019000000000000	0.530833744352164
0.020000000000000	0.178135922039770
0.021000000000000	0.000000000000000
0.022000000000000	0.000000000000000
0.023000000000000	0.000000000000000
0.024000000000000	0.000000000000000
0.025000000000000	0.000000000000000
