-0.025000000000000	0.000000000000000
-0.024000000000000	0.000000000000000
-0.023000000000000	0.000000000000000
-0.022000000000000	0.000000000000000
-0.021000000000000	0.000000000000000
-0.020000000000000	0.000000000000000
-0.019000000000000	0.000000000000000
-0.018000000000000	0.000000000000000
-0.017000000000000	0.000000000000000
-0.016000000000000	0.000000000000000
-0.015000000000000	0.000000000000000
-0.014000000000000	0.000000000000000
-0.013000000000000	0.000000000000000
-0.012000000000000	0.000000000000000
-0.011000000000000	0.000257367804224
-0.010000000000000	1.310333816546846
-0.009000000000000	2.719470354781589
-0.008000000000000	2.682981257270332
-0.007000000000000	3.546275062914912
-0.006000000000000	10.506441544127910
-0.005000000000000	15.228558297805435
-0.004000000000000	14.750605100473500
-0.003000000000000	21.977119934634757
-0.002000000000000	29.881007919674254
-0.001000000000000	25.773889747133310
0.000000000000000	25.369280838207278
0.001000000000000	25.178411939511665
0.002000000000000	18.806251341803538
0.003000000000000	10.737454444204928
0.004000000000000	9.967523986717337
0.005000000000000	12.324867874813286
0.006000000000000	11.186900415587308
0.007000000000000	5.480813759220689
0.008000000000000	2.507723673523330
0.009000000000000	1.911818534859113
0.010000000000000	2.732917369022201
0.011000000000000	1.750460903741156
0.012000000000000	0.735636555186249
0.013000000000000	0.636027494402245
0.014000000000000	0.622294578346398
0.015000000000000	0.497018266339817
0.016000000000000	0.393020205563050
0.017000000000000	0.477838382318687
0.018000000000000	0.063028888701703
0.019000000000000	0.000000000000000
0.020000000000000	0.000000000000000
0.021000000000000	0.000000000000000
0.022000000000000	0.000000000000000
0.023000000000000	0.000000000000000
0.024000000000000	0.000000000000000
0.025000000000000	0.000000000000000
