-0.025000000000000	0.000000000000000
-0.024000000000000	0.000000000000000
-0.023000000000000	0.000000000000000
-0.022000000000000	0.000000000000000
-0.021000000000000	0.000000000000000
-0.020000000000000	0.000000000000000
-0.019000000000000	0.000000000000000
-0.018000000000000	0.000000000000000
-0.017000000000000	0.000000000000000
-0.016000000000000	0.000000000000000
-0.015000000000000	0.000000000000000
-0.014000000000000	0.000000000000000
-0.013000000000000	0.000000000000000
-0.012000000000000	0.000000000000000
-0.011000000000000	0.936903614338400
-0.010000000000000	2.308746387605131
-0.009000000000000	3.874565262596135
-0.008000000000000	5.355698740141709
-0.007000000000000	10.109562260987872
-0.006000000000000	15.306920814860101
-0.005000000000000	17.194745013013559
-0.004000000000000	27.868014326294038
-0.003000000000000	33.925033931461989
-0.002000000000000	26.514495318926677
-0.001000000000000	24.637043978948814
0.000000000000000	29.105839238660398
0.001000000000000	33.886782034880198
0.002000000000000	15.605477567026314
0.003000000000000	7.829573143985788
0.004000000000000	6.549114956773903
0.005000000000000	5.688212279336836
0.006000000000000	4.897916935220138
0.007000000000000	5.387504131780479
0.008000000000000	8.372725688753759
0.009000000000000	7.187263957862667
0.010000000000000	6.126765127029849
0.011000000000000	6.356945624531027
0.012000000000000	4.255501131940443
0.013000000000000	3.859529260742826
0.014000000000000	2.175348694115569
0.015000000000000	1.718057887258367
0.016000000000000	1.089673360115020
0.017000000000000	0.178977642240033
0.018000000000000	0.000000000000000
0.019000000000000	0.000000000000000
0.020000000000000	0.000000000000000
0.021000000000000	0.000000000000000
0.022000000000000	0.000000000000000
0.023000000000000	0.000000000000000
0.024000000000000	0.000000000000000
0.025000000000000	0.000000000000000
