-0.025000000000000	0.000000000000000
-0.024000000000000	0.000000000000000
-0.023000000000000	0.000000000000000
-0.022000000000000	0.000000000000000
-0.021000000000000	0.000000000000000
-0.020000000000000	0.000000000000000
-0.019000000000000	0.000000000000000
-0.018000000000000	0.000000000000000
-0.017000000000000	0.028690734845840
-0.016000000000000	1.115604288375246
-0.015000000000000	1.391571705241691
-0.014000000000000	1.013416779685795
-0.013000000000000	0.929794523087019
-0.012000000000000	1.059214815553699
-0.011000000000000	0.905856015436070
-0.010000000000000	2.121288049946399
-0.009000000000000	3.487881174985031
-0.008000000000000	5.832555967504836
-0.007000000000000	6.370544160117083
-0.006000000000000	7.907400137936874
-0.005000000000000	17.650274086535372
-0.004000000000000	22.130695971423645
-0.003000000000000	20.145897852782994
-0.002000000000000	15.757380735704476
-0.001000000000000	13.353382662043526
0.000000000000000	11.105634646728284
0.001000000000000	11.181098548042316
0.002000000000000	15.116848102127596
0.003000000000000	15.593773716087467
0.004000000000000	11.104457984930505
0.005000000000000	8.564214176479956
0.006000000000000	7.478574407694922
0.007000000000000	5.233936144094364
0.008000000000000	2.905406219081275
0.009000000000000	3.510991485474173
0.010000000000000	2.980251406905265
0.011000000000000	3.133155892365852
0.012000000000000	2.387252073569516
0.013000000000000	2.402750087121835
0.014000000000000	1.570600746901403
0.015000000000000	1.176055905680575
0.016000000000000	1.510573758129978
0.017000000000000	1.464522610541320
0.018000000000000	1.250066761920786
0.019000000000000	0.548155288946082
0.020000000000000	0.190755972901504
0.021000000000000	0.000000000000000
0.022000000000000	0.000000000000000
0.023000000000000	0.000000000000000
0.024000000000000	0.000000000000000
0.025000000000000	0.000000000000000
