-0.025000000000000	0.000000000000000
-0.024000000000000	0.000000000000000
-0.023000000000000	0.000000000000000
-0.022000000000000	0.000000000000000
-0.021000000000000	0.000000000000000
-0.020000000000000	0.000000000000000
-0.019000000000000	0.000000000000000
-0.018000000000000	0.000000000000000
-0.017000000000000	0.208338202961974
-0.016000000000000	1.181477561032900
-0.015000000000000	1.372554128804276
-0.014000000000000	1.109718113945281
-0.013000000000000	1.035577697153260
-0.012000000000000	1.997453316328458
-0.011000000000000	2.874881622542548
-0.010000000000000	2.711490293518639
-0.009000000000000	3.212787220352883
-0.008000000000000	5.121287744966064
-0.007000000000000	6.157956085264748
-0.006000000000000	8.302323838096337
-0.005000000000000	14.735112155000378
-0.004000000000000	20.203883263475216
-0.003000000000000	24.564651421266714
-0.002000000000000	29.561920571691427
-0.001000000000000	25.018348254336502
0.000000000000000	30.019988702272183
0.001000000000000	20.724555594533822
0.002000000000000	14.763723707428552
0.003000000000000	13.639606527726954
0.004000000000000	6.772092241275262
0.005000000000000	3.375812443383481
0.006000000000000	3.216274346834336
0.007000000000000	2.564668593728001
0.008000000000000	2.608799436911271
0.009000000000000	3.184421241443615
0.010000000000000	1.790553260635283
0.011000000000000	2.933937115116561
0.012000000000000	3.133894051855063
0.013000000000000	3.372744058209131
0.014000000000000	6.072150206189938
0.015000000000000	5.134119320858956
0.016000000000000	2.573703051829679
0.017000000000000	2.678271408165100
0.018000000000000	1.305576102491728
0.019000000000000	0.153855189848889
0.020000000000000	0.000000000000000
0.021000000000000	0.000000000000000
0.022000000000000	0.000000000000000
0.023000000000000	0.000000000000000
0.024000000000000	0.000000000000000
0.025000000000000	0.000000000000000
