-0.025000000000000	0.000000000000000
-0.024000000000000	0.000000000000000
-0.023000000000000	0.000000000000000
-0.022000000000000	0.000000000000000
-0.021000000000000	0.000000000000000
-0.020000000000000	0.000000000000000
-0.019000000000000	0.000000000000000
-0.018000000000000	0.000000000000000
-0.017000000000000	0.000000000000000
-0.016000000000000	0.000000000000000
-0.015000000000000	0.000000000000000
-0.014000000000000	0.079265170531000
-0.013000000000000	1.680448419731875
-0.012000000000000	2.433088520074131
-0.011000000000000	1.743612509460574
-0.010000000000000	3.266456070383745
-0.009000000000000	3.693532952933848
-0.008000000000000	3.304334867134212
-0.007000000000000	3.871354286243724
-0.006000000000000	7.373757024570693
-0.005000000000000	15.605666512040994
-0.004000000000000	27.018930064168991
-0.003000000000000	22.115243044253408
-0.002000000000000	19.903887429021921
-0.001000000000000	18.175208571718255
0.000000000000000	17.641934529336751
0.001000000000000	11.152591968771858
0.002000000000000	7.554978031089428
0.003000000000000	6.362845025303987
0.004000000000000	6.473646029693442
0.005000000000000	5.402420888458566
0.006000000000000	4.318197642622536
0.007000000000000	4.457684182962157
0.008000000000000	5.143734047717683
0.009000000000000	4.725164770135589
0.010000000000000	3.753748001045107
0.011000000000000	3.086604112139292
0.012000000000000	2.829773264061443
0.013000000000000	3.299803462225781
0.014000000000000	2.979109888953487
0.015000000000000	2.346207667048885
0.016000000000000	1.105860465250681
0.017000000000000	1.730116273479045
0.018000000000000	1.526096579486234
0.019000000000000	0.251377333637665
0.020000000000000	0.068424612113476
0.021000000000000	0.000000000000000
0.022000000000000	0.000000000000000
0.023000000000000	0.000000000000000
0.024000000000000	0.000000000000000
0.025000000000000	0.000000000000000
