-0.025000000000000	0.000000000000000
-0.024000000000000	0.000000000000000
-0.023000000000000	0.000000000000000
-0.022000000000000	0.000000000000000
-0.021000000000000	0.000000000000000
-0.020000000000000	0.000000000000000
-0.019000000000000	0.000000000000000
-0.018000000000000	0.000000000000000
-0.017000000000000	0.000000000000000
-0.016000000000000	0.000000000000000
-0.015000000000000	0.000000000000000
-0.014000000000000	0.000000000000000
-0.013000000000000	0.000000000000000
-0.012000000000000	0.115816297884463
-0.011000000000000	1.391264311005046
-0.010000000000000	1.299608212364204
-0.009000000000000	2.223815944360044
-0.008000000000000	6.100833865493491
-0.007000000000000	7.816809561284138
-0.006000000000000	12.062726629759776
-0.005000000000000	16.640200482427407
-0.004000000000000	25.318803386511401
-0.003000000000000	29.417475254315487
-0.002000000000000	24.943401078314562
-0.001000000000000	23.059005771080816
0.000000000000000	16.683721751117872
0.001000000000000	13.315192401359253
0.002000000000000	9.396623963310772
0.003000000000000	5.797000496894855
0.004000000000000	5.335040660628152
0.005000000000000	5.097372018145657
0.006000000000000	5.627668827689772
0.007000000000000	4.531488262397468
0.008000000000000	4.805793063293161
0.009000000000000	5.187088578119901
0.010000000000000	5.568594952782481
0.011000000000000	5.252273510764027
0.012000000000000	4.814261423885016
0.013000000000000	6.175191920981066
0.014000000000000	2.121742524564382
0.015000000000000	1.199158615351178
0.016000000000000	0.606021552854743
0.017000000000000	0.219036675434801
0.018000000000000	0.534301875299829
0.019000000000000	0.097000119682971
0.020000000000000	0.000000000000000
0.021000000000000	0.000000000000000
0.022000000000000	0.000000000000000
0.023000000000000	0.000000000000000
0.024000000000000	0.000000000000000
0.025000000000000	0.000000000000000
