-0.025000000000000	0.000000000000000
-0.024000000000000	0.000000000000000
-0.023000000000000	0.000000000000000
-0.022000000000000	0.000000000000000
-0.021000000000000	0.000000000000000
-0.020000000000000	0.000000000000000
-0.019000000000000	0.000000000000000
-0.018000000000000	0.000000000000000
-0.017000000000000	0.000000000000000
-0.016000000000000	0.000000000000000
-0.015000000000000	0.000000000000000
-0.014000000000000	0.000000000000000
-0.013000000000000	0.000000000000000
-0.012000000000000	0.000000000000000
-0.011000000000000	0.000000000000000
-0.010000000000000	0.000000000000000
-0.009000000000000	0.000000000000000
-0.008000000000000	0.000000000000000
-0.007000000000000	0.491706767540605
-0.006000000000000	8.333340431411177
-0.005000000000000	16.394947589110824
-0.004000000000000	22.320931903576795
-0.003000000000000	30.418498204267252
-0.002000000000000	34.013570436035877
-0.001000000000000	31.570522597276579
0.000000000000000	25.485893492257023
0.001000000000000	21.280060048578882
0.002000000000000	15.882982994968026
0.003000000000000	11.991874192581818
0.004000000000000	11.002222166365291
0.005000000000000	13.240659140365018
0.006000000000000	10.324633552167256
0.007000000000000	2.840210638045002
0.008000000000000	2.413424845575603
0.009000000000000	2.569410086262642
0.010000000000000	1.559955523920593
0.011000000000000	1.900747403666184
0.012000000000000	2.064939182420773
0.013000000000000	1.208663483369642
0.014000000000000	1.115951864330649
0.015000000000000	0.077745869263223
0.016000000000000	0.000000000000000
0.017000000000000	0.000000000000000
0.018000000000000	0.000000000000000
0.019000000000000	0.000000000000000
0.020000000000000	0.000000000000000
0.021000000000000	0.000000000000000
0.022000000000000	0.000000000000000
0.023000000000000	0.000000000000000
0.024000000000000	0.000000000000000
0.025000000000000	0.000000000000000
