-0.025000000000000	0.000000000000000
-0.024000000000000	0.000000000000000
-0.023000000000000	0.000000000000000
-0.022000000000000	0.000000000000000
-0.021000000000000	0.000000000000000
-0.020000000000000	0.000000000000000
-0.019000000000000	0.000000000000000
-0.018000000000000	0.000000000000000
-0.017000000000000	0.000000000000000
-0.016000000000000	0.000000000000000
-0.015000000000000	0.105716847525718
-0.014000000000000	0.977611883002121
-0.013000000000000	1.363046519835116
-0.012000000000000	2.874580188755286
-0.011000000000000	5.300479104629402
-0.010000000000000	6.159293193722684
-0.009000000000000	5.656891369772864
-0.008000000000000	6.936917668748381
-0.007000000000000	9.804061003932862
-0.006000000000000	15.482213449886329
-0.005000000000000	21.757839065787088
-0.004000000000000	22.734670341692510
-0.003000000000000	21.422256294334556
-0.002000000000000	26.993540477713115
-0.001000000000000	26.202761168632460
0.000000000000000	25.468940657979587
0.001000000000000	23.190875396700690
0.002000000000000	16.116436226089029
0.003000000000000	11.969642933186954
0.004000000000000	9.412297776424156
0.005000000000000	9.444070370504118
0.006000000000000	8.249178259767575
0.007000000000000	8.251976224475959
0.008000000000000	6.444282953473773
0.009000000000000	5.828064054885379
0.010000000000000	5.029976819474307
0.011000000000000	4.496608857084427
0.012000000000000	4.656513713343932
0.013000000000000	5.090985082319485
0.014000000000000	5.635808381015857
0.015000000000000	6.874888955039975
0.016000000000000	0.789289647965321
0.017000000000000	0.039843805741440
0.018000000000000	0.000000000000000
0.019000000000000	0.000000000000000
0.020000000000000	0.000000000000000
0.021000000000000	0.000000000000000
0.022000000000000	0.000000000000000
0.023000000000000	0.000000000000000
0.024000000000000	0.000000000000000
0.025000000000000	0.000000000000000
