-0.025000000000000	0.000000000000000
-0.024000000000000	0.000000000000000
-0.023000000000000	0.000000000000000
-0.022000000000000	0.000000000000000
-0.021000000000000	0.000000000000000
-0.020000000000000	0.000000000000000
-0.019000000000000	0.000000000000000
-0.018000000000000	0.000000000000000
-0.017000000000000	0.000000000000000
-0.016000000000000	0.000000000000000
-0.015000000000000	0.000000000000000
-0.014000000000000	0.000000000000000
-0.013000000000000	0.000000000000000
-0.012000000000000	0.203419093388518
-0.011000000000000	1.367190343784341
-0.010000000000000	2.090653402320052
-0.009000000000000	2.466565381147147
-0.008000000000000	2.020159488959587
-0.007000000000000	5.372971143334325
-0.006000000000000	15.911078703895170
-0.005000000000000	21.894452259636850
-0.004000000000000	21.143383747160733
-0.003000000000000	21.737267144860272
-0.002000000000000	18.236457947693868
-0.001000000000000	12.774086001361628
0.000000000000000	11.987365670085657
0.001000000000000	13.871103959010915
0.002000000000000	11.244294789098285
0.003000000000000	12.392751373684664
0.004000000000000	11.700655514106961
0.005000000000000	16.006006910794603
0.006000000000000	9.414482491405828
0.007000000000000	3.780784433914900
0.008000000000000	3.022118950964077
0.009000000000000	1.661161982398099
0.010000000000000	1.693108177988273
0.011000000000000	2.336519443400606
0.012000000000000	3.597179129694872
0.013000000000000	4.498670224210480
0.014000000000000	0.821902759533059
0.015000000000000	0.410046138379659
0.016000000000000	0.780659561434689
0.017000000000000	0.542831369873443
0.018000000000000	0.513246643343483
0.019000000000000	0.268741808792457
0.020000000000000	0.000000000000000
0.021000000000000	0.000000000000000
0.022000000000000	0.000000000000000
0.023000000000000	0.000000000000000
0.024000000000000	0.000000000000000
0.025000000000000	0.000000000000000
