-0.025000000000000	0.000000000000000
-0.024000000000000	0.000000000000000
-0.023000000000000	0.000000000000000
-0.022000000000000	0.000000000000000
-0.021000000000000	0.000000000000000
-0.020000000000000	0.000000000000000
-0.019000000000000	0.000000000000000
-0.018000000000000	0.000000000000000
-0.017000000000000	0.000000000000000
-0.016000000000000	0.000000000000000
-0.015000000000000	0.000000000000000
-0.014000000000000	0.000000000000000
-0.013000000000000	0.000000000000000
-0.012000000000000	0.000000000000000
-0.011000000000000	0.409349556995959
-0.010000000000000	1.898460838887255
-0.009000000000000	6.034621860108552
-0.008000000000000	7.762120617900212
-0.007000000000000	9.905897383355846
-0.006000000000000	11.614270704766003
-0.005000000000000	14.692228104168819
-0.004000000000000	20.030365385237914
-0.003000000000000	36.526615779601798
-0.002000000000000	39.881858000237550
-0.001000000000000	36.940123881039248
0.000000000000000	28.829952303546325
0.001000000000000	20.245158750065258
0.002000000000000	11.144947019159495
0.003000000000000	4.960825411095165
0.004000000000000	4.206022317388658
0.005000000000000	4.725032634787571
0.006000000000000	3.794394580861396
0.007000000000000	3.614041122181442
0.008000000000000	4.269483843857113
0.009000000000000	3.565662534212315
0.010000000000000	2.835782918862882
0.011000000000000	3.730187761562519
0.012000000000000	3.547685395501426
0.013000000000000	3.794091786845622
0.014000000000000	3.862811144368652
0.015000000000000	3.651244927102037
0.016000000000000	3.213343568962315
0.017000000000000	3.207748528877828
0.018000000000000	1.544637886846368
0.019000000000000	0.676197367839416
0.020000000000000	0.717032828011596
0.021000000000000	0.491862023491453
0.022000000000000	0.232981197021963
0.023000000000000	0.000000000000000
0.024000000000000	0.000000000000000
0.025000000000000	0.000000000000000
