-0.025000000000000	0.000000000000000
-0.024000000000000	0.000000000000000
-0.023000000000000	0.000000000000000
-0.022000000000000	0.000000000000000
-0.021000000000000	0.000000000000000
-0.020000000000000	0.000000000000000
-0.019000000000000	0.000000000000000
-0.018000000000000	0.000000000000000
-0.017000000000000	0.000000000000000
-0.016000000000000	0.000000000000000
-0.015000000000000	0.000000000000000
-0.014000000000000	0.000000000000000
-0.013000000000000	0.022818707352712
-0.012000000000000	0.799548878392223
-0.011000000000000	0.943432638418532
-0.010000000000000	1.250131709465550
-0.009000000000000	0.866207856789903
-0.008000000000000	3.199325829198655
-0.007000000000000	13.000153026235539
-0.006000000000000	15.673658063618239
-0.005000000000000	15.310206097075444
-0.004000000000000	15.882889121877877
-0.003000000000000	17.307599808861642
-0.002000000000000	21.348910496331147
-0.001000000000000	21.756332083100663
0.000000000000000	23.171884721146917
0.001000000000000	21.059262467330960
0.002000000000000	15.630520532161430
0.003000000000000	8.264313627095889
0.004000000000000	8.154074246277386
0.005000000000000	9.666747071972477
0.006000000000000	8.053840901376613
0.007000000000000	13.113051136546975
0.008000000000000	10.561593846634382
0.009000000000000	4.217552845202618
0.010000000000000	3.145699387519703
0.011000000000000	3.003601556947397
0.012000000000000	1.989004735348059
0.013000000000000	0.055261290864471
0.014000000000000	0.000000000000000
0.015000000000000	0.000000000000000
0.016000000000000	0.000000000000000
0.017000000000000	0.000000000000000
0.018000000000000	0.000000000000000
0.019000000000000	0.000000000000000
0.020000000000000	0.000000000000000
0.021000000000000	0.000000000000000
0.022000000000000	0.000000000000000
0.023000000000000	0.000000000000000
0.024000000000000	0.000000000000000
0.025000000000000	0.000000000000000
