-0.025000000000000	0.000000000000000
-0.024000000000000	0.000000000000000
-0.023000000000000	0.000000000000000
-0.022000000000000	0.000000000000000
-0.021000000000000	0.000000000000000
-0.020000000000000	0.000000000000000
-0.019000000000000	0.000000000000000
-0.018000000000000	0.000000000000000
-0.017000000000000	0.000000000000000
-0.016000000000000	0.000000000000000
-0.015000000000000	0.000000000000000
-0.014000000000000	0.000000000000000
-0.013000000000000	0.000000000000000
-0.012000000000000	0.000000000000000
-0.011000000000000	0.000000000000000
-0.010000000000000	0.706285012416278
-0.009000000000000	2.488412362165699
-0.008000000000000	2.744885818465616
-0.007000000000000	3.321003922469714
-0.006000000000000	14.773568351768448
-0.005000000000000	22.316370707225079
-0.004000000000000	25.471047754959386
-0.003000000000000	31.109324213511670
-0.002000000000000	36.105837962732416
-0.001000000000000	27.990638430662361
0.000000000000000	23.952305220200120
0.001000000000000	24.417755940781799
0.002000000000000	18.615329161464256
0.003000000000000	12.879019186651542
0.004000000000000	13.573262834395342
0.005000000000000	14.082677251405247
0.006000000000000	8.570140238555334
0.007000000000000	4.516259761474734
0.008000000000000	4.247849989579502
0.009000000000000	2.379772640411176
0.010000000000000	2.825722395417693
0.011000000000000	2.976403560431671
0.012000000000000	2.752536067029414
0.013000000000000	3.278752059065188
0.014000000000000	0.200686427596655
0.015000000000000	0.524232837447225
0.016000000000000	0.993537918774481
0.017000000000000	0.634481417485557
0.018000000000000	0.314675053329750
0.019000000000000	0.205396841614082
0.020000000000000	1.050179083230917
0.021000000000000	0.153171931426886
0.022000000000000	0.070678076659739
0.023000000000000	0.000000000000000
0.024000000000000	0.000000000000000
0.025000000000000	0.000000000000000
