-0.025000000000000	0.000000000000000
-0.024000000000000	0.000000000000000
-0.023000000000000	0.000000000000000
-0.022000000000000	0.000000000000000
-0.021000000000000	0.000000000000000
-0.020000000000000	0.000000000000000
-0.019000000000000	0.000000000000000
-0.018000000000000	0.000000000000000
-0.017000000000000	0.000000000000000
-0.016000000000000	0.000000000000000
-0.015000000000000	0.000000000000000
-0.014000000000000	0.000000000000000
-0.013000000000000	0.000000000000000
-0.012000000000000	0.000000000000000
-0.011000000000000	0.000000000000000
-0.010000000000000	0.000000000000000
-0.009000000000000	0.000000000000000
-0.008000000000000	1.344966255726772
-0.007000000000000	5.722439524467410
-0.006000000000000	8.445651241247438
-0.005000000000000	14.431369904606834
-0.004000000000000	24.707139493455600
-0.003000000000000	27.739650399098903
-0.002000000000000	30.815307272138728
-0.001000000000000	25.879538462663199
0.000000000000000	27.706172757669165
0.001000000000000	18.222368596187504
0.002000000000000	16.450129857262901
0.003000000000000	17.595765796264271
0.004000000000000	17.291546891298232
0.005000000000000	9.103734683993876
0.006000000000000	4.285377510577084
0.007000000000000	4.129293994049120
0.008000000000000	3.270534443517788
0.009000000000000	3.627621562193832
0.010000000000000	3.278782026947129
0.011000000000000	2.587818187577688
0.012000000000000	1.259933365880920
0.013000000000000	0.801119929394997
0.014000000000000	0.669518274459885
0.015000000000000	0.137795817123279
0.016000000000000	0.251329875418974
0.017000000000000	0.546876192993218
0.018000000000000	0.119886389404521
0.019000000000000	0.000000000000000
0.020000000000000	0.000000000000000
0.021000000000000	0.000000000000000
0.022000000000000	0.000000000000000
0.023000000000000	0.000000000000000
0.024000000000000	0.000000000000000
0.025000000000000	0.000000000000000
