-0.025000000000000	0.000000000000000
-0.024000000000000	0.000000000000000
-0.023000000000000	0.000000000000000
-0.022000000000000	0.000000000000000
-0.021000000000000	0.000000000000000
-0.020000000000000	0.000000000000000
-0.019000000000000	0.145548816958488
-0.018000000000000	1.628808713114133
-0.017000000000000	2.059629637866901
-0.016000000000000	1.359361610201832
-0.015000000000000	1.989922915049219
-0.014000000000000	1.438389060340382
-0.013000000000000	0.979467116734148
-0.012000000000000	1.670527597399170
-0.011000000000000	2.555951286737232
-0.010000000000000	3.642320170422709
-0.009000000000000	4.160111131544145
-0.008000000000000	4.378831668998994
-0.007000000000000	7.276104356528721
-0.006000000000000	13.580915445717826
-0.005000000000000	13.789863905891027
-0.004000000000000	15.416950072319276
-0.003000000000000	15.654595117049450
-0.002000000000000	18.722847156624340
-0.001000000000000	17.445685637821999
0.000000000000000	12.414378308258748
0.001000000000000	13.642714317440880
0.002000000000000	11.622366819076298
0.003000000000000	8.906331502677475
0.004000000000000	5.883870316918814
0.005000000000000	6.617136051290752
0.006000000000000	6.399537453867246
0.007000000000000	6.080934094156490
0.008000000000000	8.204827417685699
0.009000000000000	7.154513084506045
0.010000000000000	4.650769524426136
0.011000000000000	3.601337042472281
0.012000000000000	5.998713463237039
0.013000000000000	6.046932074262331
0.014000000000000	3.093062672323264
0.015000000000000	1.870861626216109
0.016000000000000	0.713979082344272
0.017000000000000	0.517204678648934
0.018000000000000	0.533914919141903
0.019000000000000	0.077340486301554
0.020000000000000	0.000000000000000
0.021000000000000	0.000000000000000
0.022000000000000	0.000000000000000
0.023000000000000	0.000000000000000
0.024000000000000	0.000000000000000
0.025000000000000	0.000000000000000
