-0.025000000000000	0.000000000000000
-0.024000000000000	0.000000000000000
-0.023000000000000	0.000000000000000
-0.022000000000000	0.000000000000000
-0.021000000000000	0.000000000000000
-0.020000000000000	0.000000000000000
-0.019000000000000	0.000000000000000
-0.018000000000000	0.000000000000000
-0.017000000000000	0.000000000000000
-0.016000000000000	0.000000000000000
-0.015000000000000	0.000000000000000
-0.014000000000000	0.000000000000000
-0.013000000000000	0.000000000000000
-0.012000000000000	0.000000000000000
-0.011000000000000	0.000000000000000
-0.010000000000000	0.665313322671467
-0.009000000000000	2.494657093568994
-0.008000000000000	2.541419741782128
-0.007000000000000	4.449827526590562
-0.006000000000000	16.577677415583032
-0.005000000000000	20.320372987736899
-0.004000000000000	25.450945443076201
-0.003000000000000	27.575506075180105
-0.002000000000000	22.743628196563229
-0.001000000000000	17.748611698886808
0.000000000000000	17.805061631226650
0.001000000000000	12.629876826335275
0.002000000000000	11.512010295929821
0.003000000000000	13.086865412093809
0.004000000000000	25.929404669447496
0.005000000000000	21.826121075350265
0.006000000000000	4.934031613566672
0.007000000000000	1.597389829976383
0.008000000000000	2.181282875117243
0.009000000000000	1.559270874753166
0.010000000000000	1.779803638219867
0.011000000000000	1.324361539654511
0.012000000000000	1.301083178056840
0.013000000000000	1.553428339049161
0.014000000000000	0.755693945099457
0.015000000000000	1.244290064150491
0.016000000000000	0.665182011056333
0.017000000000000	0.813948850480498
0.018000000000000	0.301583553778037
0.019000000000000	0.854405828647245
0.020000000000000	0.604029140017800
0.021000000000000	0.569634342835608
0.022000000000000	0.092730348324375
0.023000000000000	0.000000000000000
0.024000000000000	0.000000000000000
0.025000000000000	0.000000000000000
