-0.025000000000000	0.000000000000000
-0.024000000000000	0.000000000000000
-0.023000000000000	0.000000000000000
-0.022000000000000	0.000000000000000
-0.021000000000000	0.000000000000000
-0.020000000000000	0.000000000000000
-0.019000000000000	0.000000000000000
-0.018000000000000	0.000000000000000
-0.017000000000000	0.000000000000000
-0.016000000000000	0.000000000000000
-0.015000000000000	0.000000000000000
-0.014000000000000	0.000000000000000
-0.013000000000000	0.000000000000000
-0.012000000000000	0.000000000000000
-0.011000000000000	0.247384474283000
-0.010000000000000	1.105527064876947
-0.009000000000000	1.524362272342483
-0.008000000000000	1.699669714228117
-0.007000000000000	4.784896044989529
-0.006000000000000	13.733710133470936
-0.005000000000000	24.993106655697421
-0.004000000000000	33.087008041908952
-0.003000000000000	40.225318895670810
-0.002000000000000	33.663819297587040
-0.001000000000000	30.434074992202049
0.000000000000000	23.271804086877921
0.001000000000000	19.175263458780307
0.002000000000000	14.101627195262671
0.003000000000000	6.610782885182476
0.004000000000000	6.330409215598690
0.005000000000000	4.878771723736674
0.006000000000000	5.716038348584497
0.007000000000000	3.930434117633240
0.008000000000000	3.079303722435244
0.009000000000000	3.639299579175272
0.010000000000000	3.617533516338082
0.011000000000000	3.593028418164295
0.012000000000000	2.866020219459878
0.013000000000000	3.929567047199494
0.014000000000000	5.470532246330762
0.015000000000000	6.086361721388474
0.016000000000000	2.936558400022051
0.017000000000000	0.863096447916019
0.018000000000000	0.304888835104836
0.019000000000000	0.000000000000000
0.020000000000000	0.000000000000000
0.021000000000000	0.000000000000000
0.022000000000000	0.000000000000000
0.023000000000000	0.000000000000000
0.024000000000000	0.000000000000000
0.025000000000000	0.000000000000000
