-0.025000000000000	0.000000000000000
-0.024000000000000	0.000000000000000
-0.023000000000000	0.000000000000000
-0.022000000000000	0.000000000000000
-0.021000000000000	0.000000000000000
-0.020000000000000	0.000000000000000
-0.019000000000000	0.317412712943457
-0.018000000000000	2.115131755426797
-0.017000000000000	1.568621788861985
-0.016000000000000	2.192549505050272
-0.015000000000000	1.244180941646557
-0.014000000000000	1.279360415588084
-0.013000000000000	1.511796663930802
-0.012000000000000	1.389209774528543
-0.011000000000000	2.483249017061546
-0.010000000000000	3.129154427325719
-0.009000000000000	4.000652159424399
-0.008000000000000	5.057884129512240
-0.007000000000000	9.204491451778249
-0.006000000000000	10.485926986186536
-0.005000000000000	13.903092312851967
-0.004000000000000	11.201823121007644
-0.003000000000000	13.309146155556903
-0.002000000000000	14.595519316987842
-0.001000000000000	14.382289501247300
0.000000000000000	14.660994934837138
0.001000000000000	11.594722343390638
0.002000000000000	8.047918849726253
0.003000000000000	6.410160348770147
0.004000000000000	5.475463097613421
0.005000000000000	4.659793919755600
0.006000000000000	7.076556512747088
0.007000000000000	6.079359577512204
0.008000000000000	7.654049170111597
0.009000000000000	8.037556775683262
0.010000000000000	3.674507754768186
0.011000000000000	4.747684284153309
0.012000000000000	6.253595740911233
0.013000000000000	6.038863465696562
0.014000000000000	2.038227993283883
0.015000000000000	1.133223263740804
0.016000000000000	0.919665988510938
0.017000000000000	0.586758135671188
0.018000000000000	0.400442532341601
0.019000000000000	0.336610568758513
0.020000000000000	0.000000000000000
0.021000000000000	0.000000000000000
0.022000000000000	0.000000000000000
0.023000000000000	0.000000000000000
0.024000000000000	0.000000000000000
0.025000000000000	0.000000000000000
