-0.025000000000000	0.000000000000000
-0.024000000000000	0.000000000000000
-0.023000000000000	0.000000000000000
-0.022000000000000	0.000000000000000
-0.021000000000000	0.000000000000000
-0.020000000000000	0.000000000000000
-0.019000000000000	0.000000000000000
-0.018000000000000	0.000000000000000
-0.017000000000000	0.000000000000000
-0.016000000000000	0.000000000000000
-0.015000000000000	0.000000000000000
-0.014000000000000	0.000000000000000
-0.013000000000000	0.000000000000000
-0.012000000000000	0.000000000000000
-0.011000000000000	0.000000000000000
-0.010000000000000	0.000000000000000
-0.009000000000000	0.000000000000000
-0.008000000000000	0.034970476105538
-0.007000000000000	2.528837015739925
-0.006000000000000	5.674516484182337
-0.005000000000000	8.712932637296966
-0.004000000000000	16.480568504659562
-0.003000000000000	32.414049891758644
-0.002000000000000	33.561238562056076
-0.001000000000000	23.357593876704108
0.000000000000000	25.416257231618701
0.001000000000000	19.786254929632179
0.002000000000000	16.201025510651881
0.003000000000000	13.946319874623784
0.004000000000000	6.719723328319106
0.005000000000000	2.974807849538049
0.006000000000000	2.691804340394035
0.007000000000000	2.479106555282626
0.008000000000000	2.283223388793128
0.009000000000000	1.259497364669895
0.010000000000000	2.065088122783787
0.011000000000000	1.667285755665158
0.012000000000000	1.660395080401561
0.013000000000000	1.517700171204546
0.014000000000000	0.384333394158268
0.015000000000000	1.253862045979417
0.016000000000000	0.998353751228362
0.017000000000000	0.539219132912401
0.018000000000000	0.976399224830726
0.019000000000000	0.332196860678506
0.020000000000000	0.000000000000000
0.021000000000000	0.000000000000000
0.022000000000000	0.000000000000000
0.023000000000000	0.000000000000000
0.024000000000000	0.000000000000000
0.025000000000000	0.000000000000000
