-0.025000000000000	0.000000000000000
-0.024000000000000	0.000000000000000
-0.023000000000000	0.000000000000000
-0.022000000000000	0.000000000000000
-0.021000000000000	0.000000000000000
-0.020000000000000	0.000000000000000
-0.019000000000000	0.000000000000000
-0.018000000000000	0.000000000000000
-0.017000000000000	0.000000000000000
-0.016000000000000	0.000000000000000
-0.015000000000000	0.000000000000000
-0.014000000000000	0.000000000000000
-0.013000000000000	0.000000000000000
-0.012000000000000	0.000000000000000
-0.011000000000000	0.000000000000000
-0.010000000000000	0.713213553413202
-0.009000000000000	2.379050640612842
-0.008000000000000	2.307767641278024
-0.007000000000000	6.556095338403746
-0.006000000000000	18.570013097006857
-0.005000000000000	21.746429124961065
-0.004000000000000	21.563517760078458
-0.003000000000000	19.085348448344565
-0.002000000000000	14.576574431700546
-0.001000000000000	14.934394647511388
0.000000000000000	16.861725652386117
0.001000000000000	15.303165982493661
0.002000000000000	16.015225333844501
0.003000000000000	20.040876156290512
0.004000000000000	20.565563479051026
0.005000000000000	22.422577883542104
0.006000000000000	6.490864867037132
0.007000000000000	2.061556418444274
0.008000000000000	1.643023633742124
0.009000000000000	1.744563517233259
0.010000000000000	1.325445939291731
0.011000000000000	0.505611077808481
0.012000000000000	0.665292833689624
0.013000000000000	0.979726144066618
0.014000000000000	0.147430806781080
0.015000000000000	0.503076128841250
0.016000000000000	1.006327127954826
0.017000000000000	0.798280534419815
0.018000000000000	0.363081404490337
0.019000000000000	0.613799711844245
0.020000000000000	0.735563760935934
0.021000000000000	0.163453864186927
0.022000000000000	0.000000000000000
0.023000000000000	0.000000000000000
0.024000000000000	0.000000000000000
0.025000000000000	0.000000000000000
