-0.025000000000000	0.000000000000000
-0.024000000000000	0.000000000000000
-0.023000000000000	0.000000000000000
-0.022000000000000	0.000000000000000
-0.021000000000000	0.000000000000000
-0.020000000000000	0.000000000000000
-0.019000000000000	0.000000000000000
-0.018000000000000	0.000000000000000
-0.017000000000000	0.000000000000000
-0.016000000000000	0.000000000000000
-0.015000000000000	0.000000000000000
-0.014000000000000	0.000000000000000
-0.013000000000000	0.000000000000000
-0.012000000000000	0.000000000000000
-0.011000000000000	0.000000000000000
-0.010000000000000	0.000000000000000
-0.009000000000000	1.486995804377264
-0.008000000000000	10.777558442223063
-0.007000000000000	13.286632403739294
-0.006000000000000	15.760377007178871
-0.005000000000000	20.237044228999441
-0.004000000000000	25.604518013758572
-0.003000000000000	23.781350768127510
-0.002000000000000	21.034747045089038
-0.001000000000000	15.440321221571322
0.000000000000000	14.494580647221674
0.001000000000000	15.148492994126633
0.002000000000000	17.547456845750755
0.003000000000000	14.888754018194440
0.004000000000000	12.008724924509686
0.005000000000000	7.514306439035121
0.006000000000000	6.395542816188908
0.007000000000000	6.045219006431284
0.008000000000000	7.981867932557122
0.009000000000000	6.891136535549204
0.010000000000000	5.279215501212007
0.011000000000000	5.031805712660540
0.012000000000000	3.488688530758812
0.013000000000000	3.896627662803563
0.014000000000000	1.967401356745931
0.015000000000000	0.197402665466410
0.016000000000000	0.000000000000000
0.017000000000000	0.000000000000000
0.018000000000000	0.000000000000000
0.019000000000000	0.000000000000000
0.020000000000000	0.000000000000000
0.021000000000000	0.000000000000000
0.022000000000000	0.000000000000000
0.023000000000000	0.000000000000000
0.024000000000000	0.000000000000000
0.025000000000000	0.000000000000000
