-0.025000000000000	0.000000000000000
-0.024000000000000	0.000000000000000
-0.023000000000000	0.000000000000000
-0.022000000000000	0.000000000000000
-0.021000000000000	0.000000000000000
-0.020000000000000	0.000000000000000
-0.019000000000000	0.000000000000000
-0.018000000000000	0.000000000000000
-0.017000000000000	0.000000000000000
-0.016000000000000	0.000000000000000
-0.015000000000000	0.000000000000000
-0.014000000000000	0.000000000000000
-0.013000000000000	0.000000000000000
-0.012000000000000	0.000000000000000
-0.011000000000000	0.000000000000000
-0.010000000000000	0.059949096664741
-0.009000000000000	2.544500226238799
-0.008000000000000	4.118329353184938
-0.007000000000000	6.044328567548515
-0.006000000000000	9.200433323867266
-0.005000000000000	18.622733016747958
-0.004000000000000	26.361006131939636
-0.003000000000000	23.261860730274993
-0.002000000000000	23.374358248898453
-0.001000000000000	23.931631508535009
0.000000000000000	29.085510104848566
0.001000000000000	24.487858012532644
0.002000000000000	12.227603064926500
0.003000000000000	6.113907572785519
0.004000000000000	6.575949265740444
0.005000000000000	5.854530226738114
0.006000000000000	5.327523059595515
0.007000000000000	6.067395453871895
0.008000000000000	5.077111023602744
0.009000000000000	1.424099304202778
0.010000000000000	0.995472037864777
0.011000000000000	1.518218239615852
0.012000000000000	1.223253890747690
0.013000000000000	1.669582410754581
0.014000000000000	1.419962377413274
0.015000000000000	0.802845502043768
0.016000000000000	1.120666501031942
0.017000000000000	1.826075112611132
0.018000000000000	1.141181550764315
0.019000000000000	1.041864441583676
0.020000000000000	1.531531893224912
0.021000000000000	0.813796384217226
0.022000000000000	0.027848429948765
0.023000000000000	0.000000000000000
0.024000000000000	0.000000000000000
0.025000000000000	0.000000000000000
