-0.025000000000000	0.000000000000000
-0.024000000000000	0.000000000000000
-0.023000000000000	0.000000000000000
-0.022000000000000	0.000000000000000
-0.021000000000000	0.000000000000000
-0.020000000000000	0.000000000000000
-0.019000000000000	0.000000000000000
-0.018000000000000	0.000000000000000
-0.017000000000000	0.000000000000000
-0.016000000000000	0.000000000000000
-0.015000000000000	0.000000000000000
-0.014000000000000	0.000000000000000
-0.013000000000000	0.000000000000000
-0.012000000000000	0.978917172571409
-0.011000000000000	2.766214047277804
-0.010000000000000	3.127065328096634
-0.009000000000000	4.612915929517432
-0.008000000000000	6.616168562828655
-0.007000000000000	6.871142126907650
-0.006000000000000	9.972636907428560
-0.005000000000000	15.127045657456913
-0.004000000000000	29.831022894789424
-0.003000000000000	40.140327613438565
-0.002000000000000	41.424872427556693
-0.001000000000000	31.440851791758085
0.000000000000000	23.098711784945589
0.001000000000000	14.737434934877070
0.002000000000000	7.832814906875587
0.003000000000000	9.236839050817192
0.004000000000000	7.071527816173409
0.005000000000000	7.681018966980941
0.006000000000000	7.846487035444719
0.007000000000000	7.421983785911172
0.008000000000000	10.071570424239363
0.009000000000000	8.913496240254602
0.010000000000000	5.401417960246467
0.011000000000000	5.558296877447717
0.012000000000000	4.674472300736699
0.013000000000000	1.893574949113754
0.014000000000000	1.768936230890213
0.015000000000000	2.032226254136256
0.016000000000000	1.901410406804187
0.017000000000000	1.615559725027569
0.018000000000000	0.845886663506731
0.019000000000000	0.000000000000000
0.020000000000000	0.000000000000000
0.021000000000000	0.000000000000000
0.022000000000000	0.000000000000000
0.023000000000000	0.000000000000000
0.024000000000000	0.000000000000000
0.025000000000000	0.000000000000000
