-0.025000000000000	0.000000000000000
-0.024000000000000	0.000000000000000
-0.023000000000000	0.000000000000000
-0.022000000000000	0.000000000000000
-0.021000000000000	0.000000000000000
-0.020000000000000	0.000000000000000
-0.019000000000000	0.000000000000000
-0.018000000000000	0.415258195398904
-0.017000000000000	2.332528589241754
-0.016000000000000	2.118109599142523
-0.015000000000000	2.126946401003126
-0.014000000000000	1.766881346801336
-0.013000000000000	1.726654758097223
-0.012000000000000	2.525099889782829
-0.011000000000000	1.640839823265295
-0.010000000000000	1.715843298943778
-0.009000000000000	1.708507029105246
-0.008000000000000	2.482367455911632
-0.007000000000000	2.923522978136004
-0.006000000000000	5.348225470583287
-0.005000000000000	12.548271283478872
-0.004000000000000	16.908582544222650
-0.003000000000000	25.576493496496639
-0.002000000000000	33.992789571225899
-0.001000000000000	27.474853629182782
0.000000000000000	24.341954719470980
0.001000000000000	19.476318073634641
0.002000000000000	16.911388972988057
0.003000000000000	11.063459123089757
0.004000000000000	16.259778820015395
0.005000000000000	15.577058829312991
0.006000000000000	7.650514050180090
0.007000000000000	6.356354684182054
0.008000000000000	5.102733524240682
0.009000000000000	5.235669239098557
0.010000000000000	5.263771252721296
0.011000000000000	5.735773340275133
0.012000000000000	3.296977948948196
0.013000000000000	0.956787891820277
0.014000000000000	1.702574959689360
0.015000000000000	0.322894427639080
0.016000000000000	0.208044810369820
0.017000000000000	0.298175766286452
0.018000000000000	0.000000000000000
0.019000000000000	0.000000000000000
0.020000000000000	0.000000000000000
0.021000000000000	0.000000000000000
0.022000000000000	0.000000000000000
0.023000000000000	0.000000000000000
0.024000000000000	0.000000000000000
0.025000000000000	0.000000000000000
