-0.025000000000000	0.000000000000000
-0.024000000000000	0.000000000000000
-0.023000000000000	0.000000000000000
-0.022000000000000	0.000000000000000
-0.021000000000000	0.000000000000000
-0.020000000000000	0.000000000000000
-0.019000000000000	0.000000000000000
-0.018000000000000	0.000000000000000
-0.017000000000000	0.000000000000000
-0.016000000000000	0.000000000000000
-0.015000000000000	0.000000000000000
-0.014000000000000	0.000000000000000
-0.013000000000000	0.000000000000000
-0.012000000000000	0.000000000000000
-0.011000000000000	0.000000000000000
-0.010000000000000	0.918834932093866
-0.009000000000000	2.517426371590092
-0.008000000000000	2.663966415858616
-0.007000000000000	2.954896013258558
-0.006000000000000	9.231376539444135
-0.005000000000000	21.229375287607983
-0.004000000000000	22.026840347765773
-0.003000000000000	26.874038259690494
-0.002000000000000	35.644250517316785
-0.001000000000000	27.542919670899856
0.000000000000000	20.939605147345972
0.001000000000000	18.297747263398435
0.002000000000000	11.952194588450821
0.003000000000000	10.266864216604404
0.004000000000000	11.338172437281209
0.005000000000000	10.938690070805029
0.006000000000000	9.988825019204679
0.007000000000000	6.714053412829600
0.008000000000000	4.420668060022897
0.009000000000000	2.362046570189390
0.010000000000000	2.751858673685946
0.011000000000000	1.867436174503678
0.012000000000000	1.223475984601856
0.013000000000000	1.771283331637921
0.014000000000000	0.990130749111831
0.015000000000000	0.819346300474362
0.016000000000000	0.376515819010778
0.017000000000000	0.462782142711192
0.018000000000000	0.586428433717058
0.019000000000000	0.447305265989994
0.020000000000000	0.637432202790336
0.021000000000000	0.314579813041589
0.022000000000000	0.055366881758267
0.023000000000000	0.000000000000000
0.024000000000000	0.000000000000000
0.025000000000000	0.000000000000000
