-0.025000000000000	0.000000000000000
-0.024000000000000	0.000000000000000
-0.023000000000000	0.000000000000000
-0.022000000000000	0.000000000000000
-0.021000000000000	0.000000000000000
-0.020000000000000	0.000000000000000
-0.019000000000000	0.000000000000000
-0.018000000000000	0.000000000000000
-0.017000000000000	0.000000000000000
-0.016000000000000	0.000000000000000
-0.015000000000000	0.000000000000000
-0.014000000000000	1.154521236140857
-0.013000000000000	2.259531950866176
-0.012000000000000	1.671337354948132
-0.011000000000000	2.841799107881166
-0.010000000000000	3.279547733991389
-0.009000000000000	5.014343394244590
-0.008000000000000	6.145050279107610
-0.007000000000000	6.002142903237887
-0.006000000000000	9.887015347270239
-0.005000000000000	15.422534068106064
-0.004000000000000	26.219764729949500
-0.003000000000000	25.243045703173568
-0.002000000000000	26.982706763874528
-0.001000000000000	28.438006280673708
0.000000000000000	23.911219805290443
0.001000000000000	14.851175035480804
0.002000000000000	12.961913376254149
0.003000000000000	8.455238377611035
0.004000000000000	9.322449814684873
0.005000000000000	8.278223600284248
0.006000000000000	9.383445324337622
0.007000000000000	8.523967985209715
0.008000000000000	7.502379361336059
0.009000000000000	7.409454378736930
0.010000000000000	5.807185904732941
0.011000000000000	4.982990341738214
0.012000000000000	4.579863964837785
0.013000000000000	3.476451742142051
0.014000000000000	1.324047704335971
0.015000000000000	0.907920640202748
0.016000000000000	1.183224842562073
0.017000000000000	0.583667161977222
0.018000000000000	0.348437867687109
0.019000000000000	0.077559861554913
0.020000000000000	0.000000000000000
0.021000000000000	0.000000000000000
0.022000000000000	0.000000000000000
0.023000000000000	0.000000000000000
0.024000000000000	0.000000000000000
0.025000000000000	0.000000000000000
