-0.025000000000000	0.000000000000000
-0.024000000000000	0.000000000000000
-0.023000000000000	0.000000000000000
-0.022000000000000	0.000000000000000
-0.021000000000000	0.000000000000000
-0.020000000000000	0.000000000000000
-0.019000000000000	0.000000000000000
-0.018000000000000	0.000000000000000
-0.017000000000000	0.000000000000000
-0.016000000000000	0.000000000000000
-0.015000000000000	0.000000000000000
-0.014000000000000	0.000000000000000
-0.013000000000000	0.104507342516393
-0.012000000000000	2.072382783726602
-0.011000000000000	2.362062591589132
-0.010000000000000	3.011020133322424
-0.009000000000000	2.471005554357357
-0.008000000000000	2.998737846801032
-0.007000000000000	5.405493376422978
-0.006000000000000	11.568491335533457
-0.005000000000000	20.010160862612658
-0.004000000000000	21.000658340727636
-0.003000000000000	25.958796925498966
-0.002000000000000	31.960614046835619
-0.001000000000000	22.506386596216533
0.000000000000000	22.927413450941664
0.001000000000000	14.458290010855039
0.002000000000000	8.712987704319815
0.003000000000000	7.786438866603636
0.004000000000000	10.563441937181249
0.005000000000000	9.014107120228527
0.006000000000000	10.859620543873953
0.007000000000000	11.240092376139419
0.008000000000000	4.492176494669232
0.009000000000000	3.059407769430536
0.010000000000000	2.729002751940981
0.011000000000000	3.569092356678359
0.012000000000000	2.539455409135971
0.013000000000000	3.117393839555643
0.014000000000000	2.462330481035182
0.015000000000000	2.347714028715533
0.016000000000000	1.203876942375488
0.017000000000000	0.242933040339478
0.018000000000000	0.000000000000000
0.019000000000000	0.000000000000000
0.020000000000000	0.000000000000000
0.021000000000000	0.000000000000000
0.022000000000000	0.000000000000000
0.023000000000000	0.000000000000000
0.024000000000000	0.000000000000000
0.025000000000000	0.000000000000000
