-0.025000000000000	0.000000000000000
-0.024000000000000	0.000000000000000
-0.023000000000000	0.000000000000000
-0.022000000000000	0.000000000000000
-0.021000000000000	0.000000000000000
-0.020000000000000	0.000000000000000
-0.019000000000000	0.000000000000000
-0.018000000000000	0.000000000000000
-0.017000000000000	0.000000000000000
-0.016000000000000	0.008280146328732
-0.015000000000000	1.065860623717999
-0.014000000000000	2.512576500310999
-0.013000000000000	2.157176285844534
-0.012000000000000	2.486788475408358
-0.011000000000000	2.288702704947237
-0.010000000000000	2.453613680394676
-0.009000000000000	3.421020013367270
-0.008000000000000	5.079572197293422
-0.007000000000000	7.787805467939453
-0.006000000000000	12.596201872956064
-0.005000000000000	15.793005223880385
-0.004000000000000	21.706209936771739
-0.003000000000000	24.613333241668251
-0.002000000000000	22.566141215039476
-0.001000000000000	16.776176799916446
0.000000000000000	15.096073581237242
0.001000000000000	12.839913984569257
0.002000000000000	13.560146672135279
0.003000000000000	13.811719541025953
0.004000000000000	8.560006717427866
0.005000000000000	5.281567087663849
0.006000000000000	4.308623074945518
0.007000000000000	3.472879705683361
0.008000000000000	2.914720636784671
0.009000000000000	3.347241268127875
0.010000000000000	3.186950680672971
0.011000000000000	3.543867758246051
0.012000000000000	1.874650525797213
0.013000000000000	3.045785257116296
0.014000000000000	4.286468064536248
0.015000000000000	6.968251441502717
0.016000000000000	3.030583490661587
0.017000000000000	1.538633272747387
0.018000000000000	1.616386429915631
0.019000000000000	0.375907742178032
0.020000000000000	0.124792904615255
0.021000000000000	0.000000000000000
0.022000000000000	0.000000000000000
0.023000000000000	0.000000000000000
0.024000000000000	0.000000000000000
0.025000000000000	0.000000000000000
