-0.025000000000000	0.000000000000000
-0.024000000000000	0.000000000000000
-0.023000000000000	0.000000000000000
-0.022000000000000	0.000000000000000
-0.021000000000000	0.000000000000000
-0.020000000000000	0.000000000000000
-0.019000000000000	0.000000000000000
-0.018000000000000	0.000000000000000
-0.017000000000000	0.000000000000000
-0.016000000000000	0.000000000000000
-0.015000000000000	0.560318821615501
-0.014000000000000	1.330302981877808
-0.013000000000000	1.225207769272399
-0.012000000000000	2.825764071310235
-0.011000000000000	3.417808637168968
-0.010000000000000	3.767275015121367
-0.009000000000000	4.759950934443168
-0.008000000000000	7.255568523529244
-0.007000000000000	9.545344606119237
-0.006000000000000	14.635864498703114
-0.005000000000000	15.224053636812265
-0.004000000000000	19.968519511323603
-0.003000000000000	22.967663046476126
-0.002000000000000	25.695076640058694
-0.001000000000000	27.807389380824883
0.000000000000000	30.945992253878746
0.001000000000000	28.356006214887820
0.002000000000000	15.487682898852825
0.003000000000000	7.332793527202594
0.004000000000000	7.071799962151323
0.005000000000000	5.611037628839799
0.006000000000000	6.352056318203455
0.007000000000000	9.808602131741351
0.008000000000000	10.341449151575405
0.009000000000000	5.605636845369795
0.010000000000000	5.271837570512120
0.011000000000000	5.156982680836593
0.012000000000000	4.184374608104468
0.013000000000000	2.471941172946735
0.014000000000000	3.868037303120793
0.015000000000000	5.380715089062237
0.016000000000000	0.729833952766403
0.017000000000000	0.000000000000000
0.018000000000000	0.000000000000000
0.019000000000000	0.000000000000000
0.020000000000000	0.000000000000000
0.021000000000000	0.000000000000000
0.022000000000000	0.000000000000000
0.023000000000000	0.000000000000000
0.024000000000000	0.000000000000000
0.025000000000000	0.000000000000000
