-0.025000000000000	0.000000000000000
-0.024000000000000	0.000000000000000
-0.023000000000000	0.000000000000000
-0.022000000000000	0.000000000000000
-0.021000000000000	0.000000000000000
-0.020000000000000	0.000000000000000
-0.019000000000000	0.000000000000000
-0.018000000000000	0.000000000000000
-0.017000000000000	0.000000000000000
-0.016000000000000	0.000000000000000
-0.015000000000000	0.608199232053431
-0.014000000000000	0.934451199285482
-0.013000000000000	1.151991252824738
-0.012000000000000	0.867675148274774
-0.011000000000000	0.644499498312860
-0.010000000000000	3.069519413731057
-0.009000000000000	6.441544018417011
-0.008000000000000	9.288805568132329
-0.007000000000000	12.037020001467281
-0.006000000000000	14.983134023197785
-0.005000000000000	18.548547277349964
-0.004000000000000	25.741720948147744
-0.003000000000000	29.937761762425403
-0.002000000000000	20.152903517507909
-0.001000000000000	17.903017112730705
0.000000000000000	14.512241572397890
0.001000000000000	9.319570791873012
0.002000000000000	10.582310913668657
0.003000000000000	8.889972093969044
0.004000000000000	10.666102018710699
0.005000000000000	13.817282398220321
0.006000000000000	15.376643593668046
0.007000000000000	12.248784339036856
0.008000000000000	7.434015012447493
0.009000000000000	5.244026049945139
0.010000000000000	4.128067591083707
0.011000000000000	2.662721536165751
0.012000000000000	2.385283992470783
0.013000000000000	2.253413595397120
0.014000000000000	2.100885446614950
0.015000000000000	3.268558033262286
0.016000000000000	1.567251416501299
0.017000000000000	1.222666439888910
0.018000000000000	0.937054545722376
0.019000000000000	0.731185370143171
0.020000000000000	0.090318741396207
0.021000000000000	0.000000000000000
0.022000000000000	0.000000000000000
0.023000000000000	0.000000000000000
0.024000000000000	0.000000000000000
0.025000000000000	0.000000000000000
