-0.025000000000000	0.000000000000000
-0.024000000000000	0.000000000000000
-0.023000000000000	0.000000000000000
-0.022000000000000	0.000000000000000
-0.021000000000000	0.000000000000000
-0.020000000000000	0.000000000000000
-0.019000000000000	0.000000000000000
-0.018000000000000	0.000000000000000
-0.017000000000000	0.000000000000000
-0.016000000000000	0.387013768143737
-0.015000000000000	1.561766633533266
-0.014000000000000	1.454121051557791
-0.013000000000000	0.973142064661947
-0.012000000000000	1.028942681657464
-0.011000000000000	1.348064627093331
-0.010000000000000	0.614703181681664
-0.009000000000000	0.954005902805507
-0.008000000000000	1.835374152383151
-0.007000000000000	4.013422690089651
-0.006000000000000	3.885392515785191
-0.005000000000000	9.805936935439544
-0.004000000000000	21.947152791673272
-0.003000000000000	23.424397606792020
-0.002000000000000	29.206458802940968
-0.001000000000000	29.785634593106224
0.000000000000000	29.215671708606006
0.001000000000000	29.129881339626724
0.002000000000000	12.404435672816723
0.003000000000000	11.173348063607166
0.004000000000000	10.220861026585286
0.005000000000000	13.674924359825184
0.006000000000000	12.642713675607100
0.007000000000000	11.440847587984685
0.008000000000000	4.921259176420690
0.009000000000000	1.148701332934362
0.010000000000000	0.805080475105814
0.011000000000000	0.460564237992407
0.012000000000000	0.243469459576753
0.013000000000000	0.471764346911294
0.014000000000000	0.786101308213962
0.015000000000000	0.552144033271858
0.016000000000000	0.212316870181240
0.017000000000000	0.413283402753296
0.018000000000000	0.427983818477005
0.019000000000000	0.093813007449776
0.020000000000000	0.000000000000000
0.021000000000000	0.000000000000000
0.022000000000000	0.000000000000000
0.023000000000000	0.000000000000000
0.024000000000000	0.000000000000000
0.025000000000000	0.000000000000000
