-0.025000000000000	0.000000000000000
-0.024000000000000	0.000000000000000
-0.023000000000000	0.000000000000000
-0.022000000000000	0.000000000000000
-0.021000000000000	0.000000000000000
-0.020000000000000	0.000000000000000
-0.019000000000000	0.000000000000000
-0.018000000000000	0.000000000000000
-0.017000000000000	0.000000000000000
-0.016000000000000	0.000000000000000
-0.015000000000000	0.000000000000000
-0.014000000000000	0.623748466925556
-0.013000000000000	3.305190248667892
-0.012000000000000	3.927155243934252
-0.011000000000000	4.369486737046842
-0.010000000000000	4.141728420199156
-0.009000000000000	5.611828951227686
-0.008000000000000	4.629737924312770
-0.007000000000000	5.284761036053108
-0.006000000000000	4.710005037549266
-0.005000000000000	4.771867299964264
-0.004000000000000	8.236900353738406
-0.003000000000000	16.713107549888374
-0.002000000000000	37.508752416291649
-0.001000000000000	47.494555947278933
0.000000000000000	39.597096157918003
0.001000000000000	30.359582215258172
0.002000000000000	21.949645083764803
0.003000000000000	10.540596568064995
0.004000000000000	5.245046411010500
0.005000000000000	4.578118187164584
0.006000000000000	4.788541987672002
0.007000000000000	4.353409936732028
0.008000000000000	3.593298281721626
0.009000000000000	2.792942037993689
0.010000000000000	4.152793055694506
0.011000000000000	3.834896228637119
0.012000000000000	3.618120569639554
0.013000000000000	2.276472951439838
0.014000000000000	2.536503519566379
0.015000000000000	1.100851413307184
0.016000000000000	1.380997755357989
0.017000000000000	1.423621335390154
0.018000000000000	0.937161063219887
0.019000000000000	0.824119879055045
0.020000000000000	0.882817413116731
0.021000000000000	0.104761947724621
0.022000000000000	0.000000000000000
0.023000000000000	0.000000000000000
0.024000000000000	0.000000000000000
0.025000000000000	0.000000000000000
