-0.025000000000000	0.000000000000000
-0.024000000000000	0.000000000000000
-0.023000000000000	0.000000000000000
-0.022000000000000	0.000000000000000
-0.021000000000000	0.000000000000000
-0.020000000000000	0.000000000000000
-0.019000000000000	0.000000000000000
-0.018000000000000	0.169157210701586
-0.017000000000000	1.090572188406002
-0.016000000000000	0.958036054184126
-0.015000000000000	1.106018054718586
-0.014000000000000	0.867034186122820
-0.013000000000000	0.826982682155793
-0.012000000000000	1.125976467919809
-0.011000000000000	0.889285584076625
-0.010000000000000	2.367765737994855
-0.009000000000000	4.139863708926216
-0.008000000000000	4.647918699143152
-0.007000000000000	7.839916763723295
-0.006000000000000	14.450384726514910
-0.005000000000000	16.300402682040225
-0.004000000000000	19.803394190386854
-0.003000000000000	22.685156665421971
-0.002000000000000	19.163009109726620
-0.001000000000000	15.269645007198173
0.000000000000000	12.547675954735279
0.001000000000000	12.343672820154712
0.002000000000000	13.109224906269311
0.003000000000000	23.348888617512507
0.004000000000000	20.343004668820594
0.005000000000000	15.158790625105356
0.006000000000000	9.077654815944145
0.007000000000000	4.425477321462266
0.008000000000000	5.779128012394927
0.009000000000000	4.022560690644541
0.010000000000000	3.082298603330492
0.011000000000000	3.489087450028281
0.012000000000000	1.913107285015126
0.013000000000000	0.669075671470362
0.014000000000000	1.149778274119022
0.015000000000000	0.898247356695134
0.016000000000000	0.106569368592283
0.017000000000000	0.193396695282285
0.018000000000000	1.053469818633098
0.019000000000000	0.664219178239749
0.020000000000000	0.274295839260264
0.021000000000000	0.586925817165315
0.022000000000000	0.000000000000000
0.023000000000000	0.000000000000000
0.024000000000000	0.000000000000000
0.025000000000000	0.000000000000000
