-0.025000000000000	0.000000000000000
-0.024000000000000	0.000000000000000
-0.023000000000000	0.000000000000000
-0.022000000000000	0.000000000000000
-0.021000000000000	0.000000000000000
-0.020000000000000	0.000000000000000
-0.019000000000000	0.115076817291937
-0.018000000000000	1.198607483501782
-0.017000000000000	1.685406581479676
-0.016000000000000	2.443962131459293
-0.015000000000000	2.236452227977269
-0.014000000000000	1.303646071194275
-0.013000000000000	2.140274877138481
-0.012000000000000	2.828195861220776
-0.011000000000000	2.831731102988524
-0.010000000000000	5.212018438885213
-0.009000000000000	5.383843319837521
-0.008000000000000	9.516725818298967
-0.007000000000000	14.776280390376945
-0.006000000000000	14.892546083216562
-0.005000000000000	15.715971886977165
-0.004000000000000	16.568131490549423
-0.003000000000000	15.274414803120669
-0.002000000000000	12.825459477341647
-0.001000000000000	11.475259428027025
0.000000000000000	12.053220087528450
0.001000000000000	12.417197647799117
0.002000000000000	10.956459093723650
0.003000000000000	12.804842400433333
0.004000000000000	12.434575184867491
0.005000000000000	4.521200671317241
0.006000000000000	3.921468200760565
0.007000000000000	4.636674127433803
0.008000000000000	4.388900061911799
0.009000000000000	4.648589261439337
0.010000000000000	4.658037464783331
0.011000000000000	5.377449608681878
0.012000000000000	9.592526025097479
0.013000000000000	8.697057692168295
0.014000000000000	6.601672702042158
0.015000000000000	2.405939631166592
0.016000000000000	2.272635636538546
0.017000000000000	1.979908701840775
0.018000000000000	1.194046189611458
0.019000000000000	0.136302623354221
0.020000000000000	0.000000000000000
0.021000000000000	0.000000000000000
0.022000000000000	0.000000000000000
0.023000000000000	0.000000000000000
0.024000000000000	0.000000000000000
0.025000000000000	0.000000000000000
