-0.025000000000000	0.000000000000000
-0.024000000000000	0.000000000000000
-0.023000000000000	0.000000000000000
-0.022000000000000	0.000000000000000
-0.021000000000000	0.000000000000000
-0.020000000000000	0.000000000000000
-0.019000000000000	0.000000000000000
-0.018000000000000	0.000000000000000
-0.017000000000000	0.000000000000000
-0.016000000000000	0.000000000000000
-0.015000000000000	0.259937104061086
-0.014000000000000	1.009209885869455
-0.013000000000000	1.226867097846510
-0.012000000000000	1.247622474977798
-0.011000000000000	1.336173387777716
-0.010000000000000	2.937256073099452
-0.009000000000000	4.203789627769059
-0.008000000000000	4.328660196722907
-0.007000000000000	6.621762880423941
-0.006000000000000	12.178039984334376
-0.005000000000000	16.109019243641022
-0.004000000000000	21.351210712648278
-0.003000000000000	20.213025696793480
-0.002000000000000	21.244411627155127
-0.001000000000000	17.130081520608631
0.000000000000000	17.477452732024542
0.001000000000000	14.672021123637986
0.002000000000000	12.784227926914228
0.003000000000000	10.013415098542572
0.004000000000000	11.456938968286458
0.005000000000000	11.118790515225244
0.006000000000000	8.281972832426366
0.007000000000000	1.897501899331776
0.008000000000000	2.357826603342678
0.009000000000000	2.496200564861465
0.010000000000000	1.872516222727992
0.011000000000000	1.323655389928392
0.012000000000000	1.157937539019517
0.013000000000000	2.525779148154707
0.014000000000000	1.761871819843665
0.015000000000000	1.749197415254820
0.016000000000000	1.773796869691837
0.017000000000000	1.500186127760422
0.018000000000000	1.503101714940105
0.019000000000000	2.013928155639522
0.020000000000000	1.400328167954463
0.021000000000000	0.641106882780012
0.022000000000000	0.000000000000000
0.023000000000000	0.000000000000000
0.024000000000000	0.000000000000000
0.025000000000000	0.000000000000000
