-0.025000000000000	0.000000000000000
-0.024000000000000	0.000000000000000
-0.023000000000000	0.000000000000000
-0.022000000000000	0.000000000000000
-0.021000000000000	0.000000000000000
-0.020000000000000	0.000000000000000
-0.019000000000000	0.000000000000000
-0.018000000000000	0.099935037116304
-0.017000000000000	0.756636742000921
-0.016000000000000	0.776825948497299
-0.015000000000000	0.826455740680754
-0.014000000000000	1.521886010355830
-0.013000000000000	0.914054418515662
-0.012000000000000	1.160928563147289
-0.011000000000000	1.035917002026017
-0.010000000000000	3.200263067065804
-0.009000000000000	6.808805590746616
-0.008000000000000	7.006663517967024
-0.007000000000000	9.461852296733849
-0.006000000000000	12.254199480330779
-0.005000000000000	14.708597111128192
-0.004000000000000	24.187991969579056
-0.003000000000000	35.255889736781199
-0.002000000000000	33.788869830458246
-0.001000000000000	26.125014954566463
0.000000000000000	18.442463515489294
0.001000000000000	15.075889303720189
0.002000000000000	9.852706703739063
0.003000000000000	8.821066620523137
0.004000000000000	7.863153233129235
0.005000000000000	8.165550705408679
0.006000000000000	9.071203439695697
0.007000000000000	8.258950956764105
0.008000000000000	11.075456123098629
0.009000000000000	6.620743574136823
0.010000000000000	7.159538919285503
0.011000000000000	6.092807517379443
0.012000000000000	1.738455635416899
0.013000000000000	2.650865700676166
0.014000000000000	2.630472468250107
0.015000000000000	1.708889932840969
0.016000000000000	1.673393480378372
0.017000000000000	1.278182589180770
0.018000000000000	1.131068450874865
0.019000000000000	0.830403079567666
0.020000000000000	0.543143091869185
0.021000000000000	0.406872647590413
0.022000000000000	0.045146386373632
0.023000000000000	0.000000000000000
0.024000000000000	0.000000000000000
0.025000000000000	0.000000000000000
