-0.025000000000000	0.000000000000000
-0.024000000000000	0.000000000000000
-0.023000000000000	0.000000000000000
-0.022000000000000	0.000000000000000
-0.021000000000000	0.000000000000000
-0.020000000000000	0.000000000000000
-0.019000000000000	0.000000000000000
-0.018000000000000	0.000000000000000
-0.017000000000000	0.000000000000000
-0.016000000000000	0.000000000000000
-0.015000000000000	0.000000000000000
-0.014000000000000	0.000000000000000
-0.013000000000000	0.000000000000000
-0.012000000000000	0.000000000000000
-0.011000000000000	0.000000000000000
-0.010000000000000	0.000000000000000
-0.009000000000000	0.000000000000000
-0.008000000000000	0.138217630738922
-0.007000000000000	1.665811876474497
-0.006000000000000	3.516058740326570
-0.005000000000000	12.517275406162213
-0.004000000000000	31.165897325583718
-0.003000000000000	29.123810659239407
-0.002000000000000	23.352267669930008
-0.001000000000000	20.875062553287083
0.000000000000000	19.429131701095557
0.001000000000000	10.075536898728279
0.002000000000000	5.819720768434244
0.003000000000000	5.360754608380969
0.004000000000000	5.584811235069064
0.005000000000000	5.206184297000717
0.006000000000000	4.875313433760759
0.007000000000000	3.975480161870755
0.008000000000000	3.630221672957909
0.009000000000000	3.498784594128212
0.010000000000000	3.383950755755269
0.011000000000000	3.389173096097223
0.012000000000000	0.998237278626743
0.013000000000000	1.201534142823064
0.014000000000000	0.519930442471190
0.015000000000000	0.898743151457714
0.016000000000000	0.960390638080224
0.017000000000000	0.213459196298846
0.018000000000000	0.283360203866939
0.019000000000000	0.958668280844051
0.020000000000000	0.399501448045238
0.021000000000000	0.154582608210815
0.022000000000000	0.000000000000000
0.023000000000000	0.000000000000000
0.024000000000000	0.000000000000000
0.025000000000000	0.000000000000000
