-0.025000000000000	0.000000000000000
-0.024000000000000	0.000000000000000
-0.023000000000000	0.000000000000000
-0.022000000000000	0.000000000000000
-0.021000000000000	0.000000000000000
-0.020000000000000	0.000000000000000
-0.019000000000000	0.000000000000000
-0.018000000000000	0.000000000000000
-0.017000000000000	0.000000000000000
-0.016000000000000	0.000000000000000
-0.015000000000000	0.000000000000000
-0.014000000000000	0.000000000000000
-0.013000000000000	0.000000000000000
-0.012000000000000	0.000000000000000
-0.011000000000000	0.000000000000000
-0.010000000000000	1.261392436840440
-0.009000000000000	2.767191956902568
-0.008000000000000	2.354648339555229
-0.007000000000000	3.348726806682818
-0.006000000000000	11.617769514048641
-0.005000000000000	17.013115635796641
-0.004000000000000	16.879174343556468
-0.003000000000000	20.068139940784157
-0.002000000000000	20.204007724878842
-0.001000000000000	15.042106912451066
0.000000000000000	12.923882677219819
0.001000000000000	11.983813644887881
0.002000000000000	11.233774310051855
0.003000000000000	11.068700894338216
0.004000000000000	10.418788515967389
0.005000000000000	10.783896635912697
0.006000000000000	12.398697925019112
0.007000000000000	7.656452021664338
0.008000000000000	1.599885083417328
0.009000000000000	0.464011599874551
0.010000000000000	0.306300220121596
0.011000000000000	0.840758685806789
0.012000000000000	1.151380390933213
0.013000000000000	0.576713834805797
0.014000000000000	0.246698446727695
0.015000000000000	0.417373648007925
0.016000000000000	0.905363156069992
0.017000000000000	0.900471193201194
0.018000000000000	0.079715845071044
0.019000000000000	0.717232638462145
0.020000000000000	0.634713657522698
0.021000000000000	0.413285913282979
0.022000000000000	0.030979711271780
0.023000000000000	0.000000000000000
0.024000000000000	0.000000000000000
0.025000000000000	0.000000000000000
