-0.025000000000000	0.000000000000000
-0.024000000000000	0.000000000000000
-0.023000000000000	0.000000000000000
-0.022000000000000	0.000000000000000
-0.021000000000000	0.000000000000000
-0.020000000000000	0.000000000000000
-0.019000000000000	0.371708225779939
-0.018000000000000	1.962751362273168
-0.017000000000000	1.801518703634420
-0.016000000000000	1.793234612899029
-0.015000000000000	1.352085661922977
-0.014000000000000	1.519117095322553
-0.013000000000000	1.182521258446778
-0.012000000000000	1.228751146979536
-0.011000000000000	3.045673602597829
-0.010000000000000	2.773767928621611
-0.009000000000000	3.312160637519216
-0.008000000000000	4.446454354881203
-0.007000000000000	8.320013679103051
-0.006000000000000	13.037627885868114
-0.005000000000000	15.175891552074772
-0.004000000000000	15.615342347313380
-0.003000000000000	17.751967281779141
-0.002000000000000	14.100597459532819
-0.001000000000000	14.662974278315270
0.000000000000000	17.900451119934182
0.001000000000000	15.410789638402228
0.002000000000000	17.013618872689008
0.003000000000000	19.369430862797628
0.004000000000000	21.133177666858696
0.005000000000000	11.117189726757788
0.006000000000000	7.289527083527336
0.007000000000000	7.791431407401805
0.008000000000000	7.218788588612384
0.009000000000000	4.644233723949506
0.010000000000000	3.442879707339774
0.011000000000000	4.341559027356030
0.012000000000000	5.413214752205769
0.013000000000000	4.395319909372835
0.014000000000000	1.313291211650488
0.015000000000000	0.470093591005048
0.016000000000000	0.000000000000000
0.017000000000000	0.000000000000000
0.018000000000000	0.000000000000000
0.019000000000000	0.000000000000000
0.020000000000000	0.000000000000000
0.021000000000000	0.000000000000000
0.022000000000000	0.000000000000000
0.023000000000000	0.000000000000000
0.024000000000000	0.000000000000000
0.025000000000000	0.000000000000000
