-0.025000000000000	0.000000000000000
-0.024000000000000	0.000000000000000
-0.023000000000000	0.000000000000000
-0.022000000000000	0.000000000000000
-0.021000000000000	0.000000000000000
-0.020000000000000	0.000000000000000
-0.019000000000000	0.000000000000000
-0.018000000000000	0.000000000000000
-0.017000000000000	0.000000000000000
-0.016000000000000	0.000000000000000
-0.015000000000000	0.000000000000000
-0.014000000000000	0.000000000000000
-0.013000000000000	0.000000000000000
-0.012000000000000	0.000000000000000
-0.011000000000000	0.000000000000000
-0.010000000000000	0.000000000000000
-0.009000000000000	0.000000000000000
-0.008000000000000	0.000000000000000
-0.007000000000000	0.171583065729351
-0.006000000000000	6.333122917057620
-0.005000000000000	19.186101265368290
-0.004000000000000	25.131199028225499
-0.003000000000000	28.705320683895266
-0.002000000000000	25.370015061005624
-0.001000000000000	24.201601271677731
0.000000000000000	28.742558024944589
0.001000000000000	18.081873713639009
0.002000000000000	10.892637928783074
0.003000000000000	8.886661233234619
0.004000000000000	9.090953175213283
0.005000000000000	10.220816500424668
0.006000000000000	10.319569061902149
0.007000000000000	1.840038000236595
0.008000000000000	1.696861516225681
0.009000000000000	1.355925121545435
0.010000000000000	0.995739349686569
0.011000000000000	1.280568826946210
0.012000000000000	1.607342909442759
0.013000000000000	1.245051054125260
0.014000000000000	1.324370709813248
0.015000000000000	1.571295792872046
0.016000000000000	1.909709603168014
0.017000000000000	0.572642721423557
0.018000000000000	0.000000000000000
0.019000000000000	0.000000000000000
0.020000000000000	0.000000000000000
0.021000000000000	0.000000000000000
0.022000000000000	0.000000000000000
0.023000000000000	0.000000000000000
0.024000000000000	0.000000000000000
0.025000000000000	0.000000000000000
