-0.025000000000000	0.000000000000000
-0.024000000000000	0.000000000000000
-0.023000000000000	0.000000000000000
-0.022000000000000	0.000000000000000
-0.021000000000000	0.000000000000000
-0.020000000000000	0.000000000000000
-0.019000000000000	0.000000000000000
-0.018000000000000	0.000000000000000
-0.017000000000000	0.000000000000000
-0.016000000000000	0.000000000000000
-0.015000000000000	0.000000000000000
-0.014000000000000	0.000000000000000
-0.013000000000000	0.000000000000000
-0.012000000000000	0.000000000000000
-0.011000000000000	1.122680397943081
-0.010000000000000	3.446188369663180
-0.009000000000000	4.678710180200304
-0.008000000000000	7.578810044252171
-0.007000000000000	11.521255431236076
-0.006000000000000	18.691735243178634
-0.005000000000000	21.681503147320914
-0.004000000000000	22.420736931909630
-0.003000000000000	18.353197895021644
-0.002000000000000	14.843265367997690
-0.001000000000000	18.365577790623821
0.000000000000000	16.521469832431862
0.001000000000000	10.429104108087376
0.002000000000000	7.132969334307484
0.003000000000000	4.787543439242147
0.004000000000000	4.070109247335939
0.005000000000000	2.774851500139261
0.006000000000000	3.999523851653666
0.007000000000000	3.727722422166313
0.008000000000000	4.178836640915098
0.009000000000000	9.166603555221096
0.010000000000000	8.450555636707906
0.011000000000000	5.212916214311901
0.012000000000000	4.466021484211122
0.013000000000000	4.928609039130251
0.014000000000000	3.437525446155605
0.015000000000000	1.494738543896875
0.016000000000000	1.721193288117874
0.017000000000000	1.564448913906966
0.018000000000000	0.904050911452187
0.019000000000000	0.427726065945359
0.020000000000000	0.028171226714177
0.021000000000000	0.000000000000000
0.022000000000000	0.000000000000000
0.023000000000000	0.000000000000000
0.024000000000000	0.000000000000000
0.025000000000000	0.000000000000000
