-0.025000000000000	0.000000000000000
-0.024000000000000	0.000000000000000
-0.023000000000000	0.000000000000000
-0.022000000000000	0.000000000000000
-0.021000000000000	0.000000000000000
-0.020000000000000	0.000000000000000
-0.019000000000000	0.000000000000000
-0.018000000000000	0.135172352794515
-0.017000000000000	1.087198042005728
-0.016000000000000	1.715496304223684
-0.015000000000000	1.898316116377730
-0.014000000000000	1.911469141856236
-0.013000000000000	1.536297642292566
-0.012000000000000	1.939983009528858
-0.011000000000000	2.528699971068619
-0.010000000000000	3.384886791653579
-0.009000000000000	3.869498951016526
-0.008000000000000	5.085636061411360
-0.007000000000000	5.659109659937592
-0.006000000000000	6.650190951535575
-0.005000000000000	7.840586365514675
-0.004000000000000	12.226910740364019
-0.003000000000000	16.260304752545313
-0.002000000000000	15.198080268056463
-0.001000000000000	10.466613736022374
0.000000000000000	10.564897598906754
0.001000000000000	8.644439627806443
0.002000000000000	6.818579287142266
0.003000000000000	8.441501031253814
0.004000000000000	9.942565156867179
0.005000000000000	13.363838354417021
0.006000000000000	13.527970192806432
0.007000000000000	6.221861204599553
0.008000000000000	3.004618509055240
0.009000000000000	4.119260834681590
0.010000000000000	3.941559859904259
0.011000000000000	3.987399362011153
0.012000000000000	3.365665657862252
0.013000000000000	0.724172649868004
0.014000000000000	0.952262227474312
0.015000000000000	0.316741825288144
0.016000000000000	0.272445450448025
0.017000000000000	0.579802495649272
0.018000000000000	0.635579227238789
0.019000000000000	0.435834121909925
0.020000000000000	0.482938155645775
0.021000000000000	0.168299764777506
0.022000000000000	0.000000000000000
0.023000000000000	0.000000000000000
0.024000000000000	0.000000000000000
0.025000000000000	0.000000000000000
