-0.025000000000000	0.000000000000000
-0.024000000000000	0.000000000000000
-0.023000000000000	0.000000000000000
-0.022000000000000	0.000000000000000
-0.021000000000000	0.000000000000000
-0.020000000000000	0.000000000000000
-0.019000000000000	0.000000000000000
-0.018000000000000	0.000000000000000
-0.017000000000000	0.000000000000000
-0.016000000000000	0.000000000000000
-0.015000000000000	0.000000000000000
-0.014000000000000	0.000000000000000
-0.013000000000000	0.000000000000000
-0.012000000000000	0.000000000000000
-0.011000000000000	0.232284577340954
-0.010000000000000	1.294696216170642
-0.009000000000000	1.185329218068873
-0.008000000000000	1.373557276661782
-0.007000000000000	1.363739402132409
-0.006000000000000	2.147461088453521
-0.005000000000000	4.746643512056544
-0.004000000000000	14.520900302462785
-0.003000000000000	38.001813808058998
-0.002000000000000	52.721861704162485
-0.001000000000000	44.755598852378135
0.000000000000000	37.478682441374438
0.001000000000000	29.575308073195799
0.002000000000000	19.470659908463457
0.003000000000000	8.905000053566603
0.004000000000000	6.120148927154208
0.005000000000000	5.510354884623834
0.006000000000000	3.746675515668501
0.007000000000000	3.978687172026579
0.008000000000000	4.008659379690570
0.009000000000000	1.644360601199385
0.010000000000000	0.633971788666943
0.011000000000000	1.220759614759938
0.012000000000000	1.642300945680484
0.013000000000000	1.112437670649881
0.014000000000000	1.330741595548369
0.015000000000000	2.204586636887498
0.016000000000000	2.519792333479900
0.017000000000000	0.767625786982732
0.018000000000000	0.000000000000000
0.019000000000000	0.000000000000000
0.020000000000000	0.000000000000000
0.021000000000000	0.000000000000000
0.022000000000000	0.000000000000000
0.023000000000000	0.000000000000000
0.024000000000000	0.000000000000000
0.025000000000000	0.000000000000000
