-0.025000000000000	0.000000000000000
-0.024000000000000	0.000000000000000
-0.023000000000000	0.000000000000000
-0.022000000000000	0.000000000000000
-0.021000000000000	0.000000000000000
-0.020000000000000	0.000000000000000
-0.019000000000000	0.000000000000000
-0.018000000000000	0.000000000000000
-0.017000000000000	0.000000000000000
-0.016000000000000	0.754183593554227
-0.015000000000000	1.500387558474398
-0.014000000000000	1.130690350960774
-0.013000000000000	1.174761006509584
-0.012000000000000	0.603105002808502
-0.011000000000000	1.589518457437657
-0.010000000000000	2.359554232592731
-0.009000000000000	1.876272206339983
-0.008000000000000	2.490339127761889
-0.007000000000000	6.019002154904187
-0.006000000000000	12.447848550163096
-0.005000000000000	16.242096606007486
-0.004000000000000	21.810214243563106
-0.003000000000000	24.554051413948741
-0.002000000000000	23.602205506914984
-0.001000000000000	22.777124493230456
0.000000000000000	21.666297491994460
0.001000000000000	13.333948945117484
0.002000000000000	10.227868832350623
0.003000000000000	9.642080553505682
0.004000000000000	9.715755889255778
0.005000000000000	9.084225169754694
0.006000000000000	11.151633142374886
0.007000000000000	12.444773541557382
0.008000000000000	3.184644394961762
0.009000000000000	1.764335143449814
0.010000000000000	1.813619251633129
0.011000000000000	1.958283719372696
0.012000000000000	2.155069824845305
0.013000000000000	1.935172854656725
0.014000000000000	2.848344038196792
0.015000000000000	3.608038416167977
0.016000000000000	2.027089391426211
0.017000000000000	0.617516847430958
0.018000000000000	0.367252656393852
0.019000000000000	0.150375438138941
0.020000000000000	0.000000000000000
0.021000000000000	0.000000000000000
0.022000000000000	0.000000000000000
0.023000000000000	0.000000000000000
0.024000000000000	0.000000000000000
0.025000000000000	0.000000000000000
