-0.025000000000000	0.000000000000000
-0.024000000000000	0.000000000000000
-0.023000000000000	0.000000000000000
-0.022000000000000	0.000000000000000
-0.021000000000000	0.000000000000000
-0.020000000000000	0.000000000000000
-0.019000000000000	0.000000000000000
-0.018000000000000	0.000000000000000
-0.017000000000000	0.000000000000000
-0.016000000000000	0.000000000000000
-0.015000000000000	0.000000000000000
-0.014000000000000	0.000000000000000
-0.013000000000000	0.621618007218178
-0.012000000000000	0.701885667475941
-0.011000000000000	2.231475161389826
-0.010000000000000	9.373281257343042
-0.009000000000000	13.642831138012109
-0.008000000000000	14.065314855474901
-0.007000000000000	14.796711996140491
-0.006000000000000	16.686207208921061
-0.005000000000000	19.662454731781629
-0.004000000000000	28.429456649409193
-0.003000000000000	33.744520501226404
-0.002000000000000	35.227307752269105
-0.001000000000000	21.701473459896199
0.000000000000000	20.592485885626761
0.001000000000000	20.965359929751006
0.002000000000000	22.367540791844135
0.003000000000000	16.691296393661563
0.004000000000000	12.030119693464027
0.005000000000000	13.135397889862857
0.006000000000000	9.943802997760498
0.007000000000000	10.324706389536336
0.008000000000000	7.039224762035494
0.009000000000000	7.336339999065601
0.010000000000000	6.400029240024700
0.011000000000000	4.063973600398260
0.012000000000000	3.665156435393792
0.013000000000000	2.355933216027787
0.014000000000000	3.052045759839425
0.015000000000000	4.036093773787807
0.016000000000000	1.907716325448750
0.017000000000000	2.768779659494200
0.018000000000000	2.173128554911607
0.019000000000000	2.282523553509717
0.020000000000000	1.833558547976576
0.021000000000000	0.808247812795765
0.022000000000000	0.000000000000000
0.023000000000000	0.000000000000000
0.024000000000000	0.000000000000000
0.025000000000000	0.000000000000000
