-0.025000000000000	0.000000000000000
-0.024000000000000	0.000000000000000
-0.023000000000000	0.000000000000000
-0.022000000000000	0.000000000000000
-0.021000000000000	0.000000000000000
-0.020000000000000	0.000000000000000
-0.019000000000000	0.000000000000000
-0.018000000000000	0.000000000000000
-0.017000000000000	0.000000000000000
-0.016000000000000	0.000000000000000
-0.015000000000000	0.789813533891095
-0.014000000000000	1.230156529113189
-0.013000000000000	1.275787353045348
-0.012000000000000	1.218487008007786
-0.011000000000000	1.627028570287004
-0.010000000000000	3.023116602666851
-0.009000000000000	7.900038633410106
-0.008000000000000	8.735158476245953
-0.007000000000000	13.076341206803827
-0.006000000000000	21.765336814135722
-0.005000000000000	24.403925767679098
-0.004000000000000	24.717810448413278
-0.003000000000000	28.743223545015084
-0.002000000000000	27.897771196945548
-0.001000000000000	22.772850126507024
0.000000000000000	17.391262494119275
0.001000000000000	13.559534801440345
0.002000000000000	8.443668282032194
0.003000000000000	6.395137761691912
0.004000000000000	6.041035622007876
0.005000000000000	5.155177794651633
0.006000000000000	4.864976275163713
0.007000000000000	6.416860542912887
0.008000000000000	8.693532513195763
0.009000000000000	8.306489491405955
0.010000000000000	8.040774574668175
0.011000000000000	6.722070394206964
0.012000000000000	6.830341347490213
0.013000000000000	6.560915967502895
0.014000000000000	6.615127545292126
0.015000000000000	5.071351329353152
0.016000000000000	0.986907027715280
0.017000000000000	0.243383855634664
0.018000000000000	0.504356675411055
0.019000000000000	0.591205092944336
0.020000000000000	0.334485180032212
0.021000000000000	0.178591412783786
0.022000000000000	0.000000000000000
0.023000000000000	0.000000000000000
0.024000000000000	0.000000000000000
0.025000000000000	0.000000000000000
