-0.025000000000000	0.000000000000000
-0.024000000000000	0.000000000000000
-0.023000000000000	0.000000000000000
-0.022000000000000	0.000000000000000
-0.021000000000000	0.000000000000000
-0.020000000000000	0.000000000000000
-0.019000000000000	0.000000000000000
-0.018000000000000	0.000000000000000
-0.017000000000000	0.000000000000000
-0.016000000000000	0.000000000000000
-0.015000000000000	0.000000000000000
-0.014000000000000	0.000000000000000
-0.013000000000000	0.000000000000000
-0.012000000000000	0.000000000000000
-0.011000000000000	0.003611060511778
-0.010000000000000	1.186501011449046
-0.009000000000000	2.488380782769277
-0.008000000000000	2.676271683787315
-0.007000000000000	3.111222007575208
-0.006000000000000	8.067461842934788
-0.005000000000000	17.226803274902885
-0.004000000000000	25.744751761034923
-0.003000000000000	35.529931742266434
-0.002000000000000	32.304546387122684
-0.001000000000000	22.762182631029322
0.000000000000000	20.662301755841682
0.001000000000000	19.787919932158200
0.002000000000000	15.488132942302338
0.003000000000000	12.810423806703909
0.004000000000000	12.363037344096590
0.005000000000000	13.530461503904748
0.006000000000000	10.651407711172892
0.007000000000000	3.642674930360970
0.008000000000000	3.389419041809231
0.009000000000000	3.292046170220627
0.010000000000000	2.151460588706720
0.011000000000000	2.159201300917758
0.012000000000000	1.199120065426059
0.013000000000000	1.086952114201804
0.014000000000000	0.697456252004095
0.015000000000000	0.817778066484817
0.016000000000000	0.417308534209620
0.017000000000000	0.609441560626440
0.018000000000000	0.626915812340439
0.019000000000000	0.575469216831501
0.020000000000000	0.422526375536989
0.021000000000000	0.581545049184052
0.022000000000000	0.000000000000000
0.023000000000000	0.000000000000000
0.024000000000000	0.000000000000000
0.025000000000000	0.000000000000000
