-0.025000000000000	0.000000000000000
-0.024000000000000	0.000000000000000
-0.023000000000000	0.000000000000000
-0.022000000000000	0.000000000000000
-0.021000000000000	0.000000000000000
-0.020000000000000	0.000000000000000
-0.019000000000000	0.000000000000000
-0.018000000000000	0.000000000000000
-0.017000000000000	0.000000000000000
-0.016000000000000	0.000000000000000
-0.015000000000000	0.000000000000000
-0.014000000000000	0.000000000000000
-0.013000000000000	0.000000000000000
-0.012000000000000	0.000000000000000
-0.011000000000000	0.008817281447691
-0.010000000000000	0.944925073229351
-0.009000000000000	1.391377853491798
-0.008000000000000	1.745450636663020
-0.007000000000000	6.888923603306019
-0.006000000000000	13.227846161129850
-0.005000000000000	17.655020652788625
-0.004000000000000	30.005877717684381
-0.003000000000000	32.937042172028463
-0.002000000000000	28.530068292285495
-0.001000000000000	23.605271159990554
0.000000000000000	20.767312493796453
0.001000000000000	18.241390585866068
0.002000000000000	14.083114645833318
0.003000000000000	18.005722308859930
0.004000000000000	15.809669733114273
0.005000000000000	9.946785697859729
0.006000000000000	8.407592718905351
0.007000000000000	4.492631256118453
0.008000000000000	3.197447966843806
0.009000000000000	2.482435597636899
0.010000000000000	1.863900936944462
0.011000000000000	1.010025533005357
0.012000000000000	2.171243491608924
0.013000000000000	1.939671789088305
0.014000000000000	1.314419530447376
0.015000000000000	0.945277985486601
0.016000000000000	1.795672594245863
0.017000000000000	1.304845897070652
0.018000000000000	1.220745650693493
0.019000000000000	1.044257708780269
0.020000000000000	0.056904680237531
0.021000000000000	0.000000000000000
0.022000000000000	0.000000000000000
0.023000000000000	0.000000000000000
0.024000000000000	0.000000000000000
0.025000000000000	0.000000000000000
