-0.025000000000000	0.000000000000000
-0.024000000000000	0.000000000000000
-0.023000000000000	0.000000000000000
-0.022000000000000	0.000000000000000
-0.021000000000000	0.000000000000000
-0.020000000000000	0.000000000000000
-0.019000000000000	0.000000000000000
-0.018000000000000	0.000000000000000
-0.017000000000000	0.000000000000000
-0.016000000000000	0.000000000000000
-0.015000000000000	0.000000000000000
-0.014000000000000	0.000000000000000
-0.013000000000000	0.000000000000000
-0.012000000000000	0.000000000000000
-0.011000000000000	0.632273027862473
-0.010000000000000	3.025885382239581
-0.009000000000000	3.274405402916278
-0.008000000000000	5.301082680471843
-0.007000000000000	6.308979612811593
-0.006000000000000	12.027528172033048
-0.005000000000000	18.509847805241769
-0.004000000000000	24.185443706333064
-0.003000000000000	25.326050443981980
-0.002000000000000	23.018561878533735
-0.001000000000000	18.852115167133672
0.000000000000000	15.640357498500787
0.001000000000000	13.022024670634458
0.002000000000000	11.628179226794229
0.003000000000000	12.582364890349037
0.004000000000000	13.284104569315364
0.005000000000000	14.086512191484738
0.006000000000000	15.843111570689064
0.007000000000000	5.328008892144183
0.008000000000000	2.619309270043171
0.009000000000000	2.069014113953437
0.010000000000000	2.236417914918310
0.011000000000000	1.561382590115117
0.012000000000000	1.396361087317737
0.013000000000000	1.167777508229283
0.014000000000000	1.104474639825759
0.015000000000000	1.508660562297601
0.016000000000000	0.809466059761797
0.017000000000000	0.748441006851211
0.018000000000000	1.035956869535792
0.019000000000000	1.015535117133851
0.020000000000000	0.576124580501057
0.021000000000000	0.111321495728710
0.022000000000000	0.000000000000000
0.023000000000000	0.000000000000000
0.024000000000000	0.000000000000000
0.025000000000000	0.000000000000000
