-0.025000000000000	0.000000000000000
-0.024000000000000	0.000000000000000
-0.023000000000000	0.000000000000000
-0.022000000000000	0.000000000000000
-0.021000000000000	0.000000000000000
-0.020000000000000	0.000000000000000
-0.019000000000000	0.000000000000000
-0.018000000000000	0.000000000000000
-0.017000000000000	0.000000000000000
-0.016000000000000	0.000000000000000
-0.015000000000000	0.000000000000000
-0.014000000000000	0.000000000000000
-0.013000000000000	0.000000000000000
-0.012000000000000	0.000000000000000
-0.011000000000000	0.221121474777123
-0.010000000000000	1.214115361601729
-0.009000000000000	1.483826434414758
-0.008000000000000	0.873784286811637
-0.007000000000000	1.896588326958226
-0.006000000000000	8.789955985596212
-0.005000000000000	18.611913924436212
-0.004000000000000	23.662730951652829
-0.003000000000000	25.213803485536953
-0.002000000000000	35.125164728897182
-0.001000000000000	27.520579647402876
0.000000000000000	21.610344131236129
0.001000000000000	15.408580300859011
0.002000000000000	9.510379949773068
0.003000000000000	9.434149066222879
0.004000000000000	10.005341506881338
0.005000000000000	11.554154411842836
0.006000000000000	11.698171343259924
0.007000000000000	8.475882500918118
0.008000000000000	3.050971270594137
0.009000000000000	2.642066425027675
0.010000000000000	2.405063771629937
0.011000000000000	2.476345337858347
0.012000000000000	0.759067712308706
0.013000000000000	0.501578819028509
0.014000000000000	0.750243059245223
0.015000000000000	0.281739305898282
0.016000000000000	0.609029835069882
0.017000000000000	0.322989073912309
0.018000000000000	0.574039650768163
0.019000000000000	0.350386753764839
0.020000000000000	0.388954954020888
0.021000000000000	0.032879725963878
0.022000000000000	0.000000000000000
0.023000000000000	0.000000000000000
0.024000000000000	0.000000000000000
0.025000000000000	0.000000000000000
