-0.025000000000000	0.000000000000000
-0.024000000000000	0.000000000000000
-0.023000000000000	0.000000000000000
-0.022000000000000	0.000000000000000
-0.021000000000000	0.000000000000000
-0.020000000000000	0.000000000000000
-0.019000000000000	0.000000000000000
-0.018000000000000	0.000000000000000
-0.017000000000000	0.000000000000000
-0.016000000000000	0.000000000000000
-0.015000000000000	0.000000000000000
-0.014000000000000	0.000000000000000
-0.013000000000000	0.000000000000000
-0.012000000000000	0.000000000000000
-0.011000000000000	0.000000000000000
-0.010000000000000	0.457626861523537
-0.009000000000000	1.337025713843351
-0.008000000000000	1.543204603600319
-0.007000000000000	2.273176875328591
-0.006000000000000	8.572227351802491
-0.005000000000000	15.513048994868008
-0.004000000000000	20.183897406260158
-0.003000000000000	29.285778802122614
-0.002000000000000	26.198719306073794
-0.001000000000000	18.847544844325267
0.000000000000000	20.010813645046365
0.001000000000000	20.849278659522231
0.002000000000000	17.766387037082040
0.003000000000000	10.578567313520942
0.004000000000000	9.722246715683204
0.005000000000000	8.799609959190938
0.006000000000000	9.670872693342053
0.007000000000000	9.533489455884572
0.008000000000000	3.471115839733812
0.009000000000000	1.280475923299940
0.010000000000000	0.260420994807741
0.011000000000000	0.612605232202898
0.012000000000000	0.513973222860657
0.013000000000000	1.221817207459688
0.014000000000000	0.428034437187575
0.015000000000000	0.087281405330477
0.016000000000000	0.390177950689185
0.017000000000000	0.699123748318590
0.018000000000000	0.541469200693244
0.019000000000000	0.228925970954954
0.020000000000000	0.359734029505046
0.021000000000000	0.000000000000000
0.022000000000000	0.000000000000000
0.023000000000000	0.000000000000000
0.024000000000000	0.000000000000000
0.025000000000000	0.000000000000000
