-0.025000000000000	0.000000000000000
-0.024000000000000	0.000000000000000
-0.023000000000000	0.000000000000000
-0.022000000000000	0.000000000000000
-0.021000000000000	0.000000000000000
-0.020000000000000	0.000000000000000
-0.019000000000000	0.000000000000000
-0.018000000000000	0.000000000000000
-0.017000000000000	0.000000000000000
-0.016000000000000	0.000000000000000
-0.015000000000000	0.000000000000000
-0.014000000000000	0.000000000000000
-0.013000000000000	0.000000000000000
-0.012000000000000	0.000000000000000
-0.011000000000000	0.325513047877512
-0.010000000000000	1.478546175293400
-0.009000000000000	1.956219623575362
-0.008000000000000	3.891155835355950
-0.007000000000000	4.170231559887552
-0.006000000000000	7.444466937840775
-0.005000000000000	9.635496288327191
-0.004000000000000	21.037866044741740
-0.003000000000000	32.352556721555715
-0.002000000000000	32.969721251653191
-0.001000000000000	30.748057792278587
0.000000000000000	26.519553991872325
0.001000000000000	19.469876944973475
0.002000000000000	19.195164244244786
0.003000000000000	14.562016905487637
0.004000000000000	8.923684632306212
0.005000000000000	6.357378285361821
0.006000000000000	5.362674673942929
0.007000000000000	3.587270654644513
0.008000000000000	3.496433310337907
0.009000000000000	2.659682141437189
0.010000000000000	3.465103627412764
0.011000000000000	2.517633744830085
0.012000000000000	2.191970897051241
0.013000000000000	1.588824798954826
0.014000000000000	1.745590452272265
0.015000000000000	1.369150605134268
0.016000000000000	0.335527976672642
0.017000000000000	0.474111242648845
0.018000000000000	0.534203443481785
0.019000000000000	0.440127783580636
0.020000000000000	0.182067196302240
0.021000000000000	0.000000000000000
0.022000000000000	0.000000000000000
0.023000000000000	0.000000000000000
0.024000000000000	0.000000000000000
0.025000000000000	0.000000000000000
