-0.025000000000000	0.000000000000000
-0.024000000000000	0.000000000000000
-0.023000000000000	0.000000000000000
-0.022000000000000	0.000000000000000
-0.021000000000000	0.000000000000000
-0.020000000000000	0.000000000000000
-0.019000000000000	0.000000000000000
-0.018000000000000	0.000000000000000
-0.017000000000000	0.000000000000000
-0.016000000000000	0.000000000000000
-0.015000000000000	0.000000000000000
-0.014000000000000	0.000000000000000
-0.013000000000000	0.000000000000000
-0.012000000000000	0.000000000000000
-0.011000000000000	0.000000000000000
-0.010000000000000	0.000000000000000
-0.009000000000000	0.000000000000000
-0.008000000000000	1.011088546034266
-0.007000000000000	5.707891526261856
-0.006000000000000	13.359600175717350
-0.005000000000000	18.391739966848384
-0.004000000000000	25.300330091489510
-0.003000000000000	27.996400880455099
-0.002000000000000	32.036513006388397
-0.001000000000000	24.248347185537934
0.000000000000000	24.999931920897765
0.001000000000000	14.826201990365647
0.002000000000000	10.042313149982126
0.003000000000000	9.723213950765098
0.004000000000000	10.284654729523238
0.005000000000000	10.546661723331939
0.006000000000000	11.138730422594168
0.007000000000000	10.362722262583990
0.008000000000000	5.369016235146033
0.009000000000000	2.995926831387180
0.010000000000000	3.704372208010761
0.011000000000000	3.231286576517154
0.012000000000000	1.558369423647240
0.013000000000000	0.140812005866198
0.014000000000000	0.592989346668862
0.015000000000000	0.605222935662364
0.016000000000000	0.460828442489636
0.017000000000000	0.190865885667070
0.018000000000000	0.347773673020672
0.019000000000000	0.000000000000000
0.020000000000000	0.000000000000000
0.021000000000000	0.000000000000000
0.022000000000000	0.000000000000000
0.023000000000000	0.000000000000000
0.024000000000000	0.000000000000000
0.025000000000000	0.000000000000000
