-0.025000000000000	0.000000000000000
-0.024000000000000	0.000000000000000
-0.023000000000000	0.000000000000000
-0.022000000000000	0.000000000000000
-0.021000000000000	0.000000000000000
-0.020000000000000	0.000000000000000
-0.019000000000000	0.000000000000000
-0.018000000000000	0.000000000000000
-0.017000000000000	0.000000000000000
-0.016000000000000	0.000000000000000
-0.015000000000000	0.000000000000000
-0.014000000000000	0.000000000000000
-0.013000000000000	0.000000000000000
-0.012000000000000	0.000000000000000
-0.011000000000000	0.000000000000000
-0.010000000000000	0.000000000000000
-0.009000000000000	0.000000000000000
-0.008000000000000	0.242708800452803
-0.007000000000000	2.424648075055988
-0.006000000000000	8.577293055564539
-0.005000000000000	13.048263574665325
-0.004000000000000	23.160251117472349
-0.003000000000000	32.319235037564773
-0.002000000000000	40.421257701827038
-0.001000000000000	34.247147646320926
0.000000000000000	32.698903106634752
0.001000000000000	29.099697481524501
0.002000000000000	19.194894752557978
0.003000000000000	14.508282671521698
0.004000000000000	8.004568848793536
0.005000000000000	5.367944293277441
0.006000000000000	4.494348501845200
0.007000000000000	3.550658404515078
0.008000000000000	2.948321606526835
0.009000000000000	2.912204978445165
0.010000000000000	2.019004425353933
0.011000000000000	1.639191945970059
0.012000000000000	1.973526162309920
0.013000000000000	1.167731118840702
0.014000000000000	1.165807585231233
0.015000000000000	1.218500988345156
0.016000000000000	1.450210229708972
0.017000000000000	0.774413664812121
0.018000000000000	0.855587364643512
0.019000000000000	0.275983120294932
0.020000000000000	0.000000000000000
0.021000000000000	0.000000000000000
0.022000000000000	0.000000000000000
0.023000000000000	0.000000000000000
0.024000000000000	0.000000000000000
0.025000000000000	0.000000000000000
