-0.025000000000000	0.000000000000000
-0.024000000000000	0.000000000000000
-0.023000000000000	0.000000000000000
-0.022000000000000	0.000000000000000
-0.021000000000000	0.000000000000000
-0.020000000000000	0.000000000000000
-0.019000000000000	0.000000000000000
-0.018000000000000	1.075288898166116
-0.017000000000000	3.738097692668005
-0.016000000000000	3.025288407092602
-0.015000000000000	2.483749439226250
-0.014000000000000	2.759492024678940
-0.013000000000000	1.783635790791280
-0.012000000000000	2.330350671529995
-0.011000000000000	3.647924357201588
-0.010000000000000	9.425232641754212
-0.009000000000000	11.673822689826899
-0.008000000000000	8.935863840370930
-0.007000000000000	9.291239416108247
-0.006000000000000	9.128808889356799
-0.005000000000000	7.821391965993489
-0.004000000000000	9.465448288908972
-0.003000000000000	17.087289129967324
-0.002000000000000	13.513907409151575
-0.001000000000000	12.607706085728120
0.000000000000000	15.841436008112094
0.001000000000000	17.034049945285240
0.002000000000000	16.638468551802543
0.003000000000000	19.716107769360757
0.004000000000000	20.002878349334214
0.005000000000000	10.963518687157777
0.006000000000000	9.455141282525371
0.007000000000000	5.413172822157118
0.008000000000000	6.939770422942109
0.009000000000000	5.209147157776361
0.010000000000000	5.304623342178350
0.011000000000000	5.830424237229752
0.012000000000000	3.590528661153927
0.013000000000000	4.105667637916485
0.014000000000000	4.460847549539731
0.015000000000000	6.386226323041881
0.016000000000000	1.737501140878843
0.017000000000000	0.241292250596303
0.018000000000000	0.438013243558527
0.019000000000000	0.406061629491231
0.020000000000000	0.000000000000000
0.021000000000000	0.000000000000000
0.022000000000000	0.000000000000000
0.023000000000000	0.000000000000000
0.024000000000000	0.000000000000000
0.025000000000000	0.000000000000000
