-0.025000000000000	0.000000000000000
-0.024000000000000	0.000000000000000
-0.023000000000000	0.000000000000000
-0.022000000000000	0.000000000000000
-0.021000000000000	0.000000000000000
-0.020000000000000	0.000000000000000
-0.019000000000000	0.000000000000000
-0.018000000000000	0.000000000000000
-0.017000000000000	0.000000000000000
-0.016000000000000	0.000000000000000
-0.015000000000000	0.000000000000000
-0.014000000000000	0.000000000000000
-0.013000000000000	0.000000000000000
-0.012000000000000	0.000000000000000
-0.011000000000000	0.000000000000000
-0.010000000000000	0.000000000000000
-0.009000000000000	0.000000000000000
-0.008000000000000	0.231426628728113
-0.007000000000000	4.207948407735747
-0.006000000000000	7.680337375318572
-0.005000000000000	13.812634027568457
-0.004000000000000	22.216495380538891
-0.003000000000000	23.114982768335661
-0.002000000000000	27.397366186712091
-0.001000000000000	22.564748805943527
0.000000000000000	20.193446719383218
0.001000000000000	13.491584054714119
0.002000000000000	12.389703212080102
0.003000000000000	18.914067558652885
0.004000000000000	9.035906884722333
0.005000000000000	5.114441883285892
0.006000000000000	5.250642018745112
0.007000000000000	3.487589549251961
0.008000000000000	2.928293127292459
0.009000000000000	2.365153853348487
0.010000000000000	1.464477701016692
0.011000000000000	2.170549359440849
0.012000000000000	1.770747848517030
0.013000000000000	1.524348168145194
0.014000000000000	1.446482962217968
0.015000000000000	0.356029851822888
0.016000000000000	0.458449187152852
0.017000000000000	0.426641716307791
0.018000000000000	0.282935436035346
0.019000000000000	0.000000000000000
0.020000000000000	0.000000000000000
0.021000000000000	0.000000000000000
0.022000000000000	0.000000000000000
0.023000000000000	0.000000000000000
0.024000000000000	0.000000000000000
0.025000000000000	0.000000000000000
