-0.025000000000000	0.000000000000000
-0.024000000000000	0.000000000000000
-0.023000000000000	0.000000000000000
-0.022000000000000	0.000000000000000
-0.021000000000000	0.000000000000000
-0.020000000000000	0.000000000000000
-0.019000000000000	0.000000000000000
-0.018000000000000	0.000000000000000
-0.017000000000000	0.000000000000000
-0.016000000000000	0.000000000000000
-0.015000000000000	0.000000000000000
-0.014000000000000	0.000000000000000
-0.013000000000000	0.000000000000000
-0.012000000000000	0.000000000000000
-0.011000000000000	0.000000000000000
-0.010000000000000	0.000000000000000
-0.009000000000000	0.000000000000000
-0.008000000000000	0.000000000000000
-0.007000000000000	0.000717611124170
-0.006000000000000	3.989811180782763
-0.005000000000000	10.075917971345746
-0.004000000000000	18.326309466825300
-0.003000000000000	30.690404039276359
-0.002000000000000	36.302601865763229
-0.001000000000000	33.971907579155094
0.000000000000000	30.695033500218230
0.001000000000000	27.669436318996858
0.002000000000000	18.413461545664070
0.003000000000000	10.169370759946089
0.004000000000000	8.848012610418809
0.005000000000000	10.552180499276950
0.006000000000000	12.535261660508283
0.007000000000000	2.410408231872101
0.008000000000000	0.427483544545148
0.009000000000000	0.572818483189877
0.010000000000000	0.706230862883680
0.011000000000000	0.623768924912634
0.012000000000000	0.594227465016481
0.013000000000000	0.267033714208542
0.014000000000000	0.503316412899296
0.015000000000000	0.594799716107724
0.016000000000000	0.288884154719463
0.017000000000000	0.468998884229588
0.018000000000000	0.357692203393040
0.019000000000000	0.139253467652900
0.020000000000000	0.000000000000000
0.021000000000000	0.000000000000000
0.022000000000000	0.000000000000000
0.023000000000000	0.000000000000000
0.024000000000000	0.000000000000000
0.025000000000000	0.000000000000000
