-0.025000000000000	0.000000000000000
-0.024000000000000	0.000000000000000
-0.023000000000000	0.000000000000000
-0.022000000000000	0.000000000000000
-0.021000000000000	0.000000000000000
-0.020000000000000	0.000000000000000
-0.019000000000000	0.000000000000000
-0.018000000000000	0.000000000000000
-0.017000000000000	0.000000000000000
-0.016000000000000	0.000000000000000
-0.015000000000000	0.000000000000000
-0.014000000000000	0.000000000000000
-0.013000000000000	0.000000000000000
-0.012000000000000	0.000000000000000
-0.011000000000000	0.000000000000000
-0.010000000000000	0.000000000000000
-0.009000000000000	0.000000000000000
-0.008000000000000	0.161469434953222
-0.007000000000000	3.751840931676333
-0.006000000000000	9.400373586877471
-0.005000000000000	15.045757753761116
-0.004000000000000	20.543351478392086
-0.003000000000000	17.234123840281274
-0.002000000000000	25.315929882401310
-0.001000000000000	21.670003170255676
0.000000000000000	25.617542040576684
0.001000000000000	18.711553173727399
0.002000000000000	11.556268362006371
0.003000000000000	15.335787050194932
0.004000000000000	5.956730335735228
0.005000000000000	2.945733310234947
0.006000000000000	2.373715897419634
0.007000000000000	2.671060396009915
0.008000000000000	1.931651100043353
0.009000000000000	1.927543478073612
0.010000000000000	1.028594642845762
0.011000000000000	1.480991333993384
0.012000000000000	2.039373267340164
0.013000000000000	1.342363317201400
0.014000000000000	1.404523945843807
0.015000000000000	1.162701130660784
0.016000000000000	0.973474071750597
0.017000000000000	1.751293456107290
0.018000000000000	0.812070157467042
0.019000000000000	0.307886802867139
0.020000000000000	0.000000000000000
0.021000000000000	0.000000000000000
0.022000000000000	0.000000000000000
0.023000000000000	0.000000000000000
0.024000000000000	0.000000000000000
0.025000000000000	0.000000000000000
