-0.025000000000000	0.000000000000000
-0.024000000000000	0.000000000000000
-0.023000000000000	0.000000000000000
-0.022000000000000	0.000000000000000
-0.021000000000000	0.000000000000000
-0.020000000000000	0.000000000000000
-0.019000000000000	0.000000000000000
-0.018000000000000	0.000000000000000
-0.017000000000000	0.000000000000000
-0.016000000000000	0.000000000000000
-0.015000000000000	0.000000000000000
-0.014000000000000	0.000000000000000
-0.013000000000000	0.000000000000000
-0.012000000000000	0.000000000000000
-0.011000000000000	0.000000000000000
-0.010000000000000	0.081962460282791
-0.009000000000000	2.432545673658557
-0.008000000000000	6.094027008228742
-0.007000000000000	12.211610685302583
-0.006000000000000	14.842827252999465
-0.005000000000000	19.106638817390753
-0.004000000000000	21.189419093454415
-0.003000000000000	23.528690174713276
-0.002000000000000	26.603402219503526
-0.001000000000000	24.695805051632512
0.000000000000000	29.609693409482404
0.001000000000000	20.065762979745600
0.002000000000000	13.301289312490713
0.003000000000000	18.178635807042362
0.004000000000000	19.587576543032025
0.005000000000000	9.182913310843864
0.006000000000000	6.181716581942407
0.007000000000000	3.755311367882102
0.008000000000000	3.809023206743626
0.009000000000000	3.174915727139219
0.010000000000000	2.984797204790242
0.011000000000000	2.115254618513607
0.012000000000000	1.493978303846577
0.013000000000000	1.056922414685824
0.014000000000000	1.763326957397598
0.015000000000000	1.978616033286393
0.016000000000000	1.347503954041853
0.017000000000000	1.179429544606030
0.018000000000000	1.311755845809563
0.019000000000000	0.844052806810495
0.020000000000000	0.154424618833512
0.021000000000000	0.000000000000000
0.022000000000000	0.000000000000000
0.023000000000000	0.000000000000000
0.024000000000000	0.000000000000000
0.025000000000000	0.000000000000000
