-0.025000000000000	0.000000000000000
-0.024000000000000	0.000000000000000
-0.023000000000000	0.000000000000000
-0.022000000000000	0.000000000000000
-0.021000000000000	0.000000000000000
-0.020000000000000	0.000000000000000
-0.019000000000000	0.000000000000000
-0.018000000000000	0.000000000000000
-0.017000000000000	0.000000000000000
-0.016000000000000	0.000000000000000
-0.015000000000000	0.000000000000000
-0.014000000000000	0.000000000000000
-0.013000000000000	0.000000000000000
-0.012000000000000	0.000000000000000
-0.011000000000000	0.000000000000000
-0.010000000000000	0.000000000000000
-0.009000000000000	0.000000000000000
-0.008000000000000	0.000000000000000
-0.007000000000000	0.000000000000000
-0.006000000000000	0.009943987619759
-0.005000000000000	4.066891358710314
-0.004000000000000	14.734902139462518
-0.003000000000000	30.968205450122170
-0.002000000000000	50.119543183446730
-0.001000000000000	44.969728384922838
0.000000000000000	35.054046606071985
0.001000000000000	28.165073459887530
0.002000000000000	16.893469511895219
0.003000000000000	4.930305557305317
0.004000000000000	3.212482951480421
0.005000000000000	2.340406924303980
0.006000000000000	2.099246783698543
0.007000000000000	1.938368797791997
0.008000000000000	2.000545174287155
0.009000000000000	2.216421666361732
0.010000000000000	1.132874968499192
0.011000000000000	1.504802395642407
0.012000000000000	1.673592680452457
0.013000000000000	1.900364824130072
0.014000000000000	2.037706397129141
0.015000000000000	2.207670061357465
0.016000000000000	0.355530123744318
0.017000000000000	0.416581445243147
0.018000000000000	0.366428119386298
0.019000000000000	0.000000000000000
0.020000000000000	0.000000000000000
0.021000000000000	0.000000000000000
0.022000000000000	0.000000000000000
0.023000000000000	0.000000000000000
0.024000000000000	0.000000000000000
0.025000000000000	0.000000000000000
