-0.025000000000000	0.000000000000000
-0.024000000000000	0.000000000000000
-0.023000000000000	0.000000000000000
-0.022000000000000	0.000000000000000
-0.021000000000000	0.000000000000000
-0.020000000000000	0.000000000000000
-0.019000000000000	0.186634451647296
-0.018000000000000	1.146618804745050
-0.017000000000000	0.937265617859269
-0.016000000000000	0.865542885808369
-0.015000000000000	1.925184704398435
-0.014000000000000	1.952393464188846
-0.013000000000000	1.864716972825106
-0.012000000000000	2.103450820107981
-0.011000000000000	3.566500873204988
-0.010000000000000	5.063153034938646
-0.009000000000000	5.632066461386988
-0.008000000000000	9.662922287404182
-0.007000000000000	13.041746429549063
-0.006000000000000	17.464926512936149
-0.005000000000000	19.798305485164001
-0.004000000000000	26.868726483232411
-0.003000000000000	36.951811452796242
-0.002000000000000	31.362385350838856
-0.001000000000000	28.942575228547042
0.000000000000000	26.693380207573739
0.001000000000000	24.650435471261019
0.002000000000000	17.097423406819203
0.003000000000000	10.895643395964738
0.004000000000000	8.796754246561665
0.005000000000000	7.960442719090517
0.006000000000000	9.024638596300081
0.007000000000000	9.677342129569102
0.008000000000000	5.723519160662111
0.009000000000000	4.799946507086073
0.010000000000000	7.352340680363779
0.011000000000000	6.820565965615971
0.012000000000000	11.048723979020064
0.013000000000000	8.953632259337759
0.014000000000000	6.729635085584859
0.015000000000000	7.464080694882147
0.016000000000000	0.199541801991170
0.017000000000000	0.000000000000000
0.018000000000000	0.000000000000000
0.019000000000000	0.000000000000000
0.020000000000000	0.000000000000000
0.021000000000000	0.000000000000000
0.022000000000000	0.000000000000000
0.023000000000000	0.000000000000000
0.024000000000000	0.000000000000000
0.025000000000000	0.000000000000000
