-0.025000000000000	0.000000000000000
-0.024000000000000	0.000000000000000
-0.023000000000000	0.000000000000000
-0.022000000000000	0.000000000000000
-0.021000000000000	0.000000000000000
-0.020000000000000	0.000000000000000
-0.019000000000000	0.000000000000000
-0.018000000000000	0.000000000000000
-0.017000000000000	0.000000000000000
-0.016000000000000	0.682986341658449
-0.015000000000000	1.213032096925044
-0.014000000000000	1.095761367388591
-0.013000000000000	2.244837690863130
-0.012000000000000	2.246013258861206
-0.011000000000000	2.119749977243433
-0.010000000000000	2.356958266731266
-0.009000000000000	2.522609625744869
-0.008000000000000	1.984491093579667
-0.007000000000000	3.115424252934927
-0.006000000000000	6.009054181901207
-0.005000000000000	11.401452634198959
-0.004000000000000	22.772159990449030
-0.003000000000000	32.244072427134235
-0.002000000000000	42.371119068235288
-0.001000000000000	42.196067062147158
0.000000000000000	35.881941618358475
0.001000000000000	30.605872979824365
0.002000000000000	21.831899222703683
0.003000000000000	10.084281061491010
0.004000000000000	6.042934433492732
0.005000000000000	4.808406842748211
0.006000000000000	4.842603256246563
0.007000000000000	4.043915977657874
0.008000000000000	4.204206011912492
0.009000000000000	3.946649329312875
0.010000000000000	3.823636373650406
0.011000000000000	5.130482559847553
0.012000000000000	4.325702883915864
0.013000000000000	4.270783417467416
0.014000000000000	5.294628845689457
0.015000000000000	3.024452698143266
0.016000000000000	0.763543488070104
0.017000000000000	0.000000000000000
0.018000000000000	0.000000000000000
0.019000000000000	0.000000000000000
0.020000000000000	0.000000000000000
0.021000000000000	0.000000000000000
0.022000000000000	0.000000000000000
0.023000000000000	0.000000000000000
0.024000000000000	0.000000000000000
0.025000000000000	0.000000000000000
