-0.025000000000000	0.000000000000000
-0.024000000000000	0.000000000000000
-0.023000000000000	0.000000000000000
-0.022000000000000	0.000000000000000
-0.021000000000000	0.000000000000000
-0.020000000000000	0.000000000000000
-0.019000000000000	0.000000000000000
-0.018000000000000	0.000000000000000
-0.017000000000000	0.000000000000000
-0.016000000000000	0.000000000000000
-0.015000000000000	0.000000000000000
-0.014000000000000	0.000000000000000
-0.013000000000000	0.000000000000000
-0.012000000000000	0.000000000000000
-0.011000000000000	0.000000000000000
-0.010000000000000	0.156750077689793
-0.009000000000000	1.597759474801143
-0.008000000000000	2.462537589356988
-0.007000000000000	2.926102572587993
-0.006000000000000	7.363974315440680
-0.005000000000000	11.736640494054663
-0.004000000000000	15.878372613750491
-0.003000000000000	18.556334640430730
-0.002000000000000	26.881692340595343
-0.001000000000000	29.951173707098260
0.000000000000000	34.556287259155042
0.001000000000000	29.745764178886201
0.002000000000000	19.008581698714060
0.003000000000000	8.473943736056357
0.004000000000000	7.316964042783651
0.005000000000000	7.642673941367406
0.006000000000000	8.920685696550704
0.007000000000000	4.987956135655269
0.008000000000000	1.032644996588452
0.009000000000000	0.965896248338808
0.010000000000000	0.259583227081074
0.011000000000000	0.649247347673639
0.012000000000000	0.819270401820879
0.013000000000000	0.734307614448370
0.014000000000000	0.719726918616763
0.015000000000000	0.353541611976645
0.016000000000000	0.346324448687165
0.017000000000000	0.881113508620512
0.018000000000000	0.505171021487695
0.019000000000000	0.361398705169009
0.020000000000000	0.558866547035574
0.021000000000000	0.101962335603306
0.022000000000000	0.000000000000000
0.023000000000000	0.000000000000000
0.024000000000000	0.000000000000000
0.025000000000000	0.000000000000000
