-0.025000000000000	0.000000000000000
-0.024000000000000	0.000000000000000
-0.023000000000000	0.000000000000000
-0.022000000000000	0.000000000000000
-0.021000000000000	0.000000000000000
-0.020000000000000	0.000000000000000
-0.019000000000000	0.000000000000000
-0.018000000000000	0.000000000000000
-0.017000000000000	0.000000000000000
-0.016000000000000	0.000000000000000
-0.015000000000000	0.000000000000000
-0.014000000000000	0.000000000000000
-0.013000000000000	0.000000000000000
-0.012000000000000	0.000000000000000
-0.011000000000000	0.000000000000000
-0.010000000000000	0.055177549088969
-0.009000000000000	0.871214166208188
-0.008000000000000	1.223025021417657
-0.007000000000000	1.689356153599300
-0.006000000000000	1.271724101336166
-0.005000000000000	2.138451126996535
-0.004000000000000	4.430152845430800
-0.003000000000000	19.396263961082468
-0.002000000000000	37.538255958584379
-0.001000000000000	37.106431119124316
0.000000000000000	32.521120614269179
0.001000000000000	32.879200818332691
0.002000000000000	29.334475823028718
0.003000000000000	14.034773947234509
0.004000000000000	1.732337961420107
0.005000000000000	0.701930861040093
0.006000000000000	1.422181605645649
0.007000000000000	0.888837675735129
0.008000000000000	0.474783114330536
0.009000000000000	0.680736042344608
0.010000000000000	1.027363529601183
0.011000000000000	0.851130305812286
0.012000000000000	0.672392064483684
0.013000000000000	0.447716019229799
0.014000000000000	0.642548773029660
0.015000000000000	0.162690238059762
0.016000000000000	0.812552948225100
0.017000000000000	0.185102123742486
0.018000000000000	0.299089495382886
0.019000000000000	0.001246010241617
0.020000000000000	0.000000000000000
0.021000000000000	0.000000000000000
0.022000000000000	0.000000000000000
0.023000000000000	0.000000000000000
0.024000000000000	0.000000000000000
0.025000000000000	0.000000000000000
