-0.025000000000000	0.000000000000000
-0.024000000000000	0.000000000000000
-0.023000000000000	0.000000000000000
-0.022000000000000	0.000000000000000
-0.021000000000000	0.000000000000000
-0.020000000000000	0.000000000000000
-0.019000000000000	0.323130154878369
-0.018000000000000	0.970292529536124
-0.017000000000000	1.198070779808714
-0.016000000000000	0.549933863863455
-0.015000000000000	0.650202505724031
-0.014000000000000	1.059747602348181
-0.013000000000000	0.755951743174915
-0.012000000000000	0.997883675957552
-0.011000000000000	3.556541987365903
-0.010000000000000	4.253418927650081
-0.009000000000000	4.498830933183837
-0.008000000000000	5.835361065557061
-0.007000000000000	10.272121442663387
-0.006000000000000	18.961946662917722
-0.005000000000000	19.049045783134535
-0.004000000000000	17.830063070048475
-0.003000000000000	17.715818743945594
-0.002000000000000	18.168766634198839
-0.001000000000000	15.898931878432965
0.000000000000000	12.964976853347565
0.001000000000000	12.662147309973784
0.002000000000000	12.250959798225256
0.003000000000000	13.423175635293171
0.004000000000000	14.310625458071984
0.005000000000000	15.452324809623878
0.006000000000000	10.581012105474176
0.007000000000000	4.141931657886766
0.008000000000000	4.356893215035211
0.009000000000000	2.025721792438557
0.010000000000000	3.752700786234486
0.011000000000000	4.089554026893180
0.012000000000000	5.849735991951270
0.013000000000000	3.728309743144515
0.014000000000000	1.761894461794592
0.015000000000000	4.976854484792536
0.016000000000000	2.819282566300563
0.017000000000000	1.226350659473086
0.018000000000000	0.059218785173884
0.019000000000000	0.000000000000000
0.020000000000000	0.000000000000000
0.021000000000000	0.000000000000000
0.022000000000000	0.000000000000000
0.023000000000000	0.000000000000000
0.024000000000000	0.000000000000000
0.025000000000000	0.000000000000000
