-0.025000000000000	0.000000000000000
-0.024000000000000	0.000000000000000
-0.023000000000000	0.000000000000000
-0.022000000000000	0.000000000000000
-0.021000000000000	0.000000000000000
-0.020000000000000	0.000000000000000
-0.019000000000000	0.000000000000000
-0.018000000000000	0.000000000000000
-0.017000000000000	0.000000000000000
-0.016000000000000	0.000000000000000
-0.015000000000000	0.297919934101885
-0.014000000000000	1.995124701084097
-0.013000000000000	1.723486396489218
-0.012000000000000	2.159488023514253
-0.011000000000000	1.785837103276105
-0.010000000000000	4.249065636567888
-0.009000000000000	4.525063798071308
-0.008000000000000	4.580883001878105
-0.007000000000000	6.910220720510681
-0.006000000000000	12.892548377687698
-0.005000000000000	16.811680465326234
-0.004000000000000	20.700266687714567
-0.003000000000000	30.950867747410996
-0.002000000000000	26.682169158380422
-0.001000000000000	23.408851800490755
0.000000000000000	17.568009132371255
0.001000000000000	15.475884750977100
0.002000000000000	14.474388271704724
0.003000000000000	12.171739296679027
0.004000000000000	8.694040005571447
0.005000000000000	7.453032924917006
0.006000000000000	5.169784212826623
0.007000000000000	5.590880281865375
0.008000000000000	4.783778815856071
0.009000000000000	4.983050691031883
0.010000000000000	5.311806888008707
0.011000000000000	4.180662519352940
0.012000000000000	4.011593922611519
0.013000000000000	4.376317798632128
0.014000000000000	5.045215880016388
0.015000000000000	3.371955199906805
0.016000000000000	2.141036516941528
0.017000000000000	0.827570973529586
0.018000000000000	0.018508236050079
0.019000000000000	0.000000000000000
0.020000000000000	0.000000000000000
0.021000000000000	0.000000000000000
0.022000000000000	0.000000000000000
0.023000000000000	0.000000000000000
0.024000000000000	0.000000000000000
0.025000000000000	0.000000000000000
