-0.025000000000000	0.000000000000000
-0.024000000000000	0.000000000000000
-0.023000000000000	0.000000000000000
-0.022000000000000	0.000000000000000
-0.021000000000000	0.000000000000000
-0.020000000000000	0.000000000000000
-0.019000000000000	0.000000000000000
-0.018000000000000	0.000000000000000
-0.017000000000000	0.000000000000000
-0.016000000000000	0.000000000000000
-0.015000000000000	0.000000000000000
-0.014000000000000	0.000000000000000
-0.013000000000000	0.000000000000000
-0.012000000000000	0.000000000000000
-0.011000000000000	0.103878170856478
-0.010000000000000	1.798787595968834
-0.009000000000000	2.624818945156413
-0.008000000000000	2.724705650746940
-0.007000000000000	8.928436606552287
-0.006000000000000	14.675717464609773
-0.005000000000000	14.044702739326945
-0.004000000000000	11.089774203389188
-0.003000000000000	8.920614537093396
-0.002000000000000	8.980116419577589
-0.001000000000000	8.970825575729210
0.000000000000000	7.336839000776590
0.001000000000000	8.259790849415142
0.002000000000000	11.106942880076341
0.003000000000000	14.713833709340721
0.004000000000000	3.887217775660168
0.005000000000000	2.797872418706875
0.006000000000000	2.399115955082942
0.007000000000000	2.606888785462042
0.008000000000000	1.568113920115109
0.009000000000000	1.644981253890476
0.010000000000000	1.873870387235075
0.011000000000000	1.572703591356871
0.012000000000000	1.515688791320172
0.013000000000000	1.781527577369610
0.014000000000000	1.643293190655919
0.015000000000000	1.207194521992456
0.016000000000000	1.518384877932539
0.017000000000000	1.660706545687330
0.018000000000000	1.283928912603547
0.019000000000000	0.935904242966124
0.020000000000000	0.325752715761534
0.021000000000000	0.000000000000000
0.022000000000000	0.000000000000000
0.023000000000000	0.000000000000000
0.024000000000000	0.000000000000000
0.025000000000000	0.000000000000000
