-0.025000000000000	0.000000000000000
-0.024000000000000	0.000000000000000
-0.023000000000000	0.000000000000000
-0.022000000000000	0.000000000000000
-0.021000000000000	0.000000000000000
-0.020000000000000	0.000000000000000
-0.019000000000000	0.000000000000000
-0.018000000000000	0.000000000000000
-0.017000000000000	0.000000000000000
-0.016000000000000	0.000000000000000
-0.015000000000000	0.000000000000000
-0.014000000000000	0.000000000000000
-0.013000000000000	0.000000000000000
-0.012000000000000	0.000000000000000
-0.011000000000000	0.000000000000000
-0.010000000000000	0.481717104263211
-0.009000000000000	1.110410496319048
-0.008000000000000	0.748276640247049
-0.007000000000000	2.604509666754612
-0.006000000000000	10.888541821731650
-0.005000000000000	17.419860495651019
-0.004000000000000	23.525510847914173
-0.003000000000000	27.978543213934131
-0.002000000000000	23.474438017547232
-0.001000000000000	17.354092930507566
0.000000000000000	16.589215917894752
0.001000000000000	17.260038974383580
0.002000000000000	13.482005640132950
0.003000000000000	13.755071108580307
0.004000000000000	15.047155017740929
0.005000000000000	11.860129878246475
0.006000000000000	11.847522165426311
0.007000000000000	4.681901322926911
0.008000000000000	2.563013221418586
0.009000000000000	2.198123129979208
0.010000000000000	2.310815566587185
0.011000000000000	1.818814225501163
0.012000000000000	0.448749155019758
0.013000000000000	0.553415456746334
0.014000000000000	0.640197331006084
0.015000000000000	0.525720869097111
0.016000000000000	0.329394955085690
0.017000000000000	0.329862999503106
0.018000000000000	0.114412799282823
0.019000000000000	0.000000000000000
0.020000000000000	0.000000000000000
0.021000000000000	0.000000000000000
0.022000000000000	0.000000000000000
0.023000000000000	0.000000000000000
0.024000000000000	0.000000000000000
0.025000000000000	0.000000000000000
