-0.025000000000000	0.000000000000000
-0.024000000000000	0.000000000000000
-0.023000000000000	0.000000000000000
-0.022000000000000	0.000000000000000
-0.021000000000000	0.000000000000000
-0.020000000000000	0.000000000000000
-0.019000000000000	0.000000000000000
-0.018000000000000	0.000000000000000
-0.017000000000000	0.000000000000000
-0.016000000000000	0.000000000000000
-0.015000000000000	0.000000000000000
-0.014000000000000	0.473662696152349
-0.013000000000000	1.830519388728657
-0.012000000000000	2.271819555981882
-0.011000000000000	2.362983038303678
-0.010000000000000	3.263738013814508
-0.009000000000000	4.396970923464075
-0.008000000000000	3.450158409030771
-0.007000000000000	4.781125022165071
-0.006000000000000	7.836110307191166
-0.005000000000000	20.321426916803414
-0.004000000000000	28.273484682310180
-0.003000000000000	26.733558047808561
-0.002000000000000	20.277136198599205
-0.001000000000000	15.733676728724705
0.000000000000000	12.194944769375221
0.001000000000000	11.572986009608082
0.002000000000000	9.761886383139696
0.003000000000000	15.369549485210454
0.004000000000000	17.283691001059083
0.005000000000000	16.610028703678946
0.006000000000000	13.521759637043866
0.007000000000000	4.047570213842816
0.008000000000000	3.856099368770770
0.009000000000000	3.197650449477224
0.010000000000000	3.251865721065727
0.011000000000000	1.352346728763989
0.012000000000000	2.234292993490429
0.013000000000000	1.912539505118388
0.014000000000000	1.112317468936883
0.015000000000000	1.580423611205901
0.016000000000000	1.285381569937524
0.017000000000000	1.252936054346505
0.018000000000000	0.958122198799470
0.019000000000000	0.673251697501672
0.020000000000000	0.209783345726961
0.021000000000000	0.000000000000000
0.022000000000000	0.000000000000000
0.023000000000000	0.000000000000000
0.024000000000000	0.000000000000000
0.025000000000000	0.000000000000000
