-0.025000000000000	0.000000000000000
-0.024000000000000	0.000000000000000
-0.023000000000000	0.000000000000000
-0.022000000000000	0.000000000000000
-0.021000000000000	0.000000000000000
-0.020000000000000	0.000000000000000
-0.019000000000000	0.000000000000000
-0.018000000000000	0.000000000000000
-0.017000000000000	0.113262831302304
-0.016000000000000	1.177048646461284
-0.015000000000000	0.657920097760811
-0.014000000000000	1.229618743396874
-0.013000000000000	0.531989826184178
-0.012000000000000	0.456066568422907
-0.011000000000000	1.047180131615310
-0.010000000000000	0.509413350080169
-0.009000000000000	0.589904208202482
-0.008000000000000	0.292892950892846
-0.007000000000000	0.667344212617045
-0.006000000000000	5.187203904363942
-0.005000000000000	10.429343661244861
-0.004000000000000	16.243633740803489
-0.003000000000000	23.349806611083526
-0.002000000000000	21.378809585275562
-0.001000000000000	17.793813991197336
0.000000000000000	13.716938311015731
0.001000000000000	10.212343101032783
0.002000000000000	6.367118318323106
0.003000000000000	4.049058913941023
0.004000000000000	3.280681082058202
0.005000000000000	4.127204490689170
0.006000000000000	4.567576004215936
0.007000000000000	4.528784836934800
0.008000000000000	3.546603204500363
0.009000000000000	4.131195426895949
0.010000000000000	3.339680581149580
0.011000000000000	3.354833759578960
0.012000000000000	1.906623711043087
0.013000000000000	0.966829294384046
0.014000000000000	0.961461069635338
0.015000000000000	1.507238188075829
0.016000000000000	0.679404323907519
0.017000000000000	0.470487118778111
0.018000000000000	0.322252523439389
0.019000000000000	0.417127436563282
0.020000000000000	0.000000000000000
0.021000000000000	0.000000000000000
0.022000000000000	0.000000000000000
0.023000000000000	0.000000000000000
0.024000000000000	0.000000000000000
0.025000000000000	0.000000000000000
