-0.025000000000000	0.000000000000000
-0.024000000000000	0.000000000000000
-0.023000000000000	0.000000000000000
-0.022000000000000	0.000000000000000
-0.021000000000000	0.000000000000000
-0.020000000000000	0.000000000000000
-0.019000000000000	0.000000000000000
-0.018000000000000	0.000000000000000
-0.017000000000000	0.000000000000000
-0.016000000000000	0.000000000000000
-0.015000000000000	0.000000000000000
-0.014000000000000	0.000000000000000
-0.013000000000000	0.000000000000000
-0.012000000000000	0.000000000000000
-0.011000000000000	0.000000000000000
-0.010000000000000	0.742619218947190
-0.009000000000000	2.700424205470241
-0.008000000000000	5.530899367498782
-0.007000000000000	9.813979675338382
-0.006000000000000	11.884973823385801
-0.005000000000000	13.991506241856685
-0.004000000000000	17.245519240477034
-0.003000000000000	19.393365804510367
-0.002000000000000	19.467607139014639
-0.001000000000000	18.789840567825607
0.000000000000000	18.692833510536079
0.001000000000000	19.966438743815448
0.002000000000000	16.885461437235424
0.003000000000000	13.826891222620745
0.004000000000000	11.129245873546685
0.005000000000000	11.073279462138863
0.006000000000000	8.017234088926077
0.007000000000000	3.540496258335860
0.008000000000000	3.266677976106027
0.009000000000000	3.967806694203236
0.010000000000000	3.608202597576237
0.011000000000000	1.190571796323857
0.012000000000000	0.244513968455336
0.013000000000000	0.492243882088917
0.014000000000000	0.947030050822983
0.015000000000000	0.382547835807511
0.016000000000000	0.857806691115547
0.017000000000000	0.286330266022244
0.018000000000000	0.440618864760794
0.019000000000000	0.625830298944116
0.020000000000000	0.648197849409638
0.021000000000000	0.294224866612579
0.022000000000000	0.088794624129591
0.023000000000000	0.000000000000000
0.024000000000000	0.000000000000000
0.025000000000000	0.000000000000000
