-0.025000000000000	0.000000000000000
-0.024000000000000	0.000000000000000
-0.023000000000000	0.000000000000000
-0.022000000000000	0.000000000000000
-0.021000000000000	0.000000000000000
-0.020000000000000	0.000000000000000
-0.019000000000000	0.000000000000000
-0.018000000000000	0.000000000000000
-0.017000000000000	0.000000000000000
-0.016000000000000	0.000000000000000
-0.015000000000000	0.000000000000000
-0.014000000000000	0.000000000000000
-0.013000000000000	0.000000000000000
-0.012000000000000	0.000000000000000
-0.011000000000000	0.871888523706301
-0.010000000000000	2.955679907599425
-0.009000000000000	3.301652625285970
-0.008000000000000	4.316657079924298
-0.007000000000000	7.970288753112333
-0.006000000000000	23.250810613500622
-0.005000000000000	28.048550693062072
-0.004000000000000	29.961547557486291
-0.003000000000000	30.415492933123240
-0.002000000000000	25.096403220535894
-0.001000000000000	18.597273349398641
0.000000000000000	18.182187685195622
0.001000000000000	13.504852005506896
0.002000000000000	13.777853283258686
0.003000000000000	11.514959550699269
0.004000000000000	13.559853880348232
0.005000000000000	15.656073851742178
0.006000000000000	14.075609241070243
0.007000000000000	5.311718736159558
0.008000000000000	4.176968826798933
0.009000000000000	2.502708995424585
0.010000000000000	3.367328251580644
0.011000000000000	4.166133317021663
0.012000000000000	4.991764779953479
0.013000000000000	5.227552605985731
0.014000000000000	2.855857145801536
0.015000000000000	4.700799273773116
0.016000000000000	1.101254783631890
0.017000000000000	0.000000000000000
0.018000000000000	0.000000000000000
0.019000000000000	0.000000000000000
0.020000000000000	0.000000000000000
0.021000000000000	0.000000000000000
0.022000000000000	0.000000000000000
0.023000000000000	0.000000000000000
0.024000000000000	0.000000000000000
0.025000000000000	0.000000000000000
