-0.025000000000000	0.000000000000000
-0.024000000000000	0.000000000000000
-0.023000000000000	0.000000000000000
-0.022000000000000	0.000000000000000
-0.021000000000000	0.000000000000000
-0.020000000000000	0.000000000000000
-0.019000000000000	0.000000000000000
-0.018000000000000	0.000000000000000
-0.017000000000000	0.000000000000000
-0.016000000000000	0.000000000000000
-0.015000000000000	0.000000000000000
-0.014000000000000	0.000000000000000
-0.013000000000000	0.000000000000000
-0.012000000000000	0.000000000000000
-0.011000000000000	0.176186431404057
-0.010000000000000	1.378070843201895
-0.009000000000000	1.385375293139155
-0.008000000000000	2.228907165004548
-0.007000000000000	4.953078494601893
-0.006000000000000	9.925292315424654
-0.005000000000000	16.089217712883418
-0.004000000000000	24.917597463494225
-0.003000000000000	23.069052559545021
-0.002000000000000	19.746837910081315
-0.001000000000000	19.059176945056688
0.000000000000000	21.410181449470699
0.001000000000000	18.053777033748688
0.002000000000000	14.747126542193746
0.003000000000000	15.088315573888888
0.004000000000000	9.820856199396580
0.005000000000000	4.675172179410160
0.006000000000000	4.611022990174513
0.007000000000000	3.644621623041933
0.008000000000000	3.700105594992187
0.009000000000000	2.948822433556566
0.010000000000000	1.893311683360740
0.011000000000000	1.700373364112926
0.012000000000000	2.029246304418952
0.013000000000000	0.871764265408563
0.014000000000000	1.384226244812810
0.015000000000000	1.645863861039866
0.016000000000000	1.068789232636494
0.017000000000000	1.253042936402433
0.018000000000000	1.023873485675951
0.019000000000000	0.476499933010964
0.020000000000000	0.068250493047645
0.021000000000000	0.000000000000000
0.022000000000000	0.000000000000000
0.023000000000000	0.000000000000000
0.024000000000000	0.000000000000000
0.025000000000000	0.000000000000000
