-0.025000000000000	0.000000000000000
-0.024000000000000	0.000000000000000
-0.023000000000000	0.000000000000000
-0.022000000000000	0.000000000000000
-0.021000000000000	0.000000000000000
-0.020000000000000	0.000000000000000
-0.019000000000000	0.283100974436447
-0.018000000000000	0.997863984322716
-0.017000000000000	1.070024383145689
-0.016000000000000	0.839202120173184
-0.015000000000000	0.884614086377477
-0.014000000000000	0.434980842519762
-0.013000000000000	0.700289606821614
-0.012000000000000	1.169808534214627
-0.011000000000000	2.232719181270679
-0.010000000000000	4.152835086410281
-0.009000000000000	6.155820167570482
-0.008000000000000	6.943212506478083
-0.007000000000000	8.960182857185924
-0.006000000000000	9.531072572775287
-0.005000000000000	9.755369177283463
-0.004000000000000	11.506502013271684
-0.003000000000000	19.581112321911615
-0.002000000000000	23.944734149364432
-0.001000000000000	19.185796745376496
0.000000000000000	18.168968826677162
0.001000000000000	18.333698308436208
0.002000000000000	18.134001134086876
0.003000000000000	8.721174699078311
0.004000000000000	4.790190530758333
0.005000000000000	5.210298771480431
0.006000000000000	6.439631679366216
0.007000000000000	4.899876363623462
0.008000000000000	3.666665101828256
0.009000000000000	3.187368947519019
0.010000000000000	3.308641777158619
0.011000000000000	4.558187365088900
0.012000000000000	5.892335776463859
0.013000000000000	4.517077603854027
0.014000000000000	2.562944729507566
0.015000000000000	4.441384241851690
0.016000000000000	2.658798935667596
0.017000000000000	0.079202418229589
0.018000000000000	0.000000000000000
0.019000000000000	0.000000000000000
0.020000000000000	0.000000000000000
0.021000000000000	0.000000000000000
0.022000000000000	0.000000000000000
0.023000000000000	0.000000000000000
0.024000000000000	0.000000000000000
0.025000000000000	0.000000000000000
