-0.025000000000000	0.000000000000000
-0.024000000000000	0.000000000000000
-0.023000000000000	0.000000000000000
-0.022000000000000	0.000000000000000
-0.021000000000000	0.000000000000000
-0.020000000000000	0.000000000000000
-0.019000000000000	0.000000000000000
-0.018000000000000	0.000000000000000
-0.017000000000000	0.000000000000000
-0.016000000000000	0.000000000000000
-0.015000000000000	0.000000000000000
-0.014000000000000	0.000000000000000
-0.013000000000000	0.000000000000000
-0.012000000000000	0.000000000000000
-0.011000000000000	1.355815229969473
-0.010000000000000	2.506816985146315
-0.009000000000000	2.034250223892672
-0.008000000000000	4.883087128446787
-0.007000000000000	13.865672942910342
-0.006000000000000	14.838265711441419
-0.005000000000000	14.648977302947685
-0.004000000000000	15.999773749178699
-0.003000000000000	14.393258795807830
-0.002000000000000	11.792529950043301
-0.001000000000000	13.645772874016737
0.000000000000000	11.928622546162664
0.001000000000000	13.796552915034770
0.002000000000000	15.302787911730730
0.003000000000000	16.985977150083674
0.004000000000000	12.467268000359343
0.005000000000000	2.815386341335915
0.006000000000000	2.438860688485733
0.007000000000000	2.767993827252603
0.008000000000000	2.489697177919828
0.009000000000000	2.604757694745673
0.010000000000000	3.328325050011602
0.011000000000000	3.496981641047167
0.012000000000000	3.175894810449796
0.013000000000000	3.166005219273517
0.014000000000000	2.789398565586261
0.015000000000000	2.281014219407084
0.016000000000000	0.756248426022741
0.017000000000000	0.497741875091998
0.018000000000000	0.809144823716882
0.019000000000000	0.296466784402604
0.020000000000000	0.010158467162675
0.021000000000000	0.000000000000000
0.022000000000000	0.000000000000000
0.023000000000000	0.000000000000000
0.024000000000000	0.000000000000000
0.025000000000000	0.000000000000000
