-0.025000000000000	0.000000000000000
-0.024000000000000	0.000000000000000
-0.023000000000000	0.000000000000000
-0.022000000000000	0.000000000000000
-0.021000000000000	0.000000000000000
-0.020000000000000	0.000000000000000
-0.019000000000000	0.000000000000000
-0.018000000000000	0.000000000000000
-0.017000000000000	0.000000000000000
-0.016000000000000	0.000000000000000
-0.015000000000000	0.000000000000000
-0.014000000000000	0.000000000000000
-0.013000000000000	0.000000000000000
-0.012000000000000	0.000000000000000
-0.011000000000000	1.086163238906135
-0.010000000000000	2.402185582353264
-0.009000000000000	3.850570003635512
-0.008000000000000	4.835235497561396
-0.007000000000000	10.114627838267458
-0.006000000000000	13.153815140412943
-0.005000000000000	20.961843534550070
-0.004000000000000	19.555465792271665
-0.003000000000000	27.667761867705899
-0.002000000000000	36.938014022729035
-0.001000000000000	35.152672827925365
0.000000000000000	34.138720128869664
0.001000000000000	26.120844813622103
0.002000000000000	16.326315040008897
0.003000000000000	7.203588326028139
0.004000000000000	6.294287494544502
0.005000000000000	5.777261264527723
0.006000000000000	5.415107019715620
0.007000000000000	5.850945348293943
0.008000000000000	7.449839609373473
0.009000000000000	7.566206177713259
0.010000000000000	6.483846895449357
0.011000000000000	5.960676479914152
0.012000000000000	4.899712820765842
0.013000000000000	3.066475276185795
0.014000000000000	1.650086002375018
0.015000000000000	1.560071169408922
0.016000000000000	1.070344492226694
0.017000000000000	0.211564606289543
0.018000000000000	0.000000000000000
0.019000000000000	0.000000000000000
0.020000000000000	0.000000000000000
0.021000000000000	0.000000000000000
0.022000000000000	0.000000000000000
0.023000000000000	0.000000000000000
0.024000000000000	0.000000000000000
0.025000000000000	0.000000000000000
