-0.025000000000000	0.000000000000000
-0.024000000000000	0.000000000000000
-0.023000000000000	0.000000000000000
-0.022000000000000	0.000000000000000
-0.021000000000000	0.000000000000000
-0.020000000000000	0.000000000000000
-0.019000000000000	0.000000000000000
-0.018000000000000	0.000000000000000
-0.017000000000000	0.000000000000000
-0.016000000000000	0.000000000000000
-0.015000000000000	0.000000000000000
-0.014000000000000	0.000000000000000
-0.013000000000000	0.000000000000000
-0.012000000000000	0.000000000000000
-0.011000000000000	0.000000000000000
-0.010000000000000	0.727409649449888
-0.009000000000000	1.417404374081868
-0.008000000000000	2.357203383929356
-0.007000000000000	2.927879749464644
-0.006000000000000	4.540142135898575
-0.005000000000000	10.189417381685397
-0.004000000000000	29.429007475703980
-0.003000000000000	31.246927548841004
-0.002000000000000	29.795487909469841
-0.001000000000000	25.064605992647071
0.000000000000000	22.978148602821204
0.001000000000000	20.498080267495393
0.002000000000000	13.122494148668054
0.003000000000000	8.157754166322615
0.004000000000000	7.238378760697235
0.005000000000000	8.387228597315742
0.006000000000000	8.541673504215696
0.007000000000000	10.002634262523639
0.008000000000000	7.990359756642778
0.009000000000000	1.690758551709526
0.010000000000000	1.120642934281498
0.011000000000000	0.818796690002053
0.012000000000000	0.538651255702252
0.013000000000000	0.366822436006342
0.014000000000000	0.273281468160212
0.015000000000000	1.365203497560480
0.016000000000000	0.230598380893160
0.017000000000000	0.288718574827822
0.018000000000000	0.751876934092195
0.019000000000000	0.484687150129107
0.020000000000000	0.166045677696079
0.021000000000000	0.000000000000000
0.022000000000000	0.000000000000000
0.023000000000000	0.000000000000000
0.024000000000000	0.000000000000000
0.025000000000000	0.000000000000000
