-0.025000000000000	0.000000000000000
-0.024000000000000	0.000000000000000
-0.023000000000000	0.000000000000000
-0.022000000000000	0.000000000000000
-0.021000000000000	0.000000000000000
-0.020000000000000	0.000000000000000
-0.019000000000000	0.000000000000000
-0.018000000000000	0.000000000000000
-0.017000000000000	0.354227169869056
-0.016000000000000	1.238786698764066
-0.015000000000000	1.060345629904758
-0.014000000000000	1.849227543699191
-0.013000000000000	2.608041846472088
-0.012000000000000	2.896159602241244
-0.011000000000000	2.475351142292619
-0.010000000000000	3.830551735629081
-0.009000000000000	3.558849352875157
-0.008000000000000	5.851979839525605
-0.007000000000000	5.734359460303240
-0.006000000000000	7.116676855692275
-0.005000000000000	9.731729630893456
-0.004000000000000	21.009108696285058
-0.003000000000000	25.228762717734693
-0.002000000000000	28.925281672523301
-0.001000000000000	23.753031263577537
0.000000000000000	19.998212727289879
0.001000000000000	14.753474594853174
0.002000000000000	15.044227332666930
0.003000000000000	17.356810329199178
0.004000000000000	15.778428834642323
0.005000000000000	11.514117182849233
0.006000000000000	4.901526694477053
0.007000000000000	3.814490861292246
0.008000000000000	3.456829575159933
0.009000000000000	3.856042788214493
0.010000000000000	1.716684416726004
0.011000000000000	1.053705498805116
0.012000000000000	2.356246080288689
0.013000000000000	1.912252099395164
0.014000000000000	2.754532067431403
0.015000000000000	4.239494686015338
0.016000000000000	4.486658006603094
0.017000000000000	1.674312368248031
0.018000000000000	0.822214230020566
0.019000000000000	0.642893005129952
0.020000000000000	0.166509289807075
0.021000000000000	0.090447817860697
0.022000000000000	0.000000000000000
0.023000000000000	0.000000000000000
0.024000000000000	0.000000000000000
0.025000000000000	0.000000000000000
