-0.025000000000000	0.000000000000000
-0.024000000000000	0.000000000000000
-0.023000000000000	0.000000000000000
-0.022000000000000	0.000000000000000
-0.021000000000000	0.000000000000000
-0.020000000000000	0.000000000000000
-0.019000000000000	0.011887300210184
-0.018000000000000	0.696363310953663
-0.017000000000000	0.972346820333646
-0.016000000000000	0.974087846967161
-0.015000000000000	0.810523477263626
-0.014000000000000	0.518004487535560
-0.013000000000000	0.738548008550380
-0.012000000000000	0.891858379092688
-0.011000000000000	1.961110550865897
-0.010000000000000	4.122054934234050
-0.009000000000000	4.440879862509394
-0.008000000000000	5.447099546681998
-0.007000000000000	10.302558842274019
-0.006000000000000	20.408489963422330
-0.005000000000000	22.363472747652356
-0.004000000000000	20.666378991811342
-0.003000000000000	22.262186308013309
-0.002000000000000	20.176168123622407
-0.001000000000000	17.995153845251366
0.000000000000000	15.730026508709113
0.001000000000000	14.507310211890898
0.002000000000000	13.739535582224335
0.003000000000000	11.241525110399539
0.004000000000000	12.931759042564583
0.005000000000000	12.563526896809812
0.006000000000000	14.461286485582098
0.007000000000000	5.568643076186051
0.008000000000000	5.136720321359730
0.009000000000000	3.850728047696875
0.010000000000000	3.911004491823363
0.011000000000000	3.816799422109896
0.012000000000000	6.321413810505288
0.013000000000000	4.023118779884181
0.014000000000000	1.729796078280417
0.015000000000000	3.905363782242636
0.016000000000000	3.744007391072139
0.017000000000000	0.086314586917266
0.018000000000000	0.000000000000000
0.019000000000000	0.000000000000000
0.020000000000000	0.000000000000000
0.021000000000000	0.000000000000000
0.022000000000000	0.000000000000000
0.023000000000000	0.000000000000000
0.024000000000000	0.000000000000000
0.025000000000000	0.000000000000000
