-0.025000000000000	0.000000000000000
-0.024000000000000	0.000000000000000
-0.023000000000000	0.000000000000000
-0.022000000000000	0.000000000000000
-0.021000000000000	0.000000000000000
-0.020000000000000	0.000000000000000
-0.019000000000000	0.000000000000000
-0.018000000000000	0.000000000000000
-0.017000000000000	0.000000000000000
-0.016000000000000	0.000000000000000
-0.015000000000000	0.000000000000000
-0.014000000000000	0.000000000000000
-0.013000000000000	0.000000000000000
-0.012000000000000	0.000000000000000
-0.011000000000000	0.000000000000000
-0.010000000000000	0.284441654069165
-0.009000000000000	1.545514392286031
-0.008000000000000	2.987847098247477
-0.007000000000000	4.187854437262734
-0.006000000000000	6.555639691783886
-0.005000000000000	12.485883716666004
-0.004000000000000	21.736405805953805
-0.003000000000000	24.732235085168327
-0.002000000000000	33.877287584201824
-0.001000000000000	24.498960583002756
0.000000000000000	24.282394630085513
0.001000000000000	16.240331773275987
0.002000000000000	13.239114668176802
0.003000000000000	15.202347008702283
0.004000000000000	11.838341095930121
0.005000000000000	15.302900075448127
0.006000000000000	11.210710215711119
0.007000000000000	8.977252869428309
0.008000000000000	2.522321641831595
0.009000000000000	1.025270515935713
0.010000000000000	0.346679177508042
0.011000000000000	0.573061637980860
0.012000000000000	0.576883298727299
0.013000000000000	0.507621672278372
0.014000000000000	0.431315536845831
0.015000000000000	0.281887014582542
0.016000000000000	0.397403579995027
0.017000000000000	0.506610281695913
0.018000000000000	0.216317349587216
0.019000000000000	0.023879277860449
0.020000000000000	0.000000000000000
0.021000000000000	0.000000000000000
0.022000000000000	0.000000000000000
0.023000000000000	0.000000000000000
0.024000000000000	0.000000000000000
0.025000000000000	0.000000000000000
