-0.025000000000000	0.000000000000000
-0.024000000000000	0.000000000000000
-0.023000000000000	0.000000000000000
-0.022000000000000	0.000000000000000
-0.021000000000000	0.000000000000000
-0.020000000000000	0.000000000000000
-0.019000000000000	0.000000000000000
-0.018000000000000	0.000000000000000
-0.017000000000000	0.000000000000000
-0.016000000000000	0.000000000000000
-0.015000000000000	0.000000000000000
-0.014000000000000	0.000000000000000
-0.013000000000000	0.000000000000000
-0.012000000000000	0.000000000000000
-0.011000000000000	0.537815106158552
-0.010000000000000	1.420927153678939
-0.009000000000000	2.058000778510951
-0.008000000000000	4.191845389595251
-0.007000000000000	8.559057538147627
-0.006000000000000	9.201038119376411
-0.005000000000000	18.218860845643984
-0.004000000000000	26.161933870868751
-0.003000000000000	28.979616754768639
-0.002000000000000	25.801873939180048
-0.001000000000000	24.739968022769048
0.000000000000000	19.705440164250490
0.001000000000000	18.257613843954751
0.002000000000000	8.515781771168516
0.003000000000000	7.427577846718478
0.004000000000000	5.634159240958621
0.005000000000000	4.825507549882588
0.006000000000000	4.650085064440154
0.007000000000000	4.301141169393043
0.008000000000000	5.040392536350126
0.009000000000000	4.788202951054799
0.010000000000000	5.363643989451128
0.011000000000000	5.153922151460718
0.012000000000000	4.085680465301568
0.013000000000000	3.092184176522819
0.014000000000000	1.468334092973614
0.015000000000000	1.698340855201232
0.016000000000000	1.725807315007535
0.017000000000000	0.471037857687421
0.018000000000000	0.530880491172501
0.019000000000000	0.447651843200136
0.020000000000000	0.000000000000000
0.021000000000000	0.000000000000000
0.022000000000000	0.000000000000000
0.023000000000000	0.000000000000000
0.024000000000000	0.000000000000000
0.025000000000000	0.000000000000000
