-0.025000000000000	0.000000000000000
-0.024000000000000	0.000000000000000
-0.023000000000000	0.000000000000000
-0.022000000000000	0.000000000000000
-0.021000000000000	0.000000000000000
-0.020000000000000	0.000000000000000
-0.019000000000000	0.000000000000000
-0.018000000000000	0.000000000000000
-0.017000000000000	0.000000000000000
-0.016000000000000	0.000000000000000
-0.015000000000000	0.444371617218963
-0.014000000000000	2.226689105572040
-0.013000000000000	2.578636853945619
-0.012000000000000	1.945478411368748
-0.011000000000000	2.238347669120708
-0.010000000000000	2.156654567092676
-0.009000000000000	1.819464295231168
-0.008000000000000	1.247203006848211
-0.007000000000000	1.926476667854359
-0.006000000000000	8.095486313397940
-0.005000000000000	15.108324426297564
-0.004000000000000	19.869714177638787
-0.003000000000000	19.379153532782439
-0.002000000000000	19.060448939938148
-0.001000000000000	19.890222999174753
0.000000000000000	15.833773737884620
0.001000000000000	8.986689394237265
0.002000000000000	7.385988702633536
0.003000000000000	6.284896383695287
0.004000000000000	5.689402417550452
0.005000000000000	5.418793893756763
0.006000000000000	4.992893569349884
0.007000000000000	6.847524649164924
0.008000000000000	6.893705591193355
0.009000000000000	3.980062867466474
0.010000000000000	3.537160540519122
0.011000000000000	3.459814188906835
0.012000000000000	2.832547583913107
0.013000000000000	1.884708688024295
0.014000000000000	2.246302285179791
0.015000000000000	1.980747773030511
0.016000000000000	0.538923905194595
0.017000000000000	0.638566661142876
0.018000000000000	0.563698202122400
0.019000000000000	0.553783645905630
0.020000000000000	0.226706064592096
0.021000000000000	0.000000000000000
0.022000000000000	0.000000000000000
0.023000000000000	0.000000000000000
0.024000000000000	0.000000000000000
0.025000000000000	0.000000000000000
