-0.025000000000000	0.000000000000000
-0.024000000000000	0.000000000000000
-0.023000000000000	0.000000000000000
-0.022000000000000	0.000000000000000
-0.021000000000000	0.000000000000000
-0.020000000000000	0.000000000000000
-0.019000000000000	0.000000000000000
-0.018000000000000	0.000000000000000
-0.017000000000000	0.000000000000000
-0.016000000000000	0.000000000000000
-0.015000000000000	0.000000000000000
-0.014000000000000	0.000000000000000
-0.013000000000000	0.000000000000000
-0.012000000000000	0.000000000000000
-0.011000000000000	0.000000000000000
-0.010000000000000	0.858778385635313
-0.009000000000000	1.302681821731831
-0.008000000000000	1.318973394260977
-0.007000000000000	2.628554453981105
-0.006000000000000	5.651369030299544
-0.005000000000000	10.831896557691858
-0.004000000000000	22.263225288353844
-0.003000000000000	31.244638078836779
-0.002000000000000	26.565396873891252
-0.001000000000000	23.703457421297106
0.000000000000000	23.147381508605452
0.001000000000000	21.650004591091356
0.002000000000000	14.928953145003806
0.003000000000000	12.046849824677212
0.004000000000000	10.983327527375000
0.005000000000000	4.255018337556382
0.006000000000000	2.741582983454310
0.007000000000000	2.863411135131188
0.008000000000000	2.505111604725650
0.009000000000000	1.995883196590387
0.010000000000000	2.372321066119109
0.011000000000000	1.793222889759757
0.012000000000000	1.278155470677333
0.013000000000000	2.061819659299069
0.014000000000000	1.318640571748840
0.015000000000000	1.166359121176476
0.016000000000000	1.426122565469042
0.017000000000000	0.509213817034923
0.018000000000000	0.710364931930727
0.019000000000000	0.296432209370475
0.020000000000000	0.000000000000000
0.021000000000000	0.000000000000000
0.022000000000000	0.000000000000000
0.023000000000000	0.000000000000000
0.024000000000000	0.000000000000000
0.025000000000000	0.000000000000000
