-0.025000000000000	0.000000000000000
-0.024000000000000	0.000000000000000
-0.023000000000000	0.000000000000000
-0.022000000000000	0.000000000000000
-0.021000000000000	0.000000000000000
-0.020000000000000	0.000000000000000
-0.019000000000000	0.000000000000000
-0.018000000000000	0.000000000000000
-0.017000000000000	0.000000000000000
-0.016000000000000	0.000000000000000
-0.015000000000000	0.000000000000000
-0.014000000000000	0.301366415181166
-0.013000000000000	1.195973447996571
-0.012000000000000	1.474509329267202
-0.011000000000000	2.957884518450947
-0.010000000000000	6.562087862104280
-0.009000000000000	5.272874030295409
-0.008000000000000	6.875371004748564
-0.007000000000000	7.134635680671948
-0.006000000000000	8.715252177601977
-0.005000000000000	11.004172526613200
-0.004000000000000	15.401355211538041
-0.003000000000000	35.568380111907771
-0.002000000000000	40.702088589648127
-0.001000000000000	41.879294602510370
0.000000000000000	33.127276263571346
0.001000000000000	27.312136437024336
0.002000000000000	22.066619500374877
0.003000000000000	10.102476539550814
0.004000000000000	5.824541279713888
0.005000000000000	4.951881513171097
0.006000000000000	3.744064728731884
0.007000000000000	4.391022450428581
0.008000000000000	3.503749662010725
0.009000000000000	1.905433019641245
0.010000000000000	3.097312847705894
0.011000000000000	3.751919725644662
0.012000000000000	2.802097827755946
0.013000000000000	3.711332113414886
0.014000000000000	4.501407984671990
0.015000000000000	8.001770421115138
0.016000000000000	4.691631846096544
0.017000000000000	1.414193524606231
0.018000000000000	0.309493799957164
0.019000000000000	0.000000000000000
0.020000000000000	0.000000000000000
0.021000000000000	0.000000000000000
0.022000000000000	0.000000000000000
0.023000000000000	0.000000000000000
0.024000000000000	0.000000000000000
0.025000000000000	0.000000000000000
