-0.025000000000000	0.000000000000000
-0.024000000000000	0.000000000000000
-0.023000000000000	0.000000000000000
-0.022000000000000	0.000000000000000
-0.021000000000000	0.000000000000000
-0.020000000000000	0.000000000000000
-0.019000000000000	0.000000000000000
-0.018000000000000	0.000000000000000
-0.017000000000000	0.000000000000000
-0.016000000000000	0.000000000000000
-0.015000000000000	0.000000000000000
-0.014000000000000	0.000000000000000
-0.013000000000000	0.000000000000000
-0.012000000000000	0.000000000000000
-0.011000000000000	0.000000000000000
-0.010000000000000	1.025477699604650
-0.009000000000000	3.182919384218203
-0.008000000000000	3.728442574637829
-0.007000000000000	4.952484015185501
-0.006000000000000	13.587695528143133
-0.005000000000000	15.976262459231961
-0.004000000000000	17.528438081467165
-0.003000000000000	19.199565071171836
-0.002000000000000	19.571089653304224
-0.001000000000000	16.924507540375910
0.000000000000000	17.659845026003413
0.001000000000000	18.296777550766404
0.002000000000000	16.153538715617071
0.003000000000000	13.694136489410241
0.004000000000000	22.735276622617263
0.005000000000000	21.383345532619494
0.006000000000000	5.638086827089764
0.007000000000000	1.033582487144425
0.008000000000000	0.870601366229695
0.009000000000000	0.605754941245029
0.010000000000000	1.113798152778126
0.011000000000000	0.530808434513367
0.012000000000000	0.456417738415816
0.013000000000000	0.572969585354179
0.014000000000000	0.668541279709132
0.015000000000000	0.899538740677131
0.016000000000000	0.350939636077703
0.017000000000000	0.460802183344275
0.018000000000000	0.352392111685977
0.019000000000000	0.829726170863746
0.020000000000000	0.456710313454581
0.021000000000000	0.299461441189165
0.022000000000000	0.045281085089292
0.023000000000000	0.000000000000000
0.024000000000000	0.000000000000000
0.025000000000000	0.000000000000000
