-0.025000000000000	0.000000000000000
-0.024000000000000	0.000000000000000
-0.023000000000000	0.000000000000000
-0.022000000000000	0.000000000000000
-0.021000000000000	0.000000000000000
-0.020000000000000	0.000000000000000
-0.019000000000000	0.000000000000000
-0.018000000000000	0.253634943013710
-0.017000000000000	1.250747682388974
-0.016000000000000	1.823803601485807
-0.015000000000000	1.756777206008487
-0.014000000000000	2.898991758121008
-0.013000000000000	2.617590538429461
-0.012000000000000	3.075712359336148
-0.011000000000000	3.498805313984707
-0.010000000000000	3.761145760658811
-0.009000000000000	4.051504975241598
-0.008000000000000	4.540699414949053
-0.007000000000000	6.702647089499401
-0.006000000000000	10.237576311606826
-0.005000000000000	16.118009087733775
-0.004000000000000	24.626968932944710
-0.003000000000000	28.819323454702925
-0.002000000000000	25.518384054617126
-0.001000000000000	21.685379130024380
0.000000000000000	21.054882916211596
0.001000000000000	24.367863212486014
0.002000000000000	23.305828372572932
0.003000000000000	16.591663638064436
0.004000000000000	17.529355348382740
0.005000000000000	20.063741548588300
0.006000000000000	10.392494442688630
0.007000000000000	6.078191718436519
0.008000000000000	4.472558734082135
0.009000000000000	3.064711300402518
0.010000000000000	3.077976386449834
0.011000000000000	3.078134929550176
0.012000000000000	2.691167385153761
0.013000000000000	2.837288972070121
0.014000000000000	3.544293110579543
0.015000000000000	5.373419834916774
0.016000000000000	3.211080363218877
0.017000000000000	0.628985347034364
0.018000000000000	0.000000000000000
0.019000000000000	0.000000000000000
0.020000000000000	0.000000000000000
0.021000000000000	0.000000000000000
0.022000000000000	0.000000000000000
0.023000000000000	0.000000000000000
0.024000000000000	0.000000000000000
0.025000000000000	0.000000000000000
