-0.025000000000000	0.000000000000000
-0.024000000000000	0.000000000000000
-0.023000000000000	0.000000000000000
-0.022000000000000	0.000000000000000
-0.021000000000000	0.000000000000000
-0.020000000000000	0.000000000000000
-0.019000000000000	0.000000000000000
-0.018000000000000	0.000000000000000
-0.017000000000000	0.000000000000000
-0.016000000000000	0.132862577561290
-0.015000000000000	0.894548224586717
-0.014000000000000	0.922285072112040
-0.013000000000000	0.966965454456707
-0.012000000000000	0.713446738933300
-0.011000000000000	1.320798456881609
-0.010000000000000	3.202071020619701
-0.009000000000000	3.746078096963662
-0.008000000000000	5.146294927489617
-0.007000000000000	5.596270323534855
-0.006000000000000	8.278662717265766
-0.005000000000000	11.505906316775736
-0.004000000000000	19.473269287665659
-0.003000000000000	23.336625269785770
-0.002000000000000	22.207602066288615
-0.001000000000000	21.157029700964941
0.000000000000000	20.969804733706010
0.001000000000000	20.705144793403548
0.002000000000000	19.878586912525911
0.003000000000000	17.507421152869654
0.004000000000000	8.864953451955138
0.005000000000000	3.179783192488337
0.006000000000000	3.232375244552075
0.007000000000000	3.913179454008314
0.008000000000000	6.094737811136785
0.009000000000000	9.930456772275379
0.010000000000000	4.283872706098168
0.011000000000000	2.583544937952125
0.012000000000000	2.948429096149277
0.013000000000000	3.235447466904832
0.014000000000000	1.476452664573561
0.015000000000000	0.396021123388251
0.016000000000000	0.391260599238747
0.017000000000000	0.036770621923632
0.018000000000000	0.000000000000000
0.019000000000000	0.000000000000000
0.020000000000000	0.000000000000000
0.021000000000000	0.000000000000000
0.022000000000000	0.000000000000000
0.023000000000000	0.000000000000000
0.024000000000000	0.000000000000000
0.025000000000000	0.000000000000000
