-0.025000000000000	0.000000000000000
-0.024000000000000	0.000000000000000
-0.023000000000000	0.000000000000000
-0.022000000000000	0.000000000000000
-0.021000000000000	0.000000000000000
-0.020000000000000	0.000000000000000
-0.019000000000000	0.000000000000000
-0.018000000000000	0.146949144629043
-0.017000000000000	1.073620376860694
-0.016000000000000	0.997719584350901
-0.015000000000000	1.056287270438452
-0.014000000000000	1.252445506882337
-0.013000000000000	0.397754496876070
-0.012000000000000	1.090664127748666
-0.011000000000000	1.242154173213454
-0.010000000000000	0.958957126505270
-0.009000000000000	1.797636309517338
-0.008000000000000	2.562786918828349
-0.007000000000000	2.658286179992440
-0.006000000000000	5.370840878464869
-0.005000000000000	10.843770170557590
-0.004000000000000	24.215868061544423
-0.003000000000000	28.357556880734894
-0.002000000000000	34.727098334562953
-0.001000000000000	31.490947255476076
0.000000000000000	29.950015539871060
0.001000000000000	23.970259378168603
0.002000000000000	10.656816628326071
0.003000000000000	10.321625147918093
0.004000000000000	13.218546873230244
0.005000000000000	14.278671491816295
0.006000000000000	11.361201320313841
0.007000000000000	4.033494355783676
0.008000000000000	3.724856235223180
0.009000000000000	2.597880601124458
0.010000000000000	3.452626488038268
0.011000000000000	3.192061146417841
0.012000000000000	1.939113484782124
0.013000000000000	1.236761784002374
0.014000000000000	1.327638834474421
0.015000000000000	1.251622003505225
0.016000000000000	0.503797259851436
0.017000000000000	0.678562563914711
0.018000000000000	0.992690811223625
0.019000000000000	0.028540257064537
0.020000000000000	0.000000000000000
0.021000000000000	0.000000000000000
0.022000000000000	0.000000000000000
0.023000000000000	0.000000000000000
0.024000000000000	0.000000000000000
0.025000000000000	0.000000000000000
