-0.025000000000000	0.000000000000000
-0.024000000000000	0.000000000000000
-0.023000000000000	0.000000000000000
-0.022000000000000	0.000000000000000
-0.021000000000000	0.000000000000000
-0.020000000000000	0.000000000000000
-0.019000000000000	0.000000000000000
-0.018000000000000	0.000000000000000
-0.017000000000000	0.000000000000000
-0.016000000000000	0.000000000000000
-0.015000000000000	0.000000000000000
-0.014000000000000	0.000000000000000
-0.013000000000000	0.000000000000000
-0.012000000000000	0.000000000000000
-0.011000000000000	0.716543906295535
-0.010000000000000	2.421629332009363
-0.009000000000000	3.009502602893739
-0.008000000000000	2.474248619264928
-0.007000000000000	5.142455021514401
-0.006000000000000	12.632469783188249
-0.005000000000000	17.183190031289993
-0.004000000000000	20.992431401153436
-0.003000000000000	22.958932221083231
-0.002000000000000	22.394169214764062
-0.001000000000000	19.784001974290600
0.000000000000000	18.756117893768444
0.001000000000000	19.798933540065519
0.002000000000000	15.334843336924678
0.003000000000000	9.637253132014182
0.004000000000000	11.887973667103664
0.005000000000000	12.299129080598451
0.006000000000000	12.460899919936983
0.007000000000000	4.134419522260032
0.008000000000000	2.639720257282611
0.009000000000000	3.939142424272908
0.010000000000000	3.283326692415919
0.011000000000000	2.961922094560167
0.012000000000000	1.394551553645159
0.013000000000000	0.927816420317321
0.014000000000000	1.515721427667938
0.015000000000000	0.825812603417389
0.016000000000000	0.966110982043568
0.017000000000000	0.087160511430452
0.018000000000000	0.000000000000000
0.019000000000000	0.000000000000000
0.020000000000000	0.000000000000000
0.021000000000000	0.000000000000000
0.022000000000000	0.000000000000000
0.023000000000000	0.000000000000000
0.024000000000000	0.000000000000000
0.025000000000000	0.000000000000000
