-0.025000000000000	0.000000000000000
-0.024000000000000	0.000000000000000
-0.023000000000000	0.000000000000000
-0.022000000000000	0.000000000000000
-0.021000000000000	0.000000000000000
-0.020000000000000	0.000000000000000
-0.019000000000000	0.000000000000000
-0.018000000000000	0.000000000000000
-0.017000000000000	0.000000000000000
-0.016000000000000	0.000000000000000
-0.015000000000000	0.000000000000000
-0.014000000000000	0.000000000000000
-0.013000000000000	0.000000000000000
-0.012000000000000	0.000000000000000
-0.011000000000000	0.000000000000000
-0.010000000000000	0.000000000000000
-0.009000000000000	0.019612543659009
-0.008000000000000	1.082901289320876
-0.007000000000000	5.259355848194947
-0.006000000000000	6.364005842985004
-0.005000000000000	10.474690028975342
-0.004000000000000	24.495648414606155
-0.003000000000000	34.226707145382271
-0.002000000000000	28.870326772268477
-0.001000000000000	28.920048813477749
0.000000000000000	33.055724782744512
0.001000000000000	19.174783569818487
0.002000000000000	8.416613604433410
0.003000000000000	5.377048928218114
0.004000000000000	4.703088352259814
0.005000000000000	4.472898470976689
0.006000000000000	2.531971030785582
0.007000000000000	3.524310395519329
0.008000000000000	3.940307405755819
0.009000000000000	1.914620172030461
0.010000000000000	2.629064206041815
0.011000000000000	2.587101000816149
0.012000000000000	1.751254429023448
0.013000000000000	2.200641960933724
0.014000000000000	2.729937498822221
0.015000000000000	1.655715275407245
0.016000000000000	1.609755148145961
0.017000000000000	1.613499401210366
0.018000000000000	0.659280622402560
0.019000000000000	0.307807424883543
0.020000000000000	0.110712389157530
0.021000000000000	0.000000000000000
0.022000000000000	0.000000000000000
0.023000000000000	0.000000000000000
0.024000000000000	0.000000000000000
0.025000000000000	0.000000000000000
