-0.025000000000000	0.000000000000000
-0.024000000000000	0.000000000000000
-0.023000000000000	0.000000000000000
-0.022000000000000	0.000000000000000
-0.021000000000000	0.000000000000000
-0.020000000000000	0.000000000000000
-0.019000000000000	0.000000000000000
-0.018000000000000	0.000000000000000
-0.017000000000000	0.186950760848577
-0.016000000000000	1.079079905053875
-0.015000000000000	1.252153388681087
-0.014000000000000	1.020991155553584
-0.013000000000000	2.501314202022741
-0.012000000000000	2.079419597061515
-0.011000000000000	1.396125805319491
-0.010000000000000	3.726705173726010
-0.009000000000000	3.926023615423381
-0.008000000000000	3.689894915421997
-0.007000000000000	3.209902852669985
-0.006000000000000	6.089581089460449
-0.005000000000000	14.515600199327942
-0.004000000000000	17.990100588034053
-0.003000000000000	26.128695357788281
-0.002000000000000	28.271594981427864
-0.001000000000000	26.429301299243338
0.000000000000000	26.294328854872941
0.001000000000000	26.759503716028519
0.002000000000000	19.349738022254673
0.003000000000000	9.666487347559668
0.004000000000000	5.546011599279543
0.005000000000000	5.791416266546034
0.006000000000000	6.054436221457187
0.007000000000000	5.150577999426821
0.008000000000000	4.078731557354887
0.009000000000000	5.075359268842235
0.010000000000000	4.800365511395884
0.011000000000000	4.493611246094043
0.012000000000000	4.706098128289583
0.013000000000000	3.840692682109430
0.014000000000000	4.023146689247353
0.015000000000000	1.622516019193725
0.016000000000000	0.337789113296249
0.017000000000000	0.253239009872712
0.018000000000000	0.000000000000000
0.019000000000000	0.000000000000000
0.020000000000000	0.000000000000000
0.021000000000000	0.000000000000000
0.022000000000000	0.000000000000000
0.023000000000000	0.000000000000000
0.024000000000000	0.000000000000000
0.025000000000000	0.000000000000000
