-0.025000000000000	0.000000000000000
-0.024000000000000	0.000000000000000
-0.023000000000000	0.000000000000000
-0.022000000000000	0.000000000000000
-0.021000000000000	0.000000000000000
-0.020000000000000	0.000000000000000
-0.019000000000000	0.000000000000000
-0.018000000000000	0.000000000000000
-0.017000000000000	0.533282387500951
-0.016000000000000	2.266626195761642
-0.015000000000000	2.001694344864996
-0.014000000000000	2.109184840391753
-0.013000000000000	2.839962375915749
-0.012000000000000	1.493835150140640
-0.011000000000000	2.236737073053864
-0.010000000000000	4.336065673297425
-0.009000000000000	4.066118076985786
-0.008000000000000	3.117167424660222
-0.007000000000000	4.278113768804156
-0.006000000000000	9.957321704353536
-0.005000000000000	15.856446378876164
-0.004000000000000	18.481137840755576
-0.003000000000000	16.346006523153100
-0.002000000000000	15.167975870883279
-0.001000000000000	13.546016741280010
0.000000000000000	9.899328686499528
0.001000000000000	8.706730428252859
0.002000000000000	7.905062540728544
0.003000000000000	6.797692593212632
0.004000000000000	6.158721759728147
0.005000000000000	6.978257208139249
0.006000000000000	5.472443285677883
0.007000000000000	4.722701785491322
0.008000000000000	5.361934784901825
0.009000000000000	4.374788722410924
0.010000000000000	4.839673437044715
0.011000000000000	5.520348594440026
0.012000000000000	4.794486139800290
0.013000000000000	5.168727573810377
0.014000000000000	4.420254764210391
0.015000000000000	3.589652266832312
0.016000000000000	0.991652036979149
0.017000000000000	0.360306232827256
0.018000000000000	0.000000000000000
0.019000000000000	0.000000000000000
0.020000000000000	0.000000000000000
0.021000000000000	0.000000000000000
0.022000000000000	0.000000000000000
0.023000000000000	0.000000000000000
0.024000000000000	0.000000000000000
0.025000000000000	0.000000000000000
