-0.025000000000000	0.000000000000000
-0.024000000000000	0.000000000000000
-0.023000000000000	0.000000000000000
-0.022000000000000	0.000000000000000
-0.021000000000000	0.000000000000000
-0.020000000000000	0.000000000000000
-0.019000000000000	0.000000000000000
-0.018000000000000	0.000000000000000
-0.017000000000000	0.000000000000000
-0.016000000000000	0.000000000000000
-0.015000000000000	0.000000000000000
-0.014000000000000	0.000000000000000
-0.013000000000000	0.000000000000000
-0.012000000000000	0.000000000000000
-0.011000000000000	0.000000000000000
-0.010000000000000	0.013507932190640
-0.009000000000000	2.094452873478725
-0.008000000000000	3.651593884860577
-0.007000000000000	4.849801004342375
-0.006000000000000	13.042730880502141
-0.005000000000000	19.273163225470633
-0.004000000000000	27.642441572169894
-0.003000000000000	32.741724567283143
-0.002000000000000	32.363516137213033
-0.001000000000000	22.022222026088841
0.000000000000000	21.140766475499024
0.001000000000000	14.762127757745821
0.002000000000000	13.202324295041041
0.003000000000000	13.302944387120977
0.004000000000000	14.972363999792158
0.005000000000000	15.759113397308356
0.006000000000000	14.437307766685420
0.007000000000000	4.497863260138017
0.008000000000000	2.445587498335875
0.009000000000000	1.801744440382645
0.010000000000000	2.097377480772167
0.011000000000000	1.843585409251421
0.012000000000000	2.307706631403680
0.013000000000000	0.822154285601916
0.014000000000000	1.396885594910374
0.015000000000000	1.273722449791004
0.016000000000000	1.776025413308032
0.017000000000000	0.941461770811455
0.018000000000000	0.752559353819100
0.019000000000000	0.039335445590130
0.020000000000000	0.000000000000000
0.021000000000000	0.000000000000000
0.022000000000000	0.000000000000000
0.023000000000000	0.000000000000000
0.024000000000000	0.000000000000000
0.025000000000000	0.000000000000000
