-0.025000000000000	0.000000000000000
-0.024000000000000	0.000000000000000
-0.023000000000000	0.000000000000000
-0.022000000000000	0.000000000000000
-0.021000000000000	0.000000000000000
-0.020000000000000	0.000000000000000
-0.019000000000000	0.000000000000000
-0.018000000000000	0.000000000000000
-0.017000000000000	0.000000000000000
-0.016000000000000	0.000000000000000
-0.015000000000000	0.000000000000000
-0.014000000000000	0.000000000000000
-0.013000000000000	0.072380127860861
-0.012000000000000	0.486315623591933
-0.011000000000000	1.443034922944647
-0.010000000000000	3.870937092281928
-0.009000000000000	3.625534876078928
-0.008000000000000	10.578622380122988
-0.007000000000000	11.174053451599702
-0.006000000000000	19.703154736547656
-0.005000000000000	22.751979172563551
-0.004000000000000	25.395400663321734
-0.003000000000000	23.715500298882599
-0.002000000000000	20.275628397883651
-0.001000000000000	20.091965022989228
0.000000000000000	15.993697072375580
0.001000000000000	16.068818844935446
0.002000000000000	15.015777604046059
0.003000000000000	13.699724309158826
0.004000000000000	15.491247107514985
0.005000000000000	15.220546750502654
0.006000000000000	4.691484537529624
0.007000000000000	3.253012004769490
0.008000000000000	4.926326350579767
0.009000000000000	4.450699398357947
0.010000000000000	3.766718707262485
0.011000000000000	5.569859474561534
0.012000000000000	6.349785148201666
0.013000000000000	5.595634028417908
0.014000000000000	5.525789317467234
0.015000000000000	2.553482012812398
0.016000000000000	0.168395925153747
0.017000000000000	0.000000000000000
0.018000000000000	0.000000000000000
0.019000000000000	0.000000000000000
0.020000000000000	0.000000000000000
0.021000000000000	0.000000000000000
0.022000000000000	0.000000000000000
0.023000000000000	0.000000000000000
0.024000000000000	0.000000000000000
0.025000000000000	0.000000000000000
