-0.025000000000000	0.000000000000000
-0.024000000000000	0.000000000000000
-0.023000000000000	0.000000000000000
-0.022000000000000	0.000000000000000
-0.021000000000000	0.000000000000000
-0.020000000000000	0.000000000000000
-0.019000000000000	0.000000000000000
-0.018000000000000	0.000000000000000
-0.017000000000000	0.000000000000000
-0.016000000000000	0.000000000000000
-0.015000000000000	0.000000000000000
-0.014000000000000	0.000000000000000
-0.013000000000000	0.049039071255087
-0.012000000000000	1.574468753092893
-0.011000000000000	3.945798109286724
-0.010000000000000	4.614269066816199
-0.009000000000000	4.668856692048057
-0.008000000000000	8.169922667469725
-0.007000000000000	12.568212771082267
-0.006000000000000	16.910817905686358
-0.005000000000000	16.968787934522144
-0.004000000000000	22.148610368868599
-0.003000000000000	37.836334905546892
-0.002000000000000	30.383691368814695
-0.001000000000000	26.328082500510749
0.000000000000000	19.634648378548516
0.001000000000000	20.605677090166562
0.002000000000000	19.616878300526331
0.003000000000000	11.454291632720725
0.004000000000000	7.730852790341053
0.005000000000000	7.580595483580919
0.006000000000000	6.712879796358646
0.007000000000000	7.744095987124967
0.008000000000000	5.671312672793048
0.009000000000000	6.146057318072036
0.010000000000000	7.544124272822814
0.011000000000000	6.936117645516523
0.012000000000000	6.951945124697397
0.013000000000000	5.406915228073065
0.014000000000000	3.466890939545218
0.015000000000000	2.588371382247606
0.016000000000000	1.542151565105870
0.017000000000000	0.096498114802484
0.018000000000000	0.000000000000000
0.019000000000000	0.000000000000000
0.020000000000000	0.000000000000000
0.021000000000000	0.000000000000000
0.022000000000000	0.000000000000000
0.023000000000000	0.000000000000000
0.024000000000000	0.000000000000000
0.025000000000000	0.000000000000000
