-0.025000000000000	0.000000000000000
-0.024000000000000	0.000000000000000
-0.023000000000000	0.000000000000000
-0.022000000000000	0.000000000000000
-0.021000000000000	0.000000000000000
-0.020000000000000	0.000000000000000
-0.019000000000000	0.000000000000000
-0.018000000000000	0.000000000000000
-0.017000000000000	0.000000000000000
-0.016000000000000	0.000000000000000
-0.015000000000000	0.000000000000000
-0.014000000000000	0.000000000000000
-0.013000000000000	0.000000000000000
-0.012000000000000	0.000000000000000
-0.011000000000000	0.000000000000000
-0.010000000000000	0.000000000000000
-0.009000000000000	0.000000000000000
-0.008000000000000	1.072931006264059
-0.007000000000000	3.791043225170228
-0.006000000000000	8.339383514473104
-0.005000000000000	13.307046270363958
-0.004000000000000	15.811380270165907
-0.003000000000000	20.458667404009510
-0.002000000000000	25.818956372592208
-0.001000000000000	22.235149119181521
0.000000000000000	25.279367948283198
0.001000000000000	17.305074827744132
0.002000000000000	9.887019041412371
0.003000000000000	10.494618864473862
0.004000000000000	4.924949964332016
0.005000000000000	3.405067979978892
0.006000000000000	3.409612253117173
0.007000000000000	2.318751511285742
0.008000000000000	1.803081774443976
0.009000000000000	2.348772514801447
0.010000000000000	2.210321622747342
0.011000000000000	2.196940263257940
0.012000000000000	3.448620563993857
0.013000000000000	4.202543366271359
0.014000000000000	0.671144649052477
0.015000000000000	0.556866931644995
0.016000000000000	0.202270240408876
0.017000000000000	0.523792505879998
0.018000000000000	0.108009752984984
0.019000000000000	0.000000000000000
0.020000000000000	0.000000000000000
0.021000000000000	0.000000000000000
0.022000000000000	0.000000000000000
0.023000000000000	0.000000000000000
0.024000000000000	0.000000000000000
0.025000000000000	0.000000000000000
