-0.025000000000000	0.000000000000000
-0.024000000000000	0.000000000000000
-0.023000000000000	0.000000000000000
-0.022000000000000	0.000000000000000
-0.021000000000000	0.000000000000000
-0.020000000000000	0.000000000000000
-0.019000000000000	0.372191860088430
-0.018000000000000	0.895487155604755
-0.017000000000000	1.037186260141367
-0.016000000000000	0.878965905680903
-0.015000000000000	0.239280368543689
-0.014000000000000	0.703087361575335
-0.013000000000000	1.101889037925506
-0.012000000000000	0.681212232215419
-0.011000000000000	0.395861236216258
-0.010000000000000	1.908780325543685
-0.009000000000000	2.519943408680369
-0.008000000000000	2.898446537803878
-0.007000000000000	2.968125823073498
-0.006000000000000	8.490529055876401
-0.005000000000000	18.591790311881802
-0.004000000000000	19.636421497581470
-0.003000000000000	22.307922621714635
-0.002000000000000	20.180175622422112
-0.001000000000000	19.393335890217301
0.000000000000000	18.501364823132988
0.001000000000000	18.143781299065221
0.002000000000000	17.283871225750090
0.003000000000000	11.377863235085776
0.004000000000000	9.401251967957629
0.005000000000000	12.348672721983389
0.006000000000000	13.071506067582902
0.007000000000000	10.778145931626479
0.008000000000000	3.108978446546760
0.009000000000000	1.290515263353971
0.010000000000000	2.222995676264588
0.011000000000000	1.768849171031558
0.012000000000000	1.873083469543498
0.013000000000000	1.309950765377967
0.014000000000000	1.201510624844394
0.015000000000000	0.998293404159865
0.016000000000000	1.126383429574956
0.017000000000000	0.723242292356418
0.018000000000000	0.580693215661659
0.019000000000000	0.006437290322004
0.020000000000000	0.000000000000000
0.021000000000000	0.000000000000000
0.022000000000000	0.000000000000000
0.023000000000000	0.000000000000000
0.024000000000000	0.000000000000000
0.025000000000000	0.000000000000000
