-0.025000000000000	0.000000000000000
-0.024000000000000	0.000000000000000
-0.023000000000000	0.000000000000000
-0.022000000000000	0.000000000000000
-0.021000000000000	0.000000000000000
-0.020000000000000	0.884826099415619
-0.019000000000000	2.025071647182087
-0.018000000000000	1.970993040149228
-0.017000000000000	1.985631957283185
-0.016000000000000	1.903733026532569
-0.015000000000000	1.610843877799700
-0.014000000000000	1.495814338845875
-0.013000000000000	0.999178433459495
-0.012000000000000	1.836889076595620
-0.011000000000000	1.340621810063955
-0.010000000000000	2.933882954563424
-0.009000000000000	2.119690905370222
-0.008000000000000	2.176970057189813
-0.007000000000000	4.488054078027348
-0.006000000000000	12.727933742470956
-0.005000000000000	16.906403482705958
-0.004000000000000	26.137342452022743
-0.003000000000000	30.826806885349285
-0.002000000000000	30.573556004031989
-0.001000000000000	29.871019781060667
0.000000000000000	21.157725474313057
0.001000000000000	16.033673548950098
0.002000000000000	9.556093982138833
0.003000000000000	6.374639317149321
0.004000000000000	7.218332554720052
0.005000000000000	7.907533833555107
0.006000000000000	8.070267439211570
0.007000000000000	7.546669946537100
0.008000000000000	9.205677886257259
0.009000000000000	8.490150735606983
0.010000000000000	6.843948383003267
0.011000000000000	6.248587542832429
0.012000000000000	7.929019047884275
0.013000000000000	5.772929325190714
0.014000000000000	3.132544527493932
0.015000000000000	1.379839795442383
0.016000000000000	0.749972095770771
0.017000000000000	0.710911846798696
0.018000000000000	0.799900590349637
0.019000000000000	0.327362677367702
0.020000000000000	0.245452428519287
0.021000000000000	0.000000000000000
0.022000000000000	0.000000000000000
0.023000000000000	0.000000000000000
0.024000000000000	0.000000000000000
0.025000000000000	0.000000000000000
