-0.025000000000000	0.000000000000000
-0.024000000000000	0.000000000000000
-0.023000000000000	0.000000000000000
-0.022000000000000	0.000000000000000
-0.021000000000000	0.000000000000000
-0.020000000000000	0.000000000000000
-0.019000000000000	0.000000000000000
-0.018000000000000	0.000000000000000
-0.017000000000000	0.000000000000000
-0.016000000000000	0.000000000000000
-0.015000000000000	0.000000000000000
-0.014000000000000	0.000000000000000
-0.013000000000000	0.000000000000000
-0.012000000000000	0.000000000000000
-0.011000000000000	0.311263879667979
-0.010000000000000	1.886442300033264
-0.009000000000000	1.883320315156583
-0.008000000000000	2.517235706577527
-0.007000000000000	6.047554175479278
-0.006000000000000	10.232309760975644
-0.005000000000000	17.472000139193415
-0.004000000000000	22.847115740496655
-0.003000000000000	27.460010690490584
-0.002000000000000	34.755236113447275
-0.001000000000000	29.655772221476173
0.000000000000000	28.236735385587384
0.001000000000000	20.469878005714321
0.002000000000000	15.106868030428574
0.003000000000000	18.807460724172678
0.004000000000000	13.973880015911710
0.005000000000000	4.157898440639536
0.006000000000000	4.276406869285494
0.007000000000000	3.200806312782583
0.008000000000000	3.143825509612620
0.009000000000000	3.120402234507176
0.010000000000000	2.699159715989321
0.011000000000000	2.982142931135927
0.012000000000000	2.813606228612081
0.013000000000000	3.314883054960618
0.014000000000000	2.399713369944631
0.015000000000000	2.051939850655601
0.016000000000000	1.926210054290932
0.017000000000000	0.316141240519145
0.018000000000000	0.093298472425848
0.019000000000000	0.000000000000000
0.020000000000000	0.000000000000000
0.021000000000000	0.000000000000000
0.022000000000000	0.000000000000000
0.023000000000000	0.000000000000000
0.024000000000000	0.000000000000000
0.025000000000000	0.000000000000000
