-0.025000000000000	0.000000000000000
-0.024000000000000	0.000000000000000
-0.023000000000000	0.000000000000000
-0.022000000000000	0.000000000000000
-0.021000000000000	0.000000000000000
-0.020000000000000	0.000000000000000
-0.019000000000000	0.000000000000000
-0.018000000000000	0.000000000000000
-0.017000000000000	0.000000000000000
-0.016000000000000	0.000000000000000
-0.015000000000000	0.000000000000000
-0.014000000000000	0.000000000000000
-0.013000000000000	0.000000000000000
-0.012000000000000	0.000000000000000
-0.011000000000000	0.000000000000000
-0.010000000000000	0.000000000000000
-0.009000000000000	0.000000000000000
-0.008000000000000	0.000000000000000
-0.007000000000000	1.091977937249975
-0.006000000000000	4.615827796039514
-0.005000000000000	18.218743960378863
-0.004000000000000	28.829967216793403
-0.003000000000000	31.884739933813155
-0.002000000000000	24.434961389626274
-0.001000000000000	27.946167734751214
0.000000000000000	33.037618544355418
0.001000000000000	22.307616374066672
0.002000000000000	11.985211915862376
0.003000000000000	7.357074455738005
0.004000000000000	6.270881124952826
0.005000000000000	4.320630425353794
0.006000000000000	3.674103013089902
0.007000000000000	3.310289431494320
0.008000000000000	3.562578058070159
0.009000000000000	2.803660604275927
0.010000000000000	2.437137112247078
0.011000000000000	2.354521268994154
0.012000000000000	1.646833744233992
0.013000000000000	1.976577143408274
0.014000000000000	1.351635510448247
0.015000000000000	1.206497056644583
0.016000000000000	1.347536690900359
0.017000000000000	0.988678007984773
0.018000000000000	0.673552970036520
0.019000000000000	0.514292962522515
0.020000000000000	0.450473919732782
0.021000000000000	0.029755684466388
0.022000000000000	0.000000000000000
0.023000000000000	0.000000000000000
0.024000000000000	0.000000000000000
0.025000000000000	0.000000000000000
