-0.025000000000000	0.000000000000000
-0.024000000000000	0.000000000000000
-0.023000000000000	0.000000000000000
-0.022000000000000	0.000000000000000
-0.021000000000000	0.000000000000000
-0.020000000000000	0.000000000000000
-0.019000000000000	0.000000000000000
-0.018000000000000	0.000000000000000
-0.017000000000000	0.000000000000000
-0.016000000000000	0.000000000000000
-0.015000000000000	0.000000000000000
-0.014000000000000	0.000000000000000
-0.013000000000000	0.000000000000000
-0.012000000000000	0.000000000000000
-0.011000000000000	0.043410062421873
-0.010000000000000	1.018713159167664
-0.009000000000000	1.363768608125726
-0.008000000000000	1.211719912618043
-0.007000000000000	1.185055125029966
-0.006000000000000	3.841323881908113
-0.005000000000000	11.513657816134820
-0.004000000000000	17.819790453638689
-0.003000000000000	22.819199510921408
-0.002000000000000	25.020832031824572
-0.001000000000000	24.022886830877042
0.000000000000000	20.691699878770134
0.001000000000000	15.811270490798019
0.002000000000000	13.541324539868629
0.003000000000000	9.544996667463145
0.004000000000000	8.045165883658441
0.005000000000000	8.716356752168432
0.006000000000000	10.438569450440735
0.007000000000000	6.869356281790970
0.008000000000000	0.979204341301215
0.009000000000000	0.592718320042897
0.010000000000000	0.667157662924798
0.011000000000000	0.666986401575977
0.012000000000000	0.477269755258337
0.013000000000000	0.710674016838648
0.014000000000000	0.676339480685231
0.015000000000000	0.276010642920389
0.016000000000000	0.451238398376553
0.017000000000000	0.517865321916004
0.018000000000000	0.233301833366680
0.019000000000000	0.018389350501608
0.020000000000000	0.000000000000000
0.021000000000000	0.000000000000000
0.022000000000000	0.000000000000000
0.023000000000000	0.000000000000000
0.024000000000000	0.000000000000000
0.025000000000000	0.000000000000000
