-0.025000000000000	0.000000000000000
-0.024000000000000	0.000000000000000
-0.023000000000000	0.000000000000000
-0.022000000000000	0.000000000000000
-0.021000000000000	0.000000000000000
-0.020000000000000	0.000000000000000
-0.019000000000000	0.204983783666546
-0.018000000000000	1.156385402066193
-0.017000000000000	0.718269536539247
-0.016000000000000	1.067092066852847
-0.015000000000000	0.921374392973639
-0.014000000000000	0.421968562743044
-0.013000000000000	0.580536079997085
-0.012000000000000	0.635879460329131
-0.011000000000000	2.027360164223843
-0.010000000000000	1.827534632723523
-0.009000000000000	1.893274028905763
-0.008000000000000	4.888255268301444
-0.007000000000000	7.423396784119293
-0.006000000000000	12.224905211204954
-0.005000000000000	22.602336958539642
-0.004000000000000	27.365651547168227
-0.003000000000000	28.730094008634996
-0.002000000000000	32.877902576216613
-0.001000000000000	28.378627053762425
0.000000000000000	20.758950675605547
0.001000000000000	17.382091551528941
0.002000000000000	10.016487856497571
0.003000000000000	8.055410224548568
0.004000000000000	7.723615248574913
0.005000000000000	8.413543299681285
0.006000000000000	6.278740261195282
0.007000000000000	7.933350905609732
0.008000000000000	7.334590797166681
0.009000000000000	5.971519755785191
0.010000000000000	5.242831244162309
0.011000000000000	6.043839032427742
0.012000000000000	6.287200282447343
0.013000000000000	4.136421434354841
0.014000000000000	2.734242923146961
0.015000000000000	4.511028769789396
0.016000000000000	1.178333358533552
0.017000000000000	0.000000000000000
0.018000000000000	0.000000000000000
0.019000000000000	0.000000000000000
0.020000000000000	0.000000000000000
0.021000000000000	0.000000000000000
0.022000000000000	0.000000000000000
0.023000000000000	0.000000000000000
0.024000000000000	0.000000000000000
0.025000000000000	0.000000000000000
