-0.025000000000000	0.000000000000000
-0.024000000000000	0.000000000000000
-0.023000000000000	0.000000000000000
-0.022000000000000	0.000000000000000
-0.021000000000000	0.000000000000000
-0.020000000000000	0.000000000000000
-0.019000000000000	0.000000000000000
-0.018000000000000	0.000000000000000
-0.017000000000000	0.000000000000000
-0.016000000000000	0.000000000000000
-0.015000000000000	0.000000000000000
-0.014000000000000	0.000000000000000
-0.013000000000000	0.000000000000000
-0.012000000000000	0.000000000000000
-0.011000000000000	0.000000000000000
-0.010000000000000	0.000000000000000
-0.009000000000000	0.000000000000000
-0.008000000000000	1.424649249692830
-0.007000000000000	5.254683081002391
-0.006000000000000	5.711430812129934
-0.005000000000000	10.505989628403784
-0.004000000000000	26.825715623685291
-0.003000000000000	33.196308397483591
-0.002000000000000	29.473774424619023
-0.001000000000000	23.166926287871494
0.000000000000000	21.603724019794107
0.001000000000000	13.683088813858667
0.002000000000000	6.435920490390243
0.003000000000000	5.482872593266680
0.004000000000000	5.649783390014774
0.005000000000000	4.468740119353392
0.006000000000000	5.511923624648778
0.007000000000000	6.898245521805915
0.008000000000000	4.344289984868824
0.009000000000000	2.610560208448235
0.010000000000000	4.096105176323237
0.011000000000000	2.391786791747487
0.012000000000000	2.027649783507492
0.013000000000000	2.495027274696551
0.014000000000000	1.773080648284385
0.015000000000000	0.978267060839588
0.016000000000000	0.569325720511386
0.017000000000000	0.574459303204006
0.018000000000000	0.289238236269338
0.019000000000000	0.479077667961567
0.020000000000000	0.000000000000000
0.021000000000000	0.000000000000000
0.022000000000000	0.000000000000000
0.023000000000000	0.000000000000000
0.024000000000000	0.000000000000000
0.025000000000000	0.000000000000000
