-0.025000000000000	0.000000000000000
-0.024000000000000	0.000000000000000
-0.023000000000000	0.000000000000000
-0.022000000000000	0.000000000000000
-0.021000000000000	0.000000000000000
-0.020000000000000	0.000000000000000
-0.019000000000000	0.000000000000000
-0.018000000000000	0.000000000000000
-0.017000000000000	0.000000000000000
-0.016000000000000	0.000000000000000
-0.015000000000000	0.029499645380653
-0.014000000000000	0.886791732168446
-0.013000000000000	1.228376427855492
-0.012000000000000	0.827113811261095
-0.011000000000000	1.714994381227603
-0.010000000000000	2.359641637675127
-0.009000000000000	2.850995442474892
-0.008000000000000	4.363346692249525
-0.007000000000000	5.689514147332240
-0.006000000000000	11.391089309724384
-0.005000000000000	17.429835693502618
-0.004000000000000	23.123593170995520
-0.003000000000000	26.300253609219226
-0.002000000000000	27.824389730288516
-0.001000000000000	25.750556617779946
0.000000000000000	27.931856120003861
0.001000000000000	24.430319658665123
0.002000000000000	20.115552613779524
0.003000000000000	8.678393431855447
0.004000000000000	5.334769838018574
0.005000000000000	5.156716622233585
0.006000000000000	3.527635190021646
0.007000000000000	3.326676434484460
0.008000000000000	3.215625790853756
0.009000000000000	3.455435828461396
0.010000000000000	3.124393456711522
0.011000000000000	2.831689470040324
0.012000000000000	3.218373272364008
0.013000000000000	3.503620363291933
0.014000000000000	5.586859414776826
0.015000000000000	5.842937893128862
0.016000000000000	2.122357965704552
0.017000000000000	0.397202542612706
0.018000000000000	0.000000000000000
0.019000000000000	0.000000000000000
0.020000000000000	0.000000000000000
0.021000000000000	0.000000000000000
0.022000000000000	0.000000000000000
0.023000000000000	0.000000000000000
0.024000000000000	0.000000000000000
0.025000000000000	0.000000000000000
