-0.025000000000000	0.000000000000000
-0.024000000000000	0.000000000000000
-0.023000000000000	0.000000000000000
-0.022000000000000	0.000000000000000
-0.021000000000000	0.000000000000000
-0.020000000000000	0.000000000000000
-0.019000000000000	0.000000000000000
-0.018000000000000	0.000000000000000
-0.017000000000000	0.475961349178896
-0.016000000000000	1.117345538578510
-0.015000000000000	1.106113359435438
-0.014000000000000	0.873711501267301
-0.013000000000000	2.324886947170906
-0.012000000000000	1.996996982531807
-0.011000000000000	2.387733620374294
-0.010000000000000	3.640439535813554
-0.009000000000000	4.794592264485838
-0.008000000000000	5.018516895022837
-0.007000000000000	10.510590224555028
-0.006000000000000	15.200214350673408
-0.005000000000000	15.096009017424391
-0.004000000000000	12.093428336778715
-0.003000000000000	12.028173299487316
-0.002000000000000	9.617719355159602
-0.001000000000000	10.077014112015810
0.000000000000000	9.294082689347620
0.001000000000000	7.470703456465882
0.002000000000000	7.942793867486782
0.003000000000000	6.728926401629416
0.004000000000000	6.127744659731170
0.005000000000000	4.716012309359492
0.006000000000000	5.155213056785605
0.007000000000000	6.004329246763458
0.008000000000000	5.775969248681298
0.009000000000000	5.178619365814401
0.010000000000000	5.217168148332798
0.011000000000000	6.312812456793077
0.012000000000000	6.738489781866800
0.013000000000000	4.016242778282741
0.014000000000000	4.093497938842252
0.015000000000000	2.677688942447568
0.016000000000000	0.050556141727130
0.017000000000000	0.000000000000000
0.018000000000000	0.000000000000000
0.019000000000000	0.000000000000000
0.020000000000000	0.000000000000000
0.021000000000000	0.000000000000000
0.022000000000000	0.000000000000000
0.023000000000000	0.000000000000000
0.024000000000000	0.000000000000000
0.025000000000000	0.000000000000000
