-0.025000000000000	0.000000000000000
-0.024000000000000	0.000000000000000
-0.023000000000000	0.000000000000000
-0.022000000000000	0.000000000000000
-0.021000000000000	0.000000000000000
-0.020000000000000	0.000000000000000
-0.019000000000000	0.000000000000000
-0.018000000000000	0.000000000000000
-0.017000000000000	0.000000000000000
-0.016000000000000	0.000000000000000
-0.015000000000000	0.000000000000000
-0.014000000000000	0.000000000000000
-0.013000000000000	0.000000000000000
-0.012000000000000	0.000000000000000
-0.011000000000000	0.213781094180576
-0.010000000000000	1.306747189446635
-0.009000000000000	1.475439112212529
-0.008000000000000	1.835303757201048
-0.007000000000000	2.341671008701045
-0.006000000000000	8.463470007827629
-0.005000000000000	17.834315226330990
-0.004000000000000	23.602968929663728
-0.003000000000000	29.081242206498281
-0.002000000000000	25.126929242108375
-0.001000000000000	21.363655528235718
0.000000000000000	19.685794429307027
0.001000000000000	16.403705924838007
0.002000000000000	16.468193544029550
0.003000000000000	11.493906355943770
0.004000000000000	10.576482125557916
0.005000000000000	11.190627398368230
0.006000000000000	12.509434924405676
0.007000000000000	3.888031307298227
0.008000000000000	1.038716699955141
0.009000000000000	0.974888222736259
0.010000000000000	1.147944930692049
0.011000000000000	1.204248196597234
0.012000000000000	0.954095193680192
0.013000000000000	1.715377687771340
0.014000000000000	1.538518687706586
0.015000000000000	2.014114463341347
0.016000000000000	2.321492892547420
0.017000000000000	0.194807171552650
0.018000000000000	0.000000000000000
0.019000000000000	0.000000000000000
0.020000000000000	0.000000000000000
0.021000000000000	0.000000000000000
0.022000000000000	0.000000000000000
0.023000000000000	0.000000000000000
0.024000000000000	0.000000000000000
0.025000000000000	0.000000000000000
