-0.025000000000000	0.000000000000000
-0.024000000000000	0.000000000000000
-0.023000000000000	0.000000000000000
-0.022000000000000	0.000000000000000
-0.021000000000000	0.000000000000000
-0.020000000000000	0.000000000000000
-0.019000000000000	0.000000000000000
-0.018000000000000	0.589497576294534
-0.017000000000000	1.069667588921207
-0.016000000000000	3.403521486763920
-0.015000000000000	3.147390434796665
-0.014000000000000	3.693680772934882
-0.013000000000000	2.850421262210594
-0.012000000000000	2.984601595212530
-0.011000000000000	5.412825434373177
-0.010000000000000	6.404120374605768
-0.009000000000000	9.720070035090046
-0.008000000000000	11.607730600734310
-0.007000000000000	15.643056738948049
-0.006000000000000	20.454385348058111
-0.005000000000000	18.478887093206648
-0.004000000000000	15.767677308960355
-0.003000000000000	15.420597300500503
-0.002000000000000	14.601039052011297
-0.001000000000000	13.963968183204519
0.000000000000000	11.089922620259546
0.001000000000000	8.716384365139488
0.002000000000000	9.842944817020877
0.003000000000000	9.552122287499836
0.004000000000000	9.670175457018999
0.005000000000000	9.542334100259156
0.006000000000000	8.250127376407731
0.007000000000000	7.347296935968475
0.008000000000000	8.927703247090736
0.009000000000000	10.183362826315600
0.010000000000000	11.079426144986599
0.011000000000000	9.125664834547617
0.012000000000000	11.809303749269064
0.013000000000000	11.180357296481255
0.014000000000000	6.727963050597363
0.015000000000000	2.343331307954990
0.016000000000000	0.132150641643003
0.017000000000000	0.000000000000000
0.018000000000000	0.000000000000000
0.019000000000000	0.000000000000000
0.020000000000000	0.000000000000000
0.021000000000000	0.000000000000000
0.022000000000000	0.000000000000000
0.023000000000000	0.000000000000000
0.024000000000000	0.000000000000000
0.025000000000000	0.000000000000000
