-0.025000000000000	0.000000000000000
-0.024000000000000	0.000000000000000
-0.023000000000000	0.000000000000000
-0.022000000000000	0.000000000000000
-0.021000000000000	0.000000000000000
-0.020000000000000	0.000000000000000
-0.019000000000000	0.000000000000000
-0.018000000000000	0.000000000000000
-0.017000000000000	0.000000000000000
-0.016000000000000	0.202876552019108
-0.015000000000000	1.161732958396649
-0.014000000000000	1.084857908441620
-0.013000000000000	1.072625464751548
-0.012000000000000	1.310535616167862
-0.011000000000000	2.046286772701420
-0.010000000000000	2.598755237239720
-0.009000000000000	2.306164912158567
-0.008000000000000	3.633875450535325
-0.007000000000000	5.071301892103385
-0.006000000000000	13.178121752709140
-0.005000000000000	21.455530013782415
-0.004000000000000	23.781302534716524
-0.003000000000000	28.525340017400485
-0.002000000000000	22.735449326100625
-0.001000000000000	15.202711090766448
0.000000000000000	12.381843049580004
0.001000000000000	9.809067227105922
0.002000000000000	10.219994205267630
0.003000000000000	10.485552618427413
0.004000000000000	12.549629135127091
0.005000000000000	15.149729473539198
0.006000000000000	10.308057489178697
0.007000000000000	4.666885390469412
0.008000000000000	2.929947637417754
0.009000000000000	4.113428350472582
0.010000000000000	3.240602214947038
0.011000000000000	2.822461174898526
0.012000000000000	2.051001097502669
0.013000000000000	2.355983115939131
0.014000000000000	5.063501766628339
0.015000000000000	3.767999816946730
0.016000000000000	1.105022207322264
0.017000000000000	0.369282229663924
0.018000000000000	0.406405601527395
0.019000000000000	0.266008536081967
0.020000000000000	0.000000000000000
0.021000000000000	0.000000000000000
0.022000000000000	0.000000000000000
0.023000000000000	0.000000000000000
0.024000000000000	0.000000000000000
0.025000000000000	0.000000000000000
