-0.025000000000000	0.000000000000000
-0.024000000000000	0.000000000000000
-0.023000000000000	0.000000000000000
-0.022000000000000	0.000000000000000
-0.021000000000000	0.000000000000000
-0.020000000000000	0.000000000000000
-0.019000000000000	0.000000000000000
-0.018000000000000	0.000000000000000
-0.017000000000000	0.000000000000000
-0.016000000000000	0.134315423203568
-0.015000000000000	0.907585431878733
-0.014000000000000	1.157095929832032
-0.013000000000000	1.088513824315772
-0.012000000000000	2.033049768257569
-0.011000000000000	4.049777824667344
-0.010000000000000	5.529777192200397
-0.009000000000000	6.671552291798065
-0.008000000000000	8.692652050489865
-0.007000000000000	10.672693179059003
-0.006000000000000	16.379453193881222
-0.005000000000000	21.207564993774046
-0.004000000000000	21.286762653378148
-0.003000000000000	18.989535729864059
-0.002000000000000	15.744112879053805
-0.001000000000000	11.226686450393585
0.000000000000000	11.694634137701383
0.001000000000000	9.726586620669758
0.002000000000000	8.848884876543032
0.003000000000000	8.455019112075796
0.004000000000000	8.813216330870533
0.005000000000000	8.058173323510861
0.006000000000000	6.887732579518035
0.007000000000000	7.601079951076318
0.008000000000000	6.396461259156651
0.009000000000000	5.672130915356974
0.010000000000000	5.647131541175588
0.011000000000000	4.478431993448104
0.012000000000000	4.783523419336544
0.013000000000000	3.972133455204583
0.014000000000000	4.502159359444772
0.015000000000000	4.751382416585963
0.016000000000000	2.616901845801346
0.017000000000000	0.706444304894948
0.018000000000000	0.850098539423646
0.019000000000000	0.522364780573680
0.020000000000000	0.498953099107038
0.021000000000000	0.208764623327698
0.022000000000000	0.000000000000000
0.023000000000000	0.000000000000000
0.024000000000000	0.000000000000000
0.025000000000000	0.000000000000000
