-0.025000000000000	0.000000000000000
-0.024000000000000	0.000000000000000
-0.023000000000000	0.000000000000000
-0.022000000000000	0.000000000000000
-0.021000000000000	0.000000000000000
-0.020000000000000	0.000000000000000
-0.019000000000000	0.000000000000000
-0.018000000000000	0.000000000000000
-0.017000000000000	0.000000000000000
-0.016000000000000	0.000000000000000
-0.015000000000000	0.000000000000000
-0.014000000000000	0.000000000000000
-0.013000000000000	0.000000000000000
-0.012000000000000	0.000000000000000
-0.011000000000000	0.932985182368027
-0.010000000000000	4.022497968566820
-0.009000000000000	4.181837701874387
-0.008000000000000	7.287184244514171
-0.007000000000000	10.061547996354221
-0.006000000000000	15.403299290685910
-0.005000000000000	17.536810244934554
-0.004000000000000	20.082616265171534
-0.003000000000000	18.806243834924253
-0.002000000000000	16.604372581553012
-0.001000000000000	16.792107269305141
0.000000000000000	15.439248675863679
0.001000000000000	25.406906945052953
0.002000000000000	18.770008019227813
0.003000000000000	13.299825322340947
0.004000000000000	8.998222743925073
0.005000000000000	5.022207514128400
0.006000000000000	4.271027656656365
0.007000000000000	5.025846632653135
0.008000000000000	4.706351692215526
0.009000000000000	4.843063567648726
0.010000000000000	4.913795970648060
0.011000000000000	4.679944693748685
0.012000000000000	4.203811820891294
0.013000000000000	3.966453216571677
0.014000000000000	1.438172854033573
0.015000000000000	0.440532897609076
0.016000000000000	1.114604160775556
0.017000000000000	0.514838610643990
0.018000000000000	0.851934114926820
0.019000000000000	0.121736973247081
0.020000000000000	0.000000000000000
0.021000000000000	0.000000000000000
0.022000000000000	0.000000000000000
0.023000000000000	0.000000000000000
0.024000000000000	0.000000000000000
0.025000000000000	0.000000000000000
