-0.025000000000000	0.000000000000000
-0.024000000000000	0.000000000000000
-0.023000000000000	0.000000000000000
-0.022000000000000	0.000000000000000
-0.021000000000000	0.000000000000000
-0.020000000000000	0.000000000000000
-0.019000000000000	0.000000000000000
-0.018000000000000	0.000000000000000
-0.017000000000000	0.000000000000000
-0.016000000000000	0.000000000000000
-0.015000000000000	0.000000000000000
-0.014000000000000	0.000000000000000
-0.013000000000000	0.000000000000000
-0.012000000000000	0.000000000000000
-0.011000000000000	0.036115902006221
-0.010000000000000	1.568805756788676
-0.009000000000000	2.634669116928081
-0.008000000000000	2.954299514735306
-0.007000000000000	7.766333279511244
-0.006000000000000	11.269569909435196
-0.005000000000000	11.995896813376937
-0.004000000000000	14.690674669043114
-0.003000000000000	13.367035834252187
-0.002000000000000	13.493609281464432
-0.001000000000000	11.644942297195255
0.000000000000000	11.671880870999292
0.001000000000000	11.659437868224073
0.002000000000000	12.549636247757668
0.003000000000000	15.932525357728402
0.004000000000000	6.676250146640526
0.005000000000000	2.931385793044790
0.006000000000000	2.705089185942765
0.007000000000000	2.243790321354839
0.008000000000000	1.702851099548553
0.009000000000000	1.611335660329396
0.010000000000000	1.995836034940909
0.011000000000000	1.868580657849326
0.012000000000000	1.044747217305742
0.013000000000000	1.697520334643586
0.014000000000000	0.922999565906118
0.015000000000000	1.155134516922766
0.016000000000000	1.679279181353137
0.017000000000000	1.021741188886163
0.018000000000000	0.944304885128668
0.019000000000000	0.736616625847633
0.020000000000000	0.550050286342367
0.021000000000000	0.286094054585344
0.022000000000000	0.000000000000000
0.023000000000000	0.000000000000000
0.024000000000000	0.000000000000000
0.025000000000000	0.000000000000000
