-0.025000000000000	0.000000000000000
-0.024000000000000	0.000000000000000
-0.023000000000000	0.000000000000000
-0.022000000000000	0.000000000000000
-0.021000000000000	0.000000000000000
-0.020000000000000	0.000000000000000
-0.019000000000000	0.000000000000000
-0.018000000000000	0.000000000000000
-0.017000000000000	0.000000000000000
-0.016000000000000	0.000000000000000
-0.015000000000000	0.000000000000000
-0.014000000000000	0.000000000000000
-0.013000000000000	0.000000000000000
-0.012000000000000	0.308825194502523
-0.011000000000000	4.049165308110009
-0.010000000000000	5.687143478544554
-0.009000000000000	6.199287516184848
-0.008000000000000	6.525036355423318
-0.007000000000000	10.046752872500868
-0.006000000000000	10.088592782087119
-0.005000000000000	12.551919661455040
-0.004000000000000	17.005233877669671
-0.003000000000000	24.640659206759512
-0.002000000000000	28.677044625701335
-0.001000000000000	26.631965919497333
0.000000000000000	27.271734143760298
0.001000000000000	19.154276951712660
0.002000000000000	14.383671510089235
0.003000000000000	5.829139979053551
0.004000000000000	3.140375880841575
0.005000000000000	3.319069927329966
0.006000000000000	4.042990980649438
0.007000000000000	2.364792808027260
0.008000000000000	3.802592096848290
0.009000000000000	4.039565009547607
0.010000000000000	3.355473656244757
0.011000000000000	3.688421688901864
0.012000000000000	4.847208386823760
0.013000000000000	7.430464756418806
0.014000000000000	6.247195204959930
0.015000000000000	2.824163862369655
0.016000000000000	1.518572649686404
0.017000000000000	1.496191774675310
0.018000000000000	1.190707962613475
0.019000000000000	0.264391632925761
0.020000000000000	0.000000000000000
0.021000000000000	0.000000000000000
0.022000000000000	0.000000000000000
0.023000000000000	0.000000000000000
0.024000000000000	0.000000000000000
0.025000000000000	0.000000000000000
