-0.025000000000000	0.000000000000000
-0.024000000000000	0.000000000000000
-0.023000000000000	0.000000000000000
-0.022000000000000	0.000000000000000
-0.021000000000000	0.000000000000000
-0.020000000000000	0.000000000000000
-0.019000000000000	0.000000000000000
-0.018000000000000	0.000000000000000
-0.017000000000000	0.445115134343262
-0.016000000000000	1.308095340617379
-0.015000000000000	0.995187275669973
-0.014000000000000	1.098129759048808
-0.013000000000000	0.816842399646440
-0.012000000000000	0.808143259898713
-0.011000000000000	1.017956985417882
-0.010000000000000	1.526196596473083
-0.009000000000000	1.481700797161958
-0.008000000000000	1.321355949915836
-0.007000000000000	2.577844301078001
-0.006000000000000	4.069850748223255
-0.005000000000000	17.379205269887315
-0.004000000000000	27.578725203674942
-0.003000000000000	17.543446671430384
-0.002000000000000	14.199868808145336
-0.001000000000000	11.760400155636122
0.000000000000000	7.942569907137288
0.001000000000000	5.986013773259561
0.002000000000000	5.534930092114280
0.003000000000000	4.127418123081831
0.004000000000000	4.249055120533218
0.005000000000000	3.493293830130582
0.006000000000000	4.144291609854719
0.007000000000000	3.557029094290477
0.008000000000000	2.245322531025785
0.009000000000000	2.980581444201357
0.010000000000000	2.549205086363826
0.011000000000000	2.172727348391802
0.012000000000000	3.726733239156002
0.013000000000000	2.863640869283327
0.014000000000000	2.432469660259583
0.015000000000000	4.255409926174804
0.016000000000000	2.426282276778846
0.017000000000000	0.912365113213772
0.018000000000000	0.136850303569772
0.019000000000000	0.658141176004917
0.020000000000000	0.278640877366546
0.021000000000000	0.000000000000000
0.022000000000000	0.000000000000000
0.023000000000000	0.000000000000000
0.024000000000000	0.000000000000000
0.025000000000000	0.000000000000000
