-0.025000000000000	0.000000000000000
-0.024000000000000	0.000000000000000
-0.023000000000000	0.000000000000000
-0.022000000000000	0.000000000000000
-0.021000000000000	0.000000000000000
-0.020000000000000	0.000000000000000
-0.019000000000000	0.000000000000000
-0.018000000000000	0.000000000000000
-0.017000000000000	0.000000000000000
-0.016000000000000	0.000000000000000
-0.015000000000000	0.000000000000000
-0.014000000000000	0.000000000000000
-0.013000000000000	0.000000000000000
-0.012000000000000	0.309841700275955
-0.011000000000000	0.638717466122970
-0.010000000000000	0.951991050411229
-0.009000000000000	1.207981079225620
-0.008000000000000	3.138579608497125
-0.007000000000000	2.987088384580303
-0.006000000000000	4.784656246913485
-0.005000000000000	11.947492671158770
-0.004000000000000	25.709197984576349
-0.003000000000000	38.668455885318295
-0.002000000000000	45.787371978476244
-0.001000000000000	34.889992100333345
0.000000000000000	32.454637964078529
0.001000000000000	21.994752177617656
0.002000000000000	21.964192726787360
0.003000000000000	18.066549807591681
0.004000000000000	13.086559739393676
0.005000000000000	9.675422327789772
0.006000000000000	6.935189086284996
0.007000000000000	4.140791118403631
0.008000000000000	3.489469704516006
0.009000000000000	2.427099900335583
0.010000000000000	1.387531265907827
0.011000000000000	1.610488935712884
0.012000000000000	1.392156232611451
0.013000000000000	1.888220343460106
0.014000000000000	1.101747573501948
0.015000000000000	1.034437376153606
0.016000000000000	1.485012507236018
0.017000000000000	1.122023999784901
0.018000000000000	1.006069846594065
0.019000000000000	0.227294235929790
0.020000000000000	0.000000000000000
0.021000000000000	0.000000000000000
0.022000000000000	0.000000000000000
0.023000000000000	0.000000000000000
0.024000000000000	0.000000000000000
0.025000000000000	0.000000000000000
