-0.025000000000000	0.000000000000000
-0.024000000000000	0.000000000000000
-0.023000000000000	0.000000000000000
-0.022000000000000	0.000000000000000
-0.021000000000000	0.000000000000000
-0.020000000000000	0.000000000000000
-0.019000000000000	0.000000000000000
-0.018000000000000	0.000000000000000
-0.017000000000000	0.000000000000000
-0.016000000000000	0.000000000000000
-0.015000000000000	0.000000000000000
-0.014000000000000	0.000000000000000
-0.013000000000000	0.000000000000000
-0.012000000000000	0.000000000000000
-0.011000000000000	0.084062236890422
-0.010000000000000	1.250458862274934
-0.009000000000000	1.225669599840927
-0.008000000000000	1.748938525688814
-0.007000000000000	3.795708142005300
-0.006000000000000	13.747437175895101
-0.005000000000000	27.061625108614304
-0.004000000000000	25.168073101166879
-0.003000000000000	28.920578081353742
-0.002000000000000	27.683614055595079
-0.001000000000000	20.092505813773897
0.000000000000000	18.731771784462076
0.001000000000000	18.006341701834316
0.002000000000000	18.285802718654669
0.003000000000000	9.394363148618638
0.004000000000000	4.950006439001869
0.005000000000000	2.955114548087999
0.006000000000000	3.252333544018335
0.007000000000000	2.705466413381208
0.008000000000000	3.095602444037945
0.009000000000000	4.445886693426255
0.010000000000000	3.030869162337062
0.011000000000000	2.459489366932207
0.012000000000000	3.230632153898316
0.013000000000000	4.140644738044790
0.014000000000000	3.609459832946009
0.015000000000000	5.319627197084841
0.016000000000000	2.007979356314906
0.017000000000000	0.538939920072955
0.018000000000000	0.276157751687875
0.019000000000000	0.000000000000000
0.020000000000000	0.000000000000000
0.021000000000000	0.000000000000000
0.022000000000000	0.000000000000000
0.023000000000000	0.000000000000000
0.024000000000000	0.000000000000000
0.025000000000000	0.000000000000000
