-0.025000000000000	0.000000000000000
-0.024000000000000	0.000000000000000
-0.023000000000000	0.000000000000000
-0.022000000000000	0.000000000000000
-0.021000000000000	0.000000000000000
-0.020000000000000	0.000000000000000
-0.019000000000000	0.000000000000000
-0.018000000000000	0.000000000000000
-0.017000000000000	0.000000000000000
-0.016000000000000	0.000000000000000
-0.015000000000000	0.000000000000000
-0.014000000000000	0.000000000000000
-0.013000000000000	0.000000000000000
-0.012000000000000	0.000000000000000
-0.011000000000000	0.793615175431004
-0.010000000000000	1.709039117131240
-0.009000000000000	1.931256755462275
-0.008000000000000	2.369491310225248
-0.007000000000000	2.719723197455107
-0.006000000000000	10.843087477103687
-0.005000000000000	25.396419087745471
-0.004000000000000	28.465938726818738
-0.003000000000000	26.982537021725751
-0.002000000000000	25.063311699584876
-0.001000000000000	24.222972247355393
0.000000000000000	29.803273623608650
0.001000000000000	24.352701936074077
0.002000000000000	13.205533513739731
0.003000000000000	10.624072210001353
0.004000000000000	11.229916450286723
0.005000000000000	12.954928872401290
0.006000000000000	13.113744947174167
0.007000000000000	5.073922629674464
0.008000000000000	3.118716902986613
0.009000000000000	2.922252977514297
0.010000000000000	2.279007526531657
0.011000000000000	2.693571507343851
0.012000000000000	2.560046256848166
0.013000000000000	3.492718232710875
0.014000000000000	1.329851028260492
0.015000000000000	1.040905272144284
0.016000000000000	0.457577097253713
0.017000000000000	0.646340429401034
0.018000000000000	0.440071037987368
0.019000000000000	0.000000000000000
0.020000000000000	0.000000000000000
0.021000000000000	0.000000000000000
0.022000000000000	0.000000000000000
0.023000000000000	0.000000000000000
0.024000000000000	0.000000000000000
0.025000000000000	0.000000000000000
