-0.025000000000000	0.000000000000000
-0.024000000000000	0.000000000000000
-0.023000000000000	0.000000000000000
-0.022000000000000	0.000000000000000
-0.021000000000000	0.000000000000000
-0.020000000000000	0.000000000000000
-0.019000000000000	0.000000000000000
-0.018000000000000	0.000000000000000
-0.017000000000000	0.000000000000000
-0.016000000000000	0.000000000000000
-0.015000000000000	0.000000000000000
-0.014000000000000	0.000000000000000
-0.013000000000000	0.000000000000000
-0.012000000000000	0.000000000000000
-0.011000000000000	0.000000000000000
-0.010000000000000	0.579959752428407
-0.009000000000000	7.432443429508919
-0.008000000000000	10.503985293652482
-0.007000000000000	12.764379739368374
-0.006000000000000	18.082646213549129
-0.005000000000000	24.025384162453513
-0.004000000000000	29.429859330386851
-0.003000000000000	34.842964997512098
-0.002000000000000	29.133730972258132
-0.001000000000000	17.929619106703417
0.000000000000000	11.410045903070591
0.001000000000000	8.478862739287505
0.002000000000000	7.220435506341818
0.003000000000000	6.316059688722197
0.004000000000000	7.384467431438106
0.005000000000000	6.731637037741653
0.006000000000000	7.417114352488987
0.007000000000000	12.027827406321752
0.008000000000000	11.045030078608994
0.009000000000000	8.594092202993938
0.010000000000000	10.536660739027086
0.011000000000000	11.478787290620811
0.012000000000000	6.361803986840965
0.013000000000000	2.891520989662081
0.014000000000000	2.023052703765814
0.015000000000000	0.186167563198580
0.016000000000000	0.000000000000000
0.017000000000000	0.000000000000000
0.018000000000000	0.000000000000000
0.019000000000000	0.000000000000000
0.020000000000000	0.000000000000000
0.021000000000000	0.000000000000000
0.022000000000000	0.000000000000000
0.023000000000000	0.000000000000000
0.024000000000000	0.000000000000000
0.025000000000000	0.000000000000000
