-0.025000000000000	0.000000000000000
-0.024000000000000	0.000000000000000
-0.023000000000000	0.000000000000000
-0.022000000000000	0.000000000000000
-0.021000000000000	0.000000000000000
-0.020000000000000	0.000000000000000
-0.019000000000000	0.000000000000000
-0.018000000000000	0.000000000000000
-0.017000000000000	0.000000000000000
-0.016000000000000	0.000000000000000
-0.015000000000000	0.000000000000000
-0.014000000000000	0.000000000000000
-0.013000000000000	0.303066045964958
-0.012000000000000	0.886603974671767
-0.011000000000000	2.804953185008341
-0.010000000000000	2.843291416963288
-0.009000000000000	2.360137646175004
-0.008000000000000	3.924848989615089
-0.007000000000000	3.536282890849046
-0.006000000000000	7.000529516122899
-0.005000000000000	16.405497425574389
-0.004000000000000	17.389362355339930
-0.003000000000000	18.071250415657634
-0.002000000000000	14.032476102677059
-0.001000000000000	12.609913254736332
0.000000000000000	11.023854724579847
0.001000000000000	11.654904296173443
0.002000000000000	7.245639707635186
0.003000000000000	4.394706717820112
0.004000000000000	3.684129499482963
0.005000000000000	5.644868075394187
0.006000000000000	3.155813281602559
0.007000000000000	3.243218255246302
0.008000000000000	3.443286960831097
0.009000000000000	3.766348210261920
0.010000000000000	3.462483999796854
0.011000000000000	3.793592625652529
0.012000000000000	3.079756468888166
0.013000000000000	4.762797872863906
0.014000000000000	3.553325355031200
0.015000000000000	1.939444576974091
0.016000000000000	0.008962351918962
0.017000000000000	0.000000000000000
0.018000000000000	0.000000000000000
0.019000000000000	0.000000000000000
0.020000000000000	0.000000000000000
0.021000000000000	0.000000000000000
0.022000000000000	0.000000000000000
0.023000000000000	0.000000000000000
0.024000000000000	0.000000000000000
0.025000000000000	0.000000000000000
