-0.025000000000000	0.000000000000000
-0.024000000000000	0.000000000000000
-0.023000000000000	0.000000000000000
-0.022000000000000	0.000000000000000
-0.021000000000000	0.000000000000000
-0.020000000000000	0.000000000000000
-0.019000000000000	0.000000000000000
-0.018000000000000	0.000000000000000
-0.017000000000000	0.000000000000000
-0.016000000000000	0.000000000000000
-0.015000000000000	0.000000000000000
-0.014000000000000	0.000000000000000
-0.013000000000000	0.000000000000000
-0.012000000000000	0.000000000000000
-0.011000000000000	0.000000000000000
-0.010000000000000	0.041096248226546
-0.009000000000000	0.494145111762515
-0.008000000000000	1.799761882101027
-0.007000000000000	8.537426282479549
-0.006000000000000	18.819858733546873
-0.005000000000000	28.808359042850086
-0.004000000000000	34.009914606393025
-0.003000000000000	33.429411493383931
-0.002000000000000	34.664059847076025
-0.001000000000000	26.554408388133524
0.000000000000000	13.929503643341260
0.001000000000000	8.989859162477963
0.002000000000000	8.714972360960093
0.003000000000000	8.569021022892361
0.004000000000000	8.888713963752782
0.005000000000000	7.589396826273102
0.006000000000000	7.871398921559178
0.007000000000000	7.116086235195130
0.008000000000000	5.031819484701344
0.009000000000000	4.432426002376962
0.010000000000000	5.649915717062802
0.011000000000000	6.536207251679249
0.012000000000000	9.359510861491973
0.013000000000000	6.369484135998667
0.014000000000000	3.171563328863773
0.015000000000000	0.094404493011361
0.016000000000000	0.000000000000000
0.017000000000000	0.000000000000000
0.018000000000000	0.000000000000000
0.019000000000000	0.000000000000000
0.020000000000000	0.000000000000000
0.021000000000000	0.000000000000000
0.022000000000000	0.000000000000000
0.023000000000000	0.000000000000000
0.024000000000000	0.000000000000000
0.025000000000000	0.000000000000000
