-0.025000000000000	0.000000000000000
-0.024000000000000	0.000000000000000
-0.023000000000000	0.000000000000000
-0.022000000000000	0.000000000000000
-0.021000000000000	0.000000000000000
-0.020000000000000	0.000000000000000
-0.019000000000000	0.000000000000000
-0.018000000000000	0.000000000000000
-0.017000000000000	0.000000000000000
-0.016000000000000	0.000000000000000
-0.015000000000000	0.000000000000000
-0.014000000000000	0.000000000000000
-0.013000000000000	0.000000000000000
-0.012000000000000	0.000000000000000
-0.011000000000000	0.130571995856447
-0.010000000000000	1.426850765239262
-0.009000000000000	2.369569360197882
-0.008000000000000	2.985449548133066
-0.007000000000000	10.631528614611002
-0.006000000000000	17.241816515322174
-0.005000000000000	20.614784025782775
-0.004000000000000	19.014634138005711
-0.003000000000000	17.776276834170297
-0.002000000000000	18.828989305207269
-0.001000000000000	15.778378358327821
0.000000000000000	13.316614142790900
0.001000000000000	15.317405972048428
0.002000000000000	20.644624491245285
0.003000000000000	23.677438613292018
0.004000000000000	12.406247000190701
0.005000000000000	6.093865445221435
0.006000000000000	2.685807129553856
0.007000000000000	2.009981592636985
0.008000000000000	2.534748004976886
0.009000000000000	2.020243657467387
0.010000000000000	1.639311413073217
0.011000000000000	1.659710291448222
0.012000000000000	2.652228411133949
0.013000000000000	3.527710891853465
0.014000000000000	5.207331260844262
0.015000000000000	2.104999204563062
0.016000000000000	0.590075588936676
0.017000000000000	0.559033042925311
0.018000000000000	0.412126333034237
0.019000000000000	0.312894835853113
0.020000000000000	0.014896125790324
0.021000000000000	0.000000000000000
0.022000000000000	0.000000000000000
0.023000000000000	0.000000000000000
0.024000000000000	0.000000000000000
0.025000000000000	0.000000000000000
