-0.025000000000000	0.000000000000000
-0.024000000000000	0.000000000000000
-0.023000000000000	0.000000000000000
-0.022000000000000	0.000000000000000
-0.021000000000000	0.000000000000000
-0.020000000000000	0.000000000000000
-0.019000000000000	0.000000000000000
-0.018000000000000	0.000000000000000
-0.017000000000000	0.000000000000000
-0.016000000000000	0.000000000000000
-0.015000000000000	0.000000000000000
-0.014000000000000	0.000000000000000
-0.013000000000000	0.000000000000000
-0.012000000000000	0.000000000000000
-0.011000000000000	0.332098586471304
-0.010000000000000	0.728445257075045
-0.009000000000000	1.555701822758755
-0.008000000000000	0.896849749570350
-0.007000000000000	4.735932704279969
-0.006000000000000	9.555158979026059
-0.005000000000000	11.016305677223194
-0.004000000000000	18.969643210214258
-0.003000000000000	32.676821551565332
-0.002000000000000	36.201442046736055
-0.001000000000000	34.658605165577789
0.000000000000000	25.530250851312289
0.001000000000000	19.869531896987528
0.002000000000000	12.742465929104926
0.003000000000000	12.424419544549226
0.004000000000000	13.030503260045743
0.005000000000000	15.035266772951209
0.006000000000000	6.579977706780197
0.007000000000000	1.709652043355509
0.008000000000000	0.831718060328293
0.009000000000000	1.074356433689810
0.010000000000000	2.224394902082407
0.011000000000000	0.927165748131692
0.012000000000000	1.399443479770723
0.013000000000000	2.116761141197453
0.014000000000000	2.883242097488437
0.015000000000000	2.073317702382022
0.016000000000000	1.592970831373065
0.017000000000000	0.363348153461807
0.018000000000000	0.000000000000000
0.019000000000000	0.000000000000000
0.020000000000000	0.000000000000000
0.021000000000000	0.000000000000000
0.022000000000000	0.000000000000000
0.023000000000000	0.000000000000000
0.024000000000000	0.000000000000000
0.025000000000000	0.000000000000000
