-0.025000000000000	0.000000000000000
-0.024000000000000	0.000000000000000
-0.023000000000000	0.000000000000000
-0.022000000000000	0.000000000000000
-0.021000000000000	0.000000000000000
-0.020000000000000	0.000000000000000
-0.019000000000000	0.000000000000000
-0.018000000000000	0.000000000000000
-0.017000000000000	0.000000000000000
-0.016000000000000	0.000000000000000
-0.015000000000000	0.000000000000000
-0.014000000000000	0.000000000000000
-0.013000000000000	0.000000000000000
-0.012000000000000	0.000000000000000
-0.011000000000000	0.000000000000000
-0.010000000000000	1.131830118600807
-0.009000000000000	2.645769711013661
-0.008000000000000	2.503451027832442
-0.007000000000000	2.617094583673105
-0.006000000000000	4.228729872243265
-0.005000000000000	10.879583212680641
-0.004000000000000	18.882446006910389
-0.003000000000000	34.841438239553682
-0.002000000000000	33.488548179955778
-0.001000000000000	26.603195135585583
0.000000000000000	21.401313395970000
0.001000000000000	18.240579722560614
0.002000000000000	12.139609053070672
0.003000000000000	5.765995625507053
0.004000000000000	4.174858955145273
0.005000000000000	3.462166778713652
0.006000000000000	4.048965039743897
0.007000000000000	4.198444935744169
0.008000000000000	2.742088179001065
0.009000000000000	3.104798677649911
0.010000000000000	3.141098448832037
0.011000000000000	2.602372188179041
0.012000000000000	2.412045735441598
0.013000000000000	5.245651117007720
0.014000000000000	2.939373914451163
0.015000000000000	0.625142781511171
0.016000000000000	0.308749162523268
0.017000000000000	0.684337436075758
0.018000000000000	0.451581670789270
0.019000000000000	0.045336204443514
0.020000000000000	0.000000000000000
0.021000000000000	0.000000000000000
0.022000000000000	0.000000000000000
0.023000000000000	0.000000000000000
0.024000000000000	0.000000000000000
0.025000000000000	0.000000000000000
