-0.025000000000000	0.000000000000000
-0.024000000000000	0.000000000000000
-0.023000000000000	0.000000000000000
-0.022000000000000	0.000000000000000
-0.021000000000000	0.000000000000000
-0.020000000000000	0.000000000000000
-0.019000000000000	0.000000000000000
-0.018000000000000	0.000000000000000
-0.017000000000000	0.000000000000000
-0.016000000000000	0.000000000000000
-0.015000000000000	0.000000000000000
-0.014000000000000	0.000000000000000
-0.013000000000000	0.000000000000000
-0.012000000000000	0.000000000000000
-0.011000000000000	0.000000000000000
-0.010000000000000	1.346352994546934
-0.009000000000000	2.911385608634094
-0.008000000000000	4.257517195511803
-0.007000000000000	7.625343698614635
-0.006000000000000	13.945940542288238
-0.005000000000000	20.258589855153637
-0.004000000000000	23.925590685026918
-0.003000000000000	26.772867075963795
-0.002000000000000	21.762668567566092
-0.001000000000000	19.410729552873075
0.000000000000000	23.134058924767263
0.001000000000000	18.780389492331128
0.002000000000000	13.908994214998424
0.003000000000000	13.679195631412229
0.004000000000000	6.078963818445203
0.005000000000000	2.633685477251357
0.006000000000000	3.382385716624014
0.007000000000000	3.478998479537896
0.008000000000000	3.769521713712544
0.009000000000000	5.635031513694431
0.010000000000000	5.814640196108595
0.011000000000000	3.693146803077201
0.012000000000000	3.869562389988947
0.013000000000000	2.956785899652875
0.014000000000000	2.631212587296869
0.015000000000000	0.948882765498688
0.016000000000000	0.659300562186352
0.017000000000000	0.838909050385602
0.018000000000000	0.302752979821641
0.019000000000000	0.505903269517966
0.020000000000000	0.793534354330767
0.021000000000000	0.277896273604981
0.022000000000000	0.026677875593458
0.023000000000000	0.000000000000000
0.024000000000000	0.000000000000000
0.025000000000000	0.000000000000000
