-0.025000000000000	0.000000000000000
-0.024000000000000	0.000000000000000
-0.023000000000000	0.000000000000000
-0.022000000000000	0.000000000000000
-0.021000000000000	0.000000000000000
-0.020000000000000	0.000000000000000
-0.019000000000000	0.000000000000000
-0.018000000000000	0.000000000000000
-0.017000000000000	0.000000000000000
-0.016000000000000	0.000000000000000
-0.015000000000000	0.000000000000000
-0.014000000000000	0.000000000000000
-0.013000000000000	0.000000000000000
-0.012000000000000	0.000000000000000
-0.011000000000000	0.240365276759288
-0.010000000000000	1.309285807637451
-0.009000000000000	1.381790574453484
-0.008000000000000	1.674416598009801
-0.007000000000000	4.481085861334194
-0.006000000000000	16.037336812072141
-0.005000000000000	25.651468374664489
-0.004000000000000	33.493677803592945
-0.003000000000000	34.154792092040090
-0.002000000000000	26.186271838916664
-0.001000000000000	21.644938325985525
0.000000000000000	18.635649026449979
0.001000000000000	11.118945291123104
0.002000000000000	9.621696090303024
0.003000000000000	8.341741416036321
0.004000000000000	9.769649887597829
0.005000000000000	11.096424805665007
0.006000000000000	11.848562947424842
0.007000000000000	4.583019528774553
0.008000000000000	2.858481590258509
0.009000000000000	2.888341427147092
0.010000000000000	1.521232928067763
0.011000000000000	2.291741393888753
0.012000000000000	2.684820593420583
0.013000000000000	1.625971163069278
0.014000000000000	2.491358055962676
0.015000000000000	3.546323946235598
0.016000000000000	5.381255927264442
0.017000000000000	1.797439640955433
0.018000000000000	0.478028596495301
0.019000000000000	0.099426375791405
0.020000000000000	0.000000000000000
0.021000000000000	0.000000000000000
0.022000000000000	0.000000000000000
0.023000000000000	0.000000000000000
0.024000000000000	0.000000000000000
0.025000000000000	0.000000000000000
