-0.025000000000000	0.000000000000000
-0.024000000000000	0.000000000000000
-0.023000000000000	0.000000000000000
-0.022000000000000	0.000000000000000
-0.021000000000000	0.000000000000000
-0.020000000000000	0.000000000000000
-0.019000000000000	0.000000000000000
-0.018000000000000	0.000000000000000
-0.017000000000000	0.000000000000000
-0.016000000000000	0.000000000000000
-0.015000000000000	0.000000000000000
-0.014000000000000	0.000000000000000
-0.013000000000000	0.000000000000000
-0.012000000000000	0.000000000000000
-0.011000000000000	0.000000000000000
-0.010000000000000	0.000000000000000
-0.009000000000000	0.432228243751379
-0.008000000000000	2.417267595588897
-0.007000000000000	5.302623594638859
-0.006000000000000	10.714243067998451
-0.005000000000000	16.735432133383696
-0.004000000000000	18.898238669912129
-0.003000000000000	32.948490968392434
-0.002000000000000	31.371798906698110
-0.001000000000000	27.077589112102959
0.000000000000000	23.735261191993384
0.001000000000000	23.311777079949788
0.002000000000000	22.073029884007692
0.003000000000000	9.304853301293331
0.004000000000000	3.614633715405979
0.005000000000000	2.366633833413902
0.006000000000000	3.104121404482450
0.007000000000000	2.273268414187047
0.008000000000000	2.902594678407918
0.009000000000000	3.222991168116311
0.010000000000000	2.670585153204610
0.011000000000000	3.391252096360626
0.012000000000000	2.712164641814783
0.013000000000000	5.231955830257707
0.014000000000000	4.736657517452628
0.015000000000000	2.220066930878752
0.016000000000000	0.189145003781727
0.017000000000000	0.000000000000000
0.018000000000000	0.000000000000000
0.019000000000000	0.000000000000000
0.020000000000000	0.000000000000000
0.021000000000000	0.000000000000000
0.022000000000000	0.000000000000000
0.023000000000000	0.000000000000000
0.024000000000000	0.000000000000000
0.025000000000000	0.000000000000000
