-0.025000000000000	0.000000000000000
-0.024000000000000	0.000000000000000
-0.023000000000000	0.000000000000000
-0.022000000000000	0.000000000000000
-0.021000000000000	0.000000000000000
-0.020000000000000	0.000000000000000
-0.019000000000000	0.000000000000000
-0.018000000000000	0.000000000000000
-0.017000000000000	0.021040611491691
-0.016000000000000	0.820870582674211
-0.015000000000000	1.230995152040371
-0.014000000000000	0.844646378123596
-0.013000000000000	1.344606756888713
-0.012000000000000	1.421658060566287
-0.011000000000000	1.815627490508592
-0.010000000000000	2.718902139554151
-0.009000000000000	2.940139715176532
-0.008000000000000	3.296138786505698
-0.007000000000000	3.811110412397886
-0.006000000000000	7.461815801057496
-0.005000000000000	9.893221464174683
-0.004000000000000	18.855690411492020
-0.003000000000000	25.764369012599815
-0.002000000000000	28.973443910317844
-0.001000000000000	23.123080339271702
0.000000000000000	20.071022711584046
0.001000000000000	13.794077923705013
0.002000000000000	9.657156059644958
0.003000000000000	9.418689778768922
0.004000000000000	10.211750467785691
0.005000000000000	12.857528253695452
0.006000000000000	12.677152696222539
0.007000000000000	4.358159055251952
0.008000000000000	2.279042722596654
0.009000000000000	2.222858392675811
0.010000000000000	1.549696872153776
0.011000000000000	1.138756596219371
0.012000000000000	1.695935488441758
0.013000000000000	2.187913056376539
0.014000000000000	1.403603376067532
0.015000000000000	1.088736352045034
0.016000000000000	1.419319372397101
0.017000000000000	1.375629040137509
0.018000000000000	1.480983843863089
0.019000000000000	1.198176765834577
0.020000000000000	0.548921079619518
0.021000000000000	0.024541798041932
0.022000000000000	0.000000000000000
0.023000000000000	0.000000000000000
0.024000000000000	0.000000000000000
0.025000000000000	0.000000000000000
