-0.025000000000000	0.000000000000000
-0.024000000000000	0.000000000000000
-0.023000000000000	0.000000000000000
-0.022000000000000	0.000000000000000
-0.021000000000000	0.000000000000000
-0.020000000000000	0.000000000000000
-0.019000000000000	0.000000000000000
-0.018000000000000	0.000000000000000
-0.017000000000000	0.000000000000000
-0.016000000000000	0.000000000000000
-0.015000000000000	0.000000000000000
-0.014000000000000	0.000000000000000
-0.013000000000000	0.000000000000000
-0.012000000000000	0.000000000000000
-0.011000000000000	0.000000000000000
-0.010000000000000	0.289020504657027
-0.009000000000000	1.268168989090849
-0.008000000000000	1.300388171671218
-0.007000000000000	1.142616040324369
-0.006000000000000	1.572415136831609
-0.005000000000000	1.565748578877311
-0.004000000000000	4.263658029669680
-0.003000000000000	15.373136074264243
-0.002000000000000	51.275084161081310
-0.001000000000000	68.996807879495137
0.000000000000000	62.746794645240584
0.001000000000000	52.773861512704450
0.002000000000000	32.902508938322825
0.003000000000000	16.043057707348034
0.004000000000000	1.497899967055377
0.005000000000000	1.350317023599255
0.006000000000000	1.183829538180796
0.007000000000000	1.363806215189855
0.008000000000000	0.949926189462932
0.009000000000000	0.365002812685274
0.010000000000000	1.104475008994754
0.011000000000000	0.782731593193537
0.012000000000000	0.843441735130647
0.013000000000000	0.520845371063326
0.014000000000000	0.768998829727803
0.015000000000000	0.352462976632482
0.016000000000000	0.434086928607961
0.017000000000000	0.789663518819728
0.018000000000000	0.257736855344330
0.019000000000000	0.137176286098088
0.020000000000000	0.000000000000000
0.021000000000000	0.000000000000000
0.022000000000000	0.000000000000000
0.023000000000000	0.000000000000000
0.024000000000000	0.000000000000000
0.025000000000000	0.000000000000000
