-0.025000000000000	0.000000000000000
-0.024000000000000	0.000000000000000
-0.023000000000000	0.000000000000000
-0.022000000000000	0.000000000000000
-0.021000000000000	0.000000000000000
-0.020000000000000	0.000000000000000
-0.019000000000000	0.000000000000000
-0.018000000000000	0.146550896073145
-0.017000000000000	1.084843689738214
-0.016000000000000	0.961346534923442
-0.015000000000000	1.168806393759243
-0.014000000000000	1.581265343379440
-0.013000000000000	1.576706161460314
-0.012000000000000	2.251521559174542
-0.011000000000000	3.206024647108393
-0.010000000000000	4.311412222755171
-0.009000000000000	5.046775931137498
-0.008000000000000	5.322892398143075
-0.007000000000000	7.726121972074172
-0.006000000000000	14.725851803439163
-0.005000000000000	15.326439522413001
-0.004000000000000	13.974390127132123
-0.003000000000000	13.137112299832925
-0.002000000000000	12.659056038471308
-0.001000000000000	10.296137478643701
0.000000000000000	12.864692821599608
0.001000000000000	11.342136096276173
0.002000000000000	10.471222973175413
0.003000000000000	10.826995296984279
0.004000000000000	14.022949092081994
0.005000000000000	15.097217756474588
0.006000000000000	10.944462120412602
0.007000000000000	3.885654635389983
0.008000000000000	5.541320280198556
0.009000000000000	4.871452400362915
0.010000000000000	5.950587329943858
0.011000000000000	5.583059144740521
0.012000000000000	2.593207577085872
0.013000000000000	2.213470033869763
0.014000000000000	3.687080018520533
0.015000000000000	1.745858324299012
0.016000000000000	0.081508306073978
0.017000000000000	0.000000000000000
0.018000000000000	0.000000000000000
0.019000000000000	0.000000000000000
0.020000000000000	0.000000000000000
0.021000000000000	0.000000000000000
0.022000000000000	0.000000000000000
0.023000000000000	0.000000000000000
0.024000000000000	0.000000000000000
0.025000000000000	0.000000000000000
