-0.025000000000000	0.000000000000000
-0.024000000000000	0.000000000000000
-0.023000000000000	0.000000000000000
-0.022000000000000	0.000000000000000
-0.021000000000000	0.000000000000000
-0.020000000000000	0.000000000000000
-0.019000000000000	0.000000000000000
-0.018000000000000	0.000000000000000
-0.017000000000000	0.000000000000000
-0.016000000000000	0.035440047154254
-0.015000000000000	0.844900424485064
-0.014000000000000	2.240515964920603
-0.013000000000000	2.618329784057295
-0.012000000000000	3.735724776002891
-0.011000000000000	3.341179010947370
-0.010000000000000	2.868716956368802
-0.009000000000000	4.072862693085111
-0.008000000000000	4.547794002933545
-0.007000000000000	4.305776330418240
-0.006000000000000	7.939243716864791
-0.005000000000000	18.458541139014510
-0.004000000000000	29.271400787509606
-0.003000000000000	30.265622675968757
-0.002000000000000	23.389920109353262
-0.001000000000000	23.961159543603923
0.000000000000000	18.446725845423799
0.001000000000000	8.499607705366936
0.002000000000000	6.278043610652976
0.003000000000000	4.731471469253087
0.004000000000000	4.836751976832438
0.005000000000000	5.248014816785195
0.006000000000000	4.893526428046425
0.007000000000000	5.064686572044988
0.008000000000000	4.671188025490049
0.009000000000000	4.364432907267213
0.010000000000000	5.327506084219042
0.011000000000000	4.829392218234272
0.012000000000000	4.076831216596227
0.013000000000000	5.681868599633706
0.014000000000000	5.659717514803897
0.015000000000000	5.181197465973136
0.016000000000000	4.345845982203493
0.017000000000000	1.588997467962632
0.018000000000000	0.362854226450280
0.019000000000000	0.000000000000000
0.020000000000000	0.000000000000000
0.021000000000000	0.000000000000000
0.022000000000000	0.000000000000000
0.023000000000000	0.000000000000000
0.024000000000000	0.000000000000000
0.025000000000000	0.000000000000000
