-0.025000000000000	0.000000000000000
-0.024000000000000	0.000000000000000
-0.023000000000000	0.000000000000000
-0.022000000000000	0.000000000000000
-0.021000000000000	0.000000000000000
-0.020000000000000	0.000000000000000
-0.019000000000000	0.227882020864656
-0.018000000000000	1.080558129786493
-0.017000000000000	0.934819147767546
-0.016000000000000	0.865373874970658
-0.015000000000000	1.533658273339715
-0.014000000000000	1.942648616145633
-0.013000000000000	1.507937653494418
-0.012000000000000	2.280763966767998
-0.011000000000000	2.495881521936828
-0.010000000000000	3.275926049436492
-0.009000000000000	4.013890791398454
-0.008000000000000	4.603840993443199
-0.007000000000000	5.096087923180742
-0.006000000000000	9.259754831090527
-0.005000000000000	12.067754424758512
-0.004000000000000	12.187232037525240
-0.003000000000000	21.794913288467402
-0.002000000000000	29.298705162003724
-0.001000000000000	28.417547204024991
0.000000000000000	25.150925990705915
0.001000000000000	20.555874592305045
0.002000000000000	17.484539524156521
0.003000000000000	10.508078298822955
0.004000000000000	6.447416866279344
0.005000000000000	5.149602083784986
0.006000000000000	4.469696188894052
0.007000000000000	4.821424066939626
0.008000000000000	4.256491971005495
0.009000000000000	2.922119029182341
0.010000000000000	3.019978611450691
0.011000000000000	4.855393853161681
0.012000000000000	6.164296481770049
0.013000000000000	5.708568059195176
0.014000000000000	2.844852823813659
0.015000000000000	4.975636874482081
0.016000000000000	1.315957260544088
0.017000000000000	0.534869145650650
0.018000000000000	0.187807718489073
0.019000000000000	0.000000000000000
0.020000000000000	0.000000000000000
0.021000000000000	0.000000000000000
0.022000000000000	0.000000000000000
0.023000000000000	0.000000000000000
0.024000000000000	0.000000000000000
0.025000000000000	0.000000000000000
