-0.025000000000000	0.000000000000000
-0.024000000000000	0.000000000000000
-0.023000000000000	0.000000000000000
-0.022000000000000	0.000000000000000
-0.021000000000000	0.000000000000000
-0.020000000000000	0.000000000000000
-0.019000000000000	0.000000000000000
-0.018000000000000	0.000000000000000
-0.017000000000000	0.000000000000000
-0.016000000000000	0.000000000000000
-0.015000000000000	0.000000000000000
-0.014000000000000	0.000000000000000
-0.013000000000000	0.000000000000000
-0.012000000000000	0.000000000000000
-0.011000000000000	0.326890865164406
-0.010000000000000	1.377028807052582
-0.009000000000000	1.350489372196707
-0.008000000000000	1.817480435647873
-0.007000000000000	3.490394694282105
-0.006000000000000	11.459672014159750
-0.005000000000000	19.051244855738453
-0.004000000000000	20.340235156427738
-0.003000000000000	26.179900377281335
-0.002000000000000	31.601241879347739
-0.001000000000000	22.250968976051873
0.000000000000000	14.500188007404445
0.001000000000000	9.558911399269059
0.002000000000000	8.373817394026634
0.003000000000000	7.989220479355818
0.004000000000000	9.352626233080894
0.005000000000000	11.108186863774840
0.006000000000000	12.802222316264331
0.007000000000000	11.412507168551713
0.008000000000000	2.662735322731895
0.009000000000000	2.930636033009521
0.010000000000000	2.203971191642261
0.011000000000000	2.323518505598602
0.012000000000000	1.757192293781622
0.013000000000000	0.770494081298974
0.014000000000000	0.492512345658525
0.015000000000000	0.592948739654190
0.016000000000000	0.240909101288565
0.017000000000000	0.423048432919957
0.018000000000000	0.537909249547304
0.019000000000000	0.421186142699330
0.020000000000000	0.236284063029449
0.021000000000000	0.000000000000000
0.022000000000000	0.000000000000000
0.023000000000000	0.000000000000000
0.024000000000000	0.000000000000000
0.025000000000000	0.000000000000000
