-0.025000000000000	0.000000000000000
-0.024000000000000	0.000000000000000
-0.023000000000000	0.000000000000000
-0.022000000000000	0.000000000000000
-0.021000000000000	0.000000000000000
-0.020000000000000	0.000000000000000
-0.019000000000000	0.000000000000000
-0.018000000000000	0.000000000000000
-0.017000000000000	0.000000000000000
-0.016000000000000	0.000000000000000
-0.015000000000000	0.000000000000000
-0.014000000000000	0.000000000000000
-0.013000000000000	0.000000000000000
-0.012000000000000	0.000000000000000
-0.011000000000000	0.000000000000000
-0.010000000000000	0.000000000000000
-0.009000000000000	0.465856518152414
-0.008000000000000	6.223805974725979
-0.007000000000000	12.781478492777289
-0.006000000000000	13.519320075540607
-0.005000000000000	18.212904247363536
-0.004000000000000	22.475081104621950
-0.003000000000000	29.139841217221516
-0.002000000000000	24.575324513545013
-0.001000000000000	22.529595908650816
0.000000000000000	25.245741453068526
0.001000000000000	22.414673492646703
0.002000000000000	9.716181818490865
0.003000000000000	5.883710372054050
0.004000000000000	5.761219850910579
0.005000000000000	4.150728076690410
0.006000000000000	4.803077250088835
0.007000000000000	3.368399998187792
0.008000000000000	3.696251292122666
0.009000000000000	3.599680218022509
0.010000000000000	4.286425340807165
0.011000000000000	4.115975160808890
0.012000000000000	5.396274858108941
0.013000000000000	3.921372149433602
0.014000000000000	2.173600479560934
0.015000000000000	2.983746508071006
0.016000000000000	3.183659332374696
0.017000000000000	0.789468572721374
0.018000000000000	0.119805507041583
0.019000000000000	0.000000000000000
0.020000000000000	0.000000000000000
0.021000000000000	0.000000000000000
0.022000000000000	0.000000000000000
0.023000000000000	0.000000000000000
0.024000000000000	0.000000000000000
0.025000000000000	0.000000000000000
