-0.025000000000000	0.000000000000000
-0.024000000000000	0.000000000000000
-0.023000000000000	0.000000000000000
-0.022000000000000	0.000000000000000
-0.021000000000000	0.000000000000000
-0.020000000000000	0.000000000000000
-0.019000000000000	0.000000000000000
-0.018000000000000	0.055394326267072
-0.017000000000000	0.860820680689365
-0.016000000000000	1.175535193132784
-0.015000000000000	0.861600451560808
-0.014000000000000	1.144938455979252
-0.013000000000000	0.843111925165253
-0.012000000000000	0.801915415171211
-0.011000000000000	1.324528735726161
-0.010000000000000	0.532716282081301
-0.009000000000000	1.924643327509228
-0.008000000000000	2.914139890114017
-0.007000000000000	2.960358131987098
-0.006000000000000	4.572171755360329
-0.005000000000000	7.621136610402576
-0.004000000000000	12.588073125475482
-0.003000000000000	29.163528899858214
-0.002000000000000	33.827658226582180
-0.001000000000000	31.376948026468188
0.000000000000000	26.598827471418055
0.001000000000000	24.035954644471179
0.002000000000000	17.879604388463623
0.003000000000000	10.946033977318608
0.004000000000000	10.649593987476166
0.005000000000000	10.511420100555020
0.006000000000000	11.335931582342786
0.007000000000000	8.097262350887682
0.008000000000000	2.854884185728724
0.009000000000000	2.677430558610340
0.010000000000000	2.156910087263936
0.011000000000000	2.067256979883076
0.012000000000000	0.672769276560796
0.013000000000000	0.592241361979257
0.014000000000000	0.610299057400694
0.015000000000000	0.567856211774736
0.016000000000000	0.322451804315356
0.017000000000000	0.340494516953145
0.018000000000000	0.668795497127738
0.019000000000000	0.277386114562883
0.020000000000000	0.112518436270358
0.021000000000000	0.000000000000000
0.022000000000000	0.000000000000000
0.023000000000000	0.000000000000000
0.024000000000000	0.000000000000000
0.025000000000000	0.000000000000000
