-0.025000000000000	0.000000000000000
-0.024000000000000	0.000000000000000
-0.023000000000000	0.000000000000000
-0.022000000000000	0.000000000000000
-0.021000000000000	0.000000000000000
-0.020000000000000	0.000000000000000
-0.019000000000000	0.000000000000000
-0.018000000000000	0.000000000000000
-0.017000000000000	0.000000000000000
-0.016000000000000	0.555664175061292
-0.015000000000000	1.146656184583088
-0.014000000000000	1.114879276389528
-0.013000000000000	1.150321634232565
-0.012000000000000	1.394963001411550
-0.011000000000000	1.174569525648767
-0.010000000000000	2.055537036178316
-0.009000000000000	2.783856599045463
-0.008000000000000	2.585164656890507
-0.007000000000000	5.976079292032212
-0.006000000000000	15.081347366162831
-0.005000000000000	19.264118184963412
-0.004000000000000	24.827505096716386
-0.003000000000000	26.257740140665447
-0.002000000000000	20.146102863048984
-0.001000000000000	18.030753655848201
0.000000000000000	12.909909654551381
0.001000000000000	12.177470312077585
0.002000000000000	12.154037423136176
0.003000000000000	17.029388740814042
0.004000000000000	17.938984851359102
0.005000000000000	18.033878404314972
0.006000000000000	6.008575643723875
0.007000000000000	3.505627541949986
0.008000000000000	3.630233324540910
0.009000000000000	3.383888352930144
0.010000000000000	3.011289291237151
0.011000000000000	3.186477775215207
0.012000000000000	1.508796945704563
0.013000000000000	1.665828302699445
0.014000000000000	1.159630376304501
0.015000000000000	1.590871493133606
0.016000000000000	2.105950247126360
0.017000000000000	1.610518140425913
0.018000000000000	1.002760724211714
0.019000000000000	0.720534612510983
0.020000000000000	0.247102306834652
0.021000000000000	0.000000000000000
0.022000000000000	0.000000000000000
0.023000000000000	0.000000000000000
0.024000000000000	0.000000000000000
0.025000000000000	0.000000000000000
