-0.025000000000000	0.000000000000000
-0.024000000000000	0.000000000000000
-0.023000000000000	0.000000000000000
-0.022000000000000	0.000000000000000
-0.021000000000000	0.000000000000000
-0.020000000000000	0.000000000000000
-0.019000000000000	0.000000000000000
-0.018000000000000	0.000000000000000
-0.017000000000000	0.000000000000000
-0.016000000000000	0.000000000000000
-0.015000000000000	0.000000000000000
-0.014000000000000	0.000000000000000
-0.013000000000000	0.000000000000000
-0.012000000000000	0.000000000000000
-0.011000000000000	0.000000000000000
-0.010000000000000	0.000000000000000
-0.009000000000000	0.032544537286597
-0.008000000000000	4.094550771968512
-0.007000000000000	7.247225774068756
-0.006000000000000	9.475244555480257
-0.005000000000000	13.814561719913538
-0.004000000000000	20.976823585163498
-0.003000000000000	27.460422717331454
-0.002000000000000	22.120350548505765
-0.001000000000000	20.871441516328773
0.000000000000000	21.247066549191587
0.001000000000000	23.630613973039615
0.002000000000000	21.018397449791269
0.003000000000000	14.213395555247903
0.004000000000000	11.579472418410521
0.005000000000000	9.918180936358169
0.006000000000000	7.051977429833348
0.007000000000000	4.139933527838547
0.008000000000000	3.577430231162958
0.009000000000000	3.648323054173139
0.010000000000000	3.008122400667901
0.011000000000000	0.790835694178128
0.012000000000000	0.801486515547846
0.013000000000000	0.296368869991895
0.014000000000000	0.406117288303054
0.015000000000000	0.671454688229331
0.016000000000000	0.418381162016677
0.017000000000000	0.491615050674213
0.018000000000000	0.402021873190819
0.019000000000000	0.388884643819744
0.020000000000000	0.229199454484405
0.021000000000000	0.000000000000000
0.022000000000000	0.000000000000000
0.023000000000000	0.000000000000000
0.024000000000000	0.000000000000000
0.025000000000000	0.000000000000000
