-0.025000000000000	0.000000000000000
-0.024000000000000	0.000000000000000
-0.023000000000000	0.000000000000000
-0.022000000000000	0.000000000000000
-0.021000000000000	0.000000000000000
-0.020000000000000	0.000000000000000
-0.019000000000000	0.000000000000000
-0.018000000000000	0.000000000000000
-0.017000000000000	0.000000000000000
-0.016000000000000	0.000000000000000
-0.015000000000000	0.000000000000000
-0.014000000000000	0.000000000000000
-0.013000000000000	0.000000000000000
-0.012000000000000	0.000000000000000
-0.011000000000000	0.245857861333500
-0.010000000000000	1.772118251091439
-0.009000000000000	2.068966001671642
-0.008000000000000	2.564947201393062
-0.007000000000000	4.002125069251524
-0.006000000000000	12.916908171935185
-0.005000000000000	17.913961269260987
-0.004000000000000	22.559816351388232
-0.003000000000000	30.733992372716795
-0.002000000000000	28.592334311725647
-0.001000000000000	28.598567404234661
0.000000000000000	23.593866962429125
0.001000000000000	21.119792307432313
0.002000000000000	12.891859662441833
0.003000000000000	11.681022340237673
0.004000000000000	10.844784505541295
0.005000000000000	14.298709876760858
0.006000000000000	8.140447105012102
0.007000000000000	2.417596486107628
0.008000000000000	1.859041439943955
0.009000000000000	2.211179237960197
0.010000000000000	1.874459018735872
0.011000000000000	1.241204932047331
0.012000000000000	2.057927653730149
0.013000000000000	2.063345227685003
0.014000000000000	1.154234700196167
0.015000000000000	4.097155574171865
0.016000000000000	3.955322461580722
0.017000000000000	0.087088715219332
0.018000000000000	0.000000000000000
0.019000000000000	0.000000000000000
0.020000000000000	0.000000000000000
0.021000000000000	0.000000000000000
0.022000000000000	0.000000000000000
0.023000000000000	0.000000000000000
0.024000000000000	0.000000000000000
0.025000000000000	0.000000000000000
