-0.025000000000000	0.000000000000000
-0.024000000000000	0.000000000000000
-0.023000000000000	0.000000000000000
-0.022000000000000	0.000000000000000
-0.021000000000000	0.000000000000000
-0.020000000000000	0.000000000000000
-0.019000000000000	0.000000000000000
-0.018000000000000	0.000000000000000
-0.017000000000000	0.000000000000000
-0.016000000000000	0.000000000000000
-0.015000000000000	0.000000000000000
-0.014000000000000	0.000000000000000
-0.013000000000000	0.000000000000000
-0.012000000000000	0.118100118853146
-0.011000000000000	2.355579427429304
-0.010000000000000	2.824619807047506
-0.009000000000000	2.740879431477272
-0.008000000000000	3.024122332512985
-0.007000000000000	3.154903378189945
-0.006000000000000	3.326681388243597
-0.005000000000000	9.650658704243442
-0.004000000000000	16.571969956458400
-0.003000000000000	18.825764986572501
-0.002000000000000	16.108956535794643
-0.001000000000000	11.854084937570413
0.000000000000000	10.890546822630748
0.001000000000000	6.546794063947285
0.002000000000000	6.316899142932559
0.003000000000000	6.324426019671744
0.004000000000000	6.002838810605886
0.005000000000000	5.225937818909502
0.006000000000000	4.142000312635611
0.007000000000000	3.096158846876933
0.008000000000000	2.077852375513315
0.009000000000000	2.040392342064856
0.010000000000000	1.338023515796066
0.011000000000000	1.462171772880237
0.012000000000000	1.299313466767678
0.013000000000000	1.151828166432161
0.014000000000000	1.561974299360390
0.015000000000000	1.526581632501427
0.016000000000000	1.435428945041437
0.017000000000000	2.520104061456401
0.018000000000000	1.135824830076618
0.019000000000000	0.000000000000000
0.020000000000000	0.000000000000000
0.021000000000000	0.000000000000000
0.022000000000000	0.000000000000000
0.023000000000000	0.000000000000000
0.024000000000000	0.000000000000000
0.025000000000000	0.000000000000000
