-0.025000000000000	0.000000000000000
-0.024000000000000	0.000000000000000
-0.023000000000000	0.000000000000000
-0.022000000000000	0.000000000000000
-0.021000000000000	0.000000000000000
-0.020000000000000	0.000000000000000
-0.019000000000000	0.000000000000000
-0.018000000000000	0.000000000000000
-0.017000000000000	0.000000000000000
-0.016000000000000	0.000000000000000
-0.015000000000000	0.000000000000000
-0.014000000000000	0.000000000000000
-0.013000000000000	0.000000000000000
-0.012000000000000	0.000000000000000
-0.011000000000000	0.084705750714855
-0.010000000000000	0.906855404231698
-0.009000000000000	0.665966917502174
-0.008000000000000	1.689686749808169
-0.007000000000000	5.456680450053187
-0.006000000000000	22.073486759384888
-0.005000000000000	33.287899485659857
-0.004000000000000	32.384604785936382
-0.003000000000000	33.390234664084645
-0.002000000000000	29.494098456781977
-0.001000000000000	17.233653382643038
0.000000000000000	11.664882103810834
0.001000000000000	11.943292116410479
0.002000000000000	8.892114649396875
0.003000000000000	11.710186289493189
0.004000000000000	11.607112829525722
0.005000000000000	10.360028159709907
0.006000000000000	11.673826475688918
0.007000000000000	5.996113724635026
0.008000000000000	4.380175016080846
0.009000000000000	3.967914709883430
0.010000000000000	3.085031429369700
0.011000000000000	4.177852511664210
0.012000000000000	5.960916478630944
0.013000000000000	7.028478147964493
0.014000000000000	2.353742835852594
0.015000000000000	1.478112372874208
0.016000000000000	0.753169243043545
0.017000000000000	0.501319802393476
0.018000000000000	0.521186430199796
0.019000000000000	0.102795578386397
0.020000000000000	0.000000000000000
0.021000000000000	0.000000000000000
0.022000000000000	0.000000000000000
0.023000000000000	0.000000000000000
0.024000000000000	0.000000000000000
0.025000000000000	0.000000000000000
