-0.025000000000000	0.000000000000000
-0.024000000000000	0.000000000000000
-0.023000000000000	0.000000000000000
-0.022000000000000	0.000000000000000
-0.021000000000000	0.000000000000000
-0.020000000000000	0.000000000000000
-0.019000000000000	0.000000000000000
-0.018000000000000	0.000000000000000
-0.017000000000000	0.000000000000000
-0.016000000000000	0.158717330907909
-0.015000000000000	1.090068513957008
-0.014000000000000	1.295410965288772
-0.013000000000000	1.437574642293297
-0.012000000000000	2.335487560643986
-0.011000000000000	4.513095411209231
-0.010000000000000	5.137782520910149
-0.009000000000000	6.333880229733741
-0.008000000000000	4.675929258892277
-0.007000000000000	7.180516620610979
-0.006000000000000	11.225934571086555
-0.005000000000000	19.035567689116743
-0.004000000000000	20.097108318545100
-0.003000000000000	20.391274529457153
-0.002000000000000	20.526626385487990
-0.001000000000000	18.649634997383025
0.000000000000000	20.418886087443187
0.001000000000000	14.682396308706618
0.002000000000000	10.837062115988465
0.003000000000000	10.411877336389814
0.004000000000000	12.271314297214781
0.005000000000000	13.571992972746550
0.006000000000000	14.039802540083974
0.007000000000000	12.621098654207827
0.008000000000000	6.451375871284580
0.009000000000000	2.795469951661935
0.010000000000000	1.814583750808991
0.011000000000000	1.676319880297737
0.012000000000000	1.732828397418487
0.013000000000000	2.634430353024827
0.014000000000000	2.355569203601181
0.015000000000000	5.824713735090968
0.016000000000000	2.720109491525515
0.017000000000000	0.222994708653095
0.018000000000000	0.000000000000000
0.019000000000000	0.000000000000000
0.020000000000000	0.000000000000000
0.021000000000000	0.000000000000000
0.022000000000000	0.000000000000000
0.023000000000000	0.000000000000000
0.024000000000000	0.000000000000000
0.025000000000000	0.000000000000000
