-0.025000000000000	0.000000000000000
-0.024000000000000	0.000000000000000
-0.023000000000000	0.000000000000000
-0.022000000000000	0.000000000000000
-0.021000000000000	0.000000000000000
-0.020000000000000	0.000000000000000
-0.019000000000000	0.000000000000000
-0.018000000000000	0.000000000000000
-0.017000000000000	0.000000000000000
-0.016000000000000	0.000000000000000
-0.015000000000000	0.000000000000000
-0.014000000000000	0.000000000000000
-0.013000000000000	0.356043839988370
-0.012000000000000	1.977280106259486
-0.011000000000000	1.700034565554094
-0.010000000000000	2.768481385017098
-0.009000000000000	6.495456413967502
-0.008000000000000	14.276638469047763
-0.007000000000000	15.921935339855676
-0.006000000000000	15.529672224557286
-0.005000000000000	15.078093789183272
-0.004000000000000	12.992475968111531
-0.003000000000000	15.599424696299726
-0.002000000000000	24.218340459166662
-0.001000000000000	23.414046813059052
0.000000000000000	20.721216661151232
0.001000000000000	15.082580638261176
0.002000000000000	9.792341013723126
0.003000000000000	7.068390757050692
0.004000000000000	9.264622064932452
0.005000000000000	8.893180062917125
0.006000000000000	8.598063052256776
0.007000000000000	8.233763272988316
0.008000000000000	11.840270337126794
0.009000000000000	8.486800885337646
0.010000000000000	7.486252517060005
0.011000000000000	5.590013560848035
0.012000000000000	6.232577349600475
0.013000000000000	4.465516153108711
0.014000000000000	0.439443069708113
0.015000000000000	0.321695189205397
0.016000000000000	0.000000000000000
0.017000000000000	0.000000000000000
0.018000000000000	0.000000000000000
0.019000000000000	0.000000000000000
0.020000000000000	0.000000000000000
0.021000000000000	0.000000000000000
0.022000000000000	0.000000000000000
0.023000000000000	0.000000000000000
0.024000000000000	0.000000000000000
0.025000000000000	0.000000000000000
