-0.025000000000000	0.000000000000000
-0.024000000000000	0.000000000000000
-0.023000000000000	0.000000000000000
-0.022000000000000	0.000000000000000
-0.021000000000000	0.000000000000000
-0.020000000000000	0.000000000000000
-0.019000000000000	0.000000000000000
-0.018000000000000	0.000000000000000
-0.017000000000000	0.000000000000000
-0.016000000000000	0.000000000000000
-0.015000000000000	0.000000000000000
-0.014000000000000	0.000000000000000
-0.013000000000000	0.000000000000000
-0.012000000000000	0.000000000000000
-0.011000000000000	0.000000000000000
-0.010000000000000	0.297670752288212
-0.009000000000000	1.991127525670632
-0.008000000000000	2.982004932317767
-0.007000000000000	3.422313644316811
-0.006000000000000	10.465301167387713
-0.005000000000000	15.516021653418921
-0.004000000000000	16.397453154548046
-0.003000000000000	22.908445618869042
-0.002000000000000	25.922151784094222
-0.001000000000000	20.008513486196691
0.000000000000000	18.907456287593249
0.001000000000000	16.208932974384449
0.002000000000000	10.223977539238838
0.003000000000000	9.748362129870998
0.004000000000000	9.761873337296601
0.005000000000000	8.929589347431605
0.006000000000000	10.716308473303842
0.007000000000000	8.618775797925815
0.008000000000000	2.381698963205941
0.009000000000000	1.298827575024949
0.010000000000000	1.305935176151981
0.011000000000000	0.718531511255746
0.012000000000000	0.614687615536175
0.013000000000000	0.274580031847292
0.014000000000000	0.738957212818990
0.015000000000000	0.863356132681331
0.016000000000000	0.562240105830901
0.017000000000000	0.310213782931670
0.018000000000000	0.488488421801020
0.019000000000000	0.973249496165093
0.020000000000000	0.333431776907994
0.021000000000000	0.313386243856797
0.022000000000000	0.000000000000000
0.023000000000000	0.000000000000000
0.024000000000000	0.000000000000000
0.025000000000000	0.000000000000000
