-0.025000000000000	0.000000000000000
-0.024000000000000	0.000000000000000
-0.023000000000000	0.000000000000000
-0.022000000000000	0.000000000000000
-0.021000000000000	0.000000000000000
-0.020000000000000	0.000000000000000
-0.019000000000000	0.000000000000000
-0.018000000000000	0.000000000000000
-0.017000000000000	0.000000000000000
-0.016000000000000	0.000000000000000
-0.015000000000000	0.000000000000000
-0.014000000000000	0.000000000000000
-0.013000000000000	0.000000000000000
-0.012000000000000	0.000000000000000
-0.011000000000000	1.272163391895231
-0.010000000000000	2.839784989536935
-0.009000000000000	2.541454385729749
-0.008000000000000	2.527220004649053
-0.007000000000000	2.775255875840139
-0.006000000000000	3.026544048304233
-0.005000000000000	3.615212470859164
-0.004000000000000	7.804838713130432
-0.003000000000000	23.092943799368513
-0.002000000000000	23.593731127487835
-0.001000000000000	19.660529568914573
0.000000000000000	19.480865550234878
0.001000000000000	11.885384429134254
0.002000000000000	13.163288528458150
0.003000000000000	6.400678701486015
0.004000000000000	2.657528313915024
0.005000000000000	2.232678539188281
0.006000000000000	2.032887239069552
0.007000000000000	2.403676710576715
0.008000000000000	2.056082937090224
0.009000000000000	1.495128555217783
0.010000000000000	1.875768069276725
0.011000000000000	2.190949317101592
0.012000000000000	1.394667264799754
0.013000000000000	1.079403471263110
0.014000000000000	1.711533616541672
0.015000000000000	1.688187052430932
0.016000000000000	2.485680272192695
0.017000000000000	0.545850605641441
0.018000000000000	0.000000000000000
0.019000000000000	0.000000000000000
0.020000000000000	0.000000000000000
0.021000000000000	0.000000000000000
0.022000000000000	0.000000000000000
0.023000000000000	0.000000000000000
0.024000000000000	0.000000000000000
0.025000000000000	0.000000000000000
