-0.025000000000000	0.000000000000000
-0.024000000000000	0.000000000000000
-0.023000000000000	0.000000000000000
-0.022000000000000	0.000000000000000
-0.021000000000000	0.000000000000000
-0.020000000000000	0.000000000000000
-0.019000000000000	0.000000000000000
-0.018000000000000	0.000000000000000
-0.017000000000000	0.000000000000000
-0.016000000000000	0.389943835770715
-0.015000000000000	1.172833538562602
-0.014000000000000	1.094208722371507
-0.013000000000000	1.627345114358859
-0.012000000000000	1.738429464789812
-0.011000000000000	1.839677397365195
-0.010000000000000	2.106306100655204
-0.009000000000000	2.992602450549879
-0.008000000000000	2.251854243938279
-0.007000000000000	2.074326286815650
-0.006000000000000	4.271259962580516
-0.005000000000000	12.867883163199679
-0.004000000000000	19.525388123185969
-0.003000000000000	23.390000685769316
-0.002000000000000	18.325554236429380
-0.001000000000000	17.683360756491734
0.000000000000000	12.931903306877246
0.001000000000000	5.581435315155303
0.002000000000000	4.922979045906746
0.003000000000000	3.895244844808125
0.004000000000000	4.451375385137834
0.005000000000000	4.138990277888986
0.006000000000000	2.806285776161346
0.007000000000000	2.840236581547083
0.008000000000000	2.579674501595254
0.009000000000000	3.147010857632766
0.010000000000000	3.793496093420841
0.011000000000000	2.950402435580780
0.012000000000000	3.583579240456464
0.013000000000000	4.218007728903031
0.014000000000000	5.549039107817440
0.015000000000000	4.352366868369553
0.016000000000000	0.592584246219674
0.017000000000000	0.000000000000000
0.018000000000000	0.000000000000000
0.019000000000000	0.000000000000000
0.020000000000000	0.000000000000000
0.021000000000000	0.000000000000000
0.022000000000000	0.000000000000000
0.023000000000000	0.000000000000000
0.024000000000000	0.000000000000000
0.025000000000000	0.000000000000000
