-0.025000000000000	0.000000000000000
-0.024000000000000	0.000000000000000
-0.023000000000000	0.000000000000000
-0.022000000000000	0.000000000000000
-0.021000000000000	0.000000000000000
-0.020000000000000	0.000000000000000
-0.019000000000000	0.000000000000000
-0.018000000000000	0.413959156637432
-0.017000000000000	1.179222686194086
-0.016000000000000	1.118720443505030
-0.015000000000000	1.003012594139023
-0.014000000000000	0.873946680662296
-0.013000000000000	2.429618142138287
-0.012000000000000	2.741751553725021
-0.011000000000000	2.609713612756715
-0.010000000000000	3.587458349089746
-0.009000000000000	3.816652761813043
-0.008000000000000	3.430597867534050
-0.007000000000000	5.525649702379396
-0.006000000000000	14.643708690402626
-0.005000000000000	20.778064147022061
-0.004000000000000	16.614975586724533
-0.003000000000000	18.166169199164987
-0.002000000000000	19.271972101630155
-0.001000000000000	15.314777819570976
0.000000000000000	14.151587801713772
0.001000000000000	10.996831178616556
0.002000000000000	10.884183188409073
0.003000000000000	11.530135817818273
0.004000000000000	13.363490275395369
0.005000000000000	12.983522453147586
0.006000000000000	7.242488613733146
0.007000000000000	3.955890071649381
0.008000000000000	3.311033294401086
0.009000000000000	3.694629430079441
0.010000000000000	4.002315899213124
0.011000000000000	5.054874931857901
0.012000000000000	3.482510844385495
0.013000000000000	3.279601010408933
0.014000000000000	1.488817307801366
0.015000000000000	3.843052881493343
0.016000000000000	4.372938818168828
0.017000000000000	1.249443112029661
0.018000000000000	0.027005939282841
0.019000000000000	0.000000000000000
0.020000000000000	0.000000000000000
0.021000000000000	0.000000000000000
0.022000000000000	0.000000000000000
0.023000000000000	0.000000000000000
0.024000000000000	0.000000000000000
0.025000000000000	0.000000000000000
