-0.025000000000000	0.000000000000000
-0.024000000000000	0.000000000000000
-0.023000000000000	0.000000000000000
-0.022000000000000	0.000000000000000
-0.021000000000000	0.000000000000000
-0.020000000000000	0.000000000000000
-0.019000000000000	1.062106086263070
-0.018000000000000	2.499986239174238
-0.017000000000000	2.066138602559634
-0.016000000000000	2.076038650483746
-0.015000000000000	1.973432420922585
-0.014000000000000	2.408115601378995
-0.013000000000000	1.790166585710225
-0.012000000000000	2.135555290106068
-0.011000000000000	2.997596625815972
-0.010000000000000	3.941769377327788
-0.009000000000000	5.078330097622390
-0.008000000000000	6.125458423921450
-0.007000000000000	7.037375308091510
-0.006000000000000	5.738845939713956
-0.005000000000000	6.735096446560585
-0.004000000000000	10.170137933962380
-0.003000000000000	14.260040899981698
-0.002000000000000	15.371623026588006
-0.001000000000000	13.442257875358969
0.000000000000000	14.588755301688932
0.001000000000000	11.660496138901443
0.002000000000000	12.147650198498999
0.003000000000000	8.426789373837536
0.004000000000000	9.229110188340295
0.005000000000000	10.091343416036272
0.006000000000000	8.884359744470293
0.007000000000000	5.798217052382268
0.008000000000000	4.096930942552280
0.009000000000000	5.164655337508865
0.010000000000000	4.913368867653165
0.011000000000000	4.315159253792396
0.012000000000000	6.715592966091539
0.013000000000000	4.673863275000492
0.014000000000000	1.621649644467743
0.015000000000000	1.941214522404140
0.016000000000000	1.521930161452525
0.017000000000000	0.480318880665131
0.018000000000000	0.593664296746033
0.019000000000000	0.115689563103690
0.020000000000000	0.000000000000000
0.021000000000000	0.000000000000000
0.022000000000000	0.000000000000000
0.023000000000000	0.000000000000000
0.024000000000000	0.000000000000000
0.025000000000000	0.000000000000000
