-0.025000000000000	0.000000000000000
-0.024000000000000	0.000000000000000
-0.023000000000000	0.000000000000000
-0.022000000000000	0.000000000000000
-0.021000000000000	0.000000000000000
-0.020000000000000	0.000000000000000
-0.019000000000000	0.000000000000000
-0.018000000000000	0.000000000000000
-0.017000000000000	0.000000000000000
-0.016000000000000	0.000000000000000
-0.015000000000000	0.261915992422017
-0.014000000000000	0.806445672419361
-0.013000000000000	0.821807012214852
-0.012000000000000	1.792843201636543
-0.011000000000000	3.341364130994871
-0.010000000000000	4.414240964310794
-0.009000000000000	6.657020873034369
-0.008000000000000	7.457856408840177
-0.007000000000000	7.306077612446872
-0.006000000000000	10.968220212410555
-0.005000000000000	11.531616553095754
-0.004000000000000	11.006777947792818
-0.003000000000000	11.058033538271728
-0.002000000000000	12.352140318160325
-0.001000000000000	11.764892476536113
0.000000000000000	11.025206900823585
0.001000000000000	10.127918091588132
0.002000000000000	8.927548044732040
0.003000000000000	10.338126677194953
0.004000000000000	18.541896579122074
0.005000000000000	13.555515646108148
0.006000000000000	8.080781982004888
0.007000000000000	5.233488795891731
0.008000000000000	4.561260485034713
0.009000000000000	4.244754928399974
0.010000000000000	3.628165851530055
0.011000000000000	4.287105067739210
0.012000000000000	3.878682310937176
0.013000000000000	2.163650958507704
0.014000000000000	1.027522708353928
0.015000000000000	0.304644558904429
0.016000000000000	0.006002611978201
0.017000000000000	0.000000000000000
0.018000000000000	0.000000000000000
0.019000000000000	0.000000000000000
0.020000000000000	0.000000000000000
0.021000000000000	0.000000000000000
0.022000000000000	0.000000000000000
0.023000000000000	0.000000000000000
0.024000000000000	0.000000000000000
0.025000000000000	0.000000000000000
