-0.025000000000000	0.000000000000000
-0.024000000000000	0.000000000000000
-0.023000000000000	0.000000000000000
-0.022000000000000	0.000000000000000
-0.021000000000000	0.000000000000000
-0.020000000000000	0.000000000000000
-0.019000000000000	0.000000000000000
-0.018000000000000	0.000000000000000
-0.017000000000000	0.000000000000000
-0.016000000000000	0.758544707731822
-0.015000000000000	3.196300645277611
-0.014000000000000	3.571269445069572
-0.013000000000000	3.286955349164554
-0.012000000000000	3.662930842698960
-0.011000000000000	3.640412698789477
-0.010000000000000	4.373428132329421
-0.009000000000000	4.433386590138396
-0.008000000000000	3.518144307456305
-0.007000000000000	5.258715938683082
-0.006000000000000	10.117687290630061
-0.005000000000000	25.045934493429893
-0.004000000000000	34.009631961518387
-0.003000000000000	21.063566942059321
-0.002000000000000	16.532855122781697
-0.001000000000000	15.527674271915036
0.000000000000000	13.666639627796798
0.001000000000000	11.599825995571329
0.002000000000000	9.118919454683788
0.003000000000000	9.383858627893455
0.004000000000000	10.434976747119258
0.005000000000000	7.291484954652170
0.006000000000000	8.410232556120798
0.007000000000000	8.446458749457722
0.008000000000000	7.133218262209023
0.009000000000000	6.618645137647766
0.010000000000000	6.931753871593240
0.011000000000000	6.887945819351913
0.012000000000000	7.701753693819207
0.013000000000000	6.977911664614397
0.014000000000000	4.755757689419623
0.015000000000000	3.289599501216693
0.016000000000000	0.789172889059369
0.017000000000000	0.000000000000000
0.018000000000000	0.000000000000000
0.019000000000000	0.000000000000000
0.020000000000000	0.000000000000000
0.021000000000000	0.000000000000000
0.022000000000000	0.000000000000000
0.023000000000000	0.000000000000000
0.024000000000000	0.000000000000000
0.025000000000000	0.000000000000000
