-0.025000000000000	0.000000000000000
-0.024000000000000	0.000000000000000
-0.023000000000000	0.000000000000000
-0.022000000000000	0.000000000000000
-0.021000000000000	0.000000000000000
-0.020000000000000	0.000000000000000
-0.019000000000000	0.000000000000000
-0.018000000000000	0.000000000000000
-0.017000000000000	0.000000000000000
-0.016000000000000	0.000000000000000
-0.015000000000000	0.000000000000000
-0.014000000000000	0.000000000000000
-0.013000000000000	0.000000000000000
-0.012000000000000	0.000000000000000
-0.011000000000000	0.000000000000000
-0.010000000000000	0.000195658363866
-0.009000000000000	0.911331774952016
-0.008000000000000	4.439870965500008
-0.007000000000000	12.464500327992784
-0.006000000000000	17.503013529853554
-0.005000000000000	25.072331744173351
-0.004000000000000	31.300892963438347
-0.003000000000000	31.384681199767783
-0.002000000000000	24.823914678573917
-0.001000000000000	25.885899906899201
0.000000000000000	19.275180619536691
0.001000000000000	8.877313691924497
0.002000000000000	4.485828655745266
0.003000000000000	4.759720578675019
0.004000000000000	4.862944535577075
0.005000000000000	3.896393090479672
0.006000000000000	2.746444497820913
0.007000000000000	2.838415349219980
0.008000000000000	2.570175803583726
0.009000000000000	2.176543809102612
0.010000000000000	3.443888465764264
0.011000000000000	2.961150878031609
0.012000000000000	4.209394219204078
0.013000000000000	5.327797949974018
0.014000000000000	3.794992502770678
0.015000000000000	5.169751182923412
0.016000000000000	4.274372627023079
0.017000000000000	2.648571443301714
0.018000000000000	2.018631070372602
0.019000000000000	0.986155744849049
0.020000000000000	1.101623402383750
0.021000000000000	0.060740690778945
0.022000000000000	0.000000000000000
0.023000000000000	0.000000000000000
0.024000000000000	0.000000000000000
0.025000000000000	0.000000000000000
