-0.025000000000000	0.000000000000000
-0.024000000000000	0.000000000000000
-0.023000000000000	0.000000000000000
-0.022000000000000	0.000000000000000
-0.021000000000000	0.000000000000000
-0.020000000000000	0.000000000000000
-0.019000000000000	0.000000000000000
-0.018000000000000	0.000000000000000
-0.017000000000000	0.000000000000000
-0.016000000000000	0.000000000000000
-0.015000000000000	0.000000000000000
-0.014000000000000	0.000000000000000
-0.013000000000000	0.000000000000000
-0.012000000000000	0.000000000000000
-0.011000000000000	0.147275517983375
-0.010000000000000	1.878644950996818
-0.009000000000000	3.300598078439408
-0.008000000000000	7.312380872931099
-0.007000000000000	12.937973528145378
-0.006000000000000	19.094105714906615
-0.005000000000000	23.199590631329357
-0.004000000000000	18.182470317434454
-0.003000000000000	16.215738375108955
-0.002000000000000	14.996167809451459
-0.001000000000000	14.870186766250269
0.000000000000000	19.510893635307632
0.001000000000000	24.707604314224092
0.002000000000000	26.306056178863479
0.003000000000000	15.823373076420694
0.004000000000000	11.864893203993892
0.005000000000000	13.159406300749437
0.006000000000000	7.501050916100461
0.007000000000000	4.021602312125867
0.008000000000000	3.062223988160260
0.009000000000000	2.091447077125169
0.010000000000000	1.937973050369774
0.011000000000000	1.806748786088028
0.012000000000000	2.438772666766499
0.013000000000000	1.774905479041385
0.014000000000000	1.710320087366855
0.015000000000000	2.222260756218503
0.016000000000000	1.769953585313800
0.017000000000000	1.524053195976817
0.018000000000000	0.506277646652139
0.019000000000000	0.775296385920742
0.020000000000000	0.494772147708059
0.021000000000000	0.102847114949896
0.022000000000000	0.000000000000000
0.023000000000000	0.000000000000000
0.024000000000000	0.000000000000000
0.025000000000000	0.000000000000000
