-0.025000000000000	0.000000000000000
-0.024000000000000	0.000000000000000
-0.023000000000000	0.000000000000000
-0.022000000000000	0.000000000000000
-0.021000000000000	0.000000000000000
-0.020000000000000	0.000000000000000
-0.019000000000000	0.000000000000000
-0.018000000000000	0.619049054177708
-0.017000000000000	0.915865235906811
-0.016000000000000	1.090228698216128
-0.015000000000000	0.681441596249035
-0.014000000000000	0.685428110900066
-0.013000000000000	0.766805229335613
-0.012000000000000	0.390021285089852
-0.011000000000000	0.938069562993142
-0.010000000000000	0.804699183869769
-0.009000000000000	0.968243530511677
-0.008000000000000	3.329512708462895
-0.007000000000000	6.505699141274065
-0.006000000000000	13.110176674028210
-0.005000000000000	18.108389569270130
-0.004000000000000	23.223682208958671
-0.003000000000000	34.493454516805585
-0.002000000000000	28.577209216450353
-0.001000000000000	20.261541000369256
0.000000000000000	14.403594610385920
0.001000000000000	10.495078799591953
0.002000000000000	12.159694022099305
0.003000000000000	12.864041277300512
0.004000000000000	15.328213523406047
0.005000000000000	15.794109006137315
0.006000000000000	7.684812380252632
0.007000000000000	5.690855421785868
0.008000000000000	5.047694661377745
0.009000000000000	5.008396378359135
0.010000000000000	3.504493334517850
0.011000000000000	4.315246863318987
0.012000000000000	5.292257048274380
0.013000000000000	5.562098377928363
0.014000000000000	0.641351921536494
0.015000000000000	0.273732059785516
0.016000000000000	0.303912969090899
0.017000000000000	0.000000000000000
0.018000000000000	0.000000000000000
0.019000000000000	0.000000000000000
0.020000000000000	0.000000000000000
0.021000000000000	0.000000000000000
0.022000000000000	0.000000000000000
0.023000000000000	0.000000000000000
0.024000000000000	0.000000000000000
0.025000000000000	0.000000000000000
