-0.025000000000000	0.000000000000000
-0.024000000000000	0.000000000000000
-0.023000000000000	0.000000000000000
-0.022000000000000	0.000000000000000
-0.021000000000000	0.000000000000000
-0.020000000000000	0.000000000000000
-0.019000000000000	0.000000000000000
-0.018000000000000	0.000000000000000
-0.017000000000000	0.000000000000000
-0.016000000000000	0.000000000000000
-0.015000000000000	0.000000000000000
-0.014000000000000	0.000000000000000
-0.013000000000000	0.000000000000000
-0.012000000000000	0.000000000000000
-0.011000000000000	0.000000000000000
-0.010000000000000	0.000000000000000
-0.009000000000000	0.000000000000000
-0.008000000000000	0.000000000000000
-0.007000000000000	0.063506849189649
-0.006000000000000	1.561142480942499
-0.005000000000000	11.646244598047032
-0.004000000000000	30.233638099019679
-0.003000000000000	33.870170250591862
-0.002000000000000	30.206393606616523
-0.001000000000000	28.129230133054261
0.000000000000000	25.798387949965999
0.001000000000000	21.599482734170490
0.002000000000000	11.158784263868071
0.003000000000000	6.381529744368095
0.004000000000000	6.134475711875321
0.005000000000000	6.096101580395123
0.006000000000000	6.126757677802749
0.007000000000000	5.290228536538646
0.008000000000000	4.542399166148730
0.009000000000000	3.187273567811246
0.010000000000000	1.395812979872880
0.011000000000000	1.391476998868241
0.012000000000000	1.301137470267177
0.013000000000000	1.275470437453812
0.014000000000000	0.557530751042986
0.015000000000000	0.552393454681047
0.016000000000000	0.175918620564971
0.017000000000000	0.967561900519835
0.018000000000000	0.590628454275763
0.019000000000000	0.376172980881683
0.020000000000000	0.581196585323209
0.021000000000000	0.000000000000000
0.022000000000000	0.000000000000000
0.023000000000000	0.000000000000000
0.024000000000000	0.000000000000000
0.025000000000000	0.000000000000000
