-0.025000000000000	0.000000000000000
-0.024000000000000	0.000000000000000
-0.023000000000000	0.000000000000000
-0.022000000000000	0.000000000000000
-0.021000000000000	0.000000000000000
-0.020000000000000	0.000000000000000
-0.019000000000000	0.000000000000000
-0.018000000000000	0.000000000000000
-0.017000000000000	0.000000000000000
-0.016000000000000	0.000000000000000
-0.015000000000000	0.000000000000000
-0.014000000000000	0.000000000000000
-0.013000000000000	0.000000000000000
-0.012000000000000	0.000000000000000
-0.011000000000000	0.000000000000000
-0.010000000000000	0.000000000000000
-0.009000000000000	0.000000000000000
-0.008000000000000	0.000000000000000
-0.007000000000000	0.776530223431468
-0.006000000000000	5.075618286291517
-0.005000000000000	19.466609127924425
-0.004000000000000	35.684855585569927
-0.003000000000000	40.049970170900657
-0.002000000000000	41.857155705491266
-0.001000000000000	36.981652547379134
0.000000000000000	28.539848216920433
0.001000000000000	18.652033374185990
0.002000000000000	10.611536797608442
0.003000000000000	7.747518275953116
0.004000000000000	6.602341549920055
0.005000000000000	5.897664928099585
0.006000000000000	6.391824563622166
0.007000000000000	4.492962228626866
0.008000000000000	2.195361603021192
0.009000000000000	1.930718672459915
0.010000000000000	1.390795688606224
0.011000000000000	2.433099310966988
0.012000000000000	2.158956823848887
0.013000000000000	1.691217612722769
0.014000000000000	2.555370014522843
0.015000000000000	5.533500425527800
0.016000000000000	3.300742404088457
0.017000000000000	1.713738956077076
0.018000000000000	0.279681860649683
0.019000000000000	0.000000000000000
0.020000000000000	0.000000000000000
0.021000000000000	0.000000000000000
0.022000000000000	0.000000000000000
0.023000000000000	0.000000000000000
0.024000000000000	0.000000000000000
0.025000000000000	0.000000000000000
