-0.025000000000000	0.000000000000000
-0.024000000000000	0.000000000000000
-0.023000000000000	0.000000000000000
-0.022000000000000	0.000000000000000
-0.021000000000000	0.000000000000000
-0.020000000000000	0.000000000000000
-0.019000000000000	0.000000000000000
-0.018000000000000	0.000000000000000
-0.017000000000000	0.000000000000000
-0.016000000000000	0.000000000000000
-0.015000000000000	0.000000000000000
-0.014000000000000	0.000000000000000
-0.013000000000000	0.000000000000000
-0.012000000000000	0.666385523985249
-0.011000000000000	2.198984516768911
-0.010000000000000	2.415294646830647
-0.009000000000000	2.647127550004531
-0.008000000000000	5.371119631195373
-0.007000000000000	8.278669226956369
-0.006000000000000	10.214225251343517
-0.005000000000000	18.569614405604543
-0.004000000000000	20.801257110115920
-0.003000000000000	20.167297563344608
-0.002000000000000	22.512602565186008
-0.001000000000000	24.464379684236317
0.000000000000000	30.717059862686749
0.001000000000000	20.991387542216426
0.002000000000000	17.353357058060134
0.003000000000000	11.965614173248971
0.004000000000000	6.236551143587817
0.005000000000000	5.699298327867457
0.006000000000000	5.132597522097295
0.007000000000000	5.349232009509961
0.008000000000000	5.506169959580318
0.009000000000000	5.151026791449842
0.010000000000000	4.938403020540081
0.011000000000000	4.827375844955641
0.012000000000000	4.353198723654840
0.013000000000000	4.483889870509710
0.014000000000000	2.185656460769748
0.015000000000000	0.036792967509410
0.016000000000000	0.000000000000000
0.017000000000000	0.000000000000000
0.018000000000000	0.000000000000000
0.019000000000000	0.000000000000000
0.020000000000000	0.000000000000000
0.021000000000000	0.000000000000000
0.022000000000000	0.000000000000000
0.023000000000000	0.000000000000000
0.024000000000000	0.000000000000000
0.025000000000000	0.000000000000000
