-0.025000000000000	0.000000000000000
-0.024000000000000	0.000000000000000
-0.023000000000000	0.000000000000000
-0.022000000000000	0.000000000000000
-0.021000000000000	0.000000000000000
-0.020000000000000	0.000000000000000
-0.019000000000000	0.257136542738169
-0.018000000000000	1.113885249424912
-0.017000000000000	1.264100835477915
-0.016000000000000	1.964051865697123
-0.015000000000000	1.162490649978078
-0.014000000000000	1.730015469264956
-0.013000000000000	1.554655646866325
-0.012000000000000	1.111802728126060
-0.011000000000000	2.878945860096469
-0.010000000000000	2.520134647724583
-0.009000000000000	3.300830115541941
-0.008000000000000	2.592225180413510
-0.007000000000000	4.891151102756769
-0.006000000000000	7.389345673942088
-0.005000000000000	9.108893513466457
-0.004000000000000	9.137668726371482
-0.003000000000000	10.398174237972167
-0.002000000000000	14.058262731729439
-0.001000000000000	14.149229268327494
0.000000000000000	11.733116154017784
0.001000000000000	11.041662493592472
0.002000000000000	8.100709287869398
0.003000000000000	6.364682991190751
0.004000000000000	5.096623483305610
0.005000000000000	4.948458897795263
0.006000000000000	5.596634411255154
0.007000000000000	4.684458149380839
0.008000000000000	2.743904247638278
0.009000000000000	2.550153598254178
0.010000000000000	3.538654782177896
0.011000000000000	4.459151471635654
0.012000000000000	6.337979758836942
0.013000000000000	2.891102125638590
0.014000000000000	1.730307829276652
0.015000000000000	1.526343202492155
0.016000000000000	1.069178796301874
0.017000000000000	0.501970578005901
0.018000000000000	0.616141077203590
0.019000000000000	0.439633234033252
0.020000000000000	0.093512350603098
0.021000000000000	0.000000000000000
0.022000000000000	0.000000000000000
0.023000000000000	0.000000000000000
0.024000000000000	0.000000000000000
0.025000000000000	0.000000000000000
