-0.025000000000000	0.000000000000000
-0.024000000000000	0.000000000000000
-0.023000000000000	0.000000000000000
-0.022000000000000	0.000000000000000
-0.021000000000000	0.000000000000000
-0.020000000000000	0.000000000000000
-0.019000000000000	0.000000000000000
-0.018000000000000	0.000000000000000
-0.017000000000000	0.000000000000000
-0.016000000000000	0.000000000000000
-0.015000000000000	0.000000000000000
-0.014000000000000	0.000000000000000
-0.013000000000000	0.000000000000000
-0.012000000000000	0.000000000000000
-0.011000000000000	0.000000000000000
-0.010000000000000	0.000000000000000
-0.009000000000000	0.923483672191928
-0.008000000000000	2.250826011330297
-0.007000000000000	3.724372047938970
-0.006000000000000	5.841270164800775
-0.005000000000000	10.619640302403736
-0.004000000000000	25.370483437872696
-0.003000000000000	29.870581393031138
-0.002000000000000	34.675136829149160
-0.001000000000000	31.908009075146701
0.000000000000000	31.144319630273515
0.001000000000000	20.670187370134506
0.002000000000000	14.980864558827893
0.003000000000000	13.884374775573697
0.004000000000000	8.829890622486753
0.005000000000000	7.448405506075352
0.006000000000000	4.711582671277492
0.007000000000000	4.135160217296953
0.008000000000000	2.972170526646071
0.009000000000000	3.112694968125372
0.010000000000000	2.474814815856471
0.011000000000000	2.471623437991162
0.012000000000000	2.403924826783496
0.013000000000000	1.671958240315759
0.014000000000000	1.332266668137748
0.015000000000000	1.458949693747299
0.016000000000000	0.275727486450171
0.017000000000000	0.476156466485577
0.018000000000000	0.227007992506310
0.019000000000000	0.000000000000000
0.020000000000000	0.000000000000000
0.021000000000000	0.000000000000000
0.022000000000000	0.000000000000000
0.023000000000000	0.000000000000000
0.024000000000000	0.000000000000000
0.025000000000000	0.000000000000000
