-0.025000000000000	0.000000000000000
-0.024000000000000	0.000000000000000
-0.023000000000000	0.000000000000000
-0.022000000000000	0.000000000000000
-0.021000000000000	0.000000000000000
-0.020000000000000	0.000000000000000
-0.019000000000000	0.000000000000000
-0.018000000000000	0.000000000000000
-0.017000000000000	0.000000000000000
-0.016000000000000	0.000000000000000
-0.015000000000000	0.000000000000000
-0.014000000000000	0.000000000000000
-0.013000000000000	0.000000000000000
-0.012000000000000	0.000000000000000
-0.011000000000000	0.000000000000000
-0.010000000000000	0.000000000000000
-0.009000000000000	0.000000000000000
-0.008000000000000	0.000000000000000
-0.007000000000000	0.932824214787207
-0.006000000000000	13.207052761440938
-0.005000000000000	21.949482341127585
-0.004000000000000	27.578033162858659
-0.003000000000000	33.746340959400705
-0.002000000000000	24.083873556616904
-0.001000000000000	21.069381996230000
0.000000000000000	13.471236258119960
0.001000000000000	9.490795724034582
0.002000000000000	9.520520505062748
0.003000000000000	10.454100538466093
0.004000000000000	11.108408359764901
0.005000000000000	12.992407424624181
0.006000000000000	9.277291929879128
0.007000000000000	2.494546706613597
0.008000000000000	1.506790925914360
0.009000000000000	2.184679722179906
0.010000000000000	2.403713492937641
0.011000000000000	2.156990634318209
0.012000000000000	3.033219296674602
0.013000000000000	4.083419486460103
0.014000000000000	2.897945158808548
0.015000000000000	1.694208210586207
0.016000000000000	0.083470322095338
0.017000000000000	0.000000000000000
0.018000000000000	0.000000000000000
0.019000000000000	0.000000000000000
0.020000000000000	0.000000000000000
0.021000000000000	0.000000000000000
0.022000000000000	0.000000000000000
0.023000000000000	0.000000000000000
0.024000000000000	0.000000000000000
0.025000000000000	0.000000000000000
