-0.025000000000000	0.000000000000000
-0.024000000000000	0.000000000000000
-0.023000000000000	0.000000000000000
-0.022000000000000	0.000000000000000
-0.021000000000000	0.000000000000000
-0.020000000000000	0.000000000000000
-0.019000000000000	0.000000000000000
-0.018000000000000	0.157161768604166
-0.017000000000000	1.089000377682309
-0.016000000000000	1.097514155247237
-0.015000000000000	1.091515918627623
-0.014000000000000	0.848853595850627
-0.013000000000000	0.963617853420874
-0.012000000000000	1.227636105572453
-0.011000000000000	2.196202992751211
-0.010000000000000	2.607516391558646
-0.009000000000000	2.310484617377263
-0.008000000000000	3.409272016545141
-0.007000000000000	3.189611877097868
-0.006000000000000	8.438626122212955
-0.005000000000000	14.590755173850885
-0.004000000000000	16.319584686944008
-0.003000000000000	18.972440979268249
-0.002000000000000	13.607823608933563
-0.001000000000000	11.483990744512006
0.000000000000000	8.114632011150123
0.001000000000000	7.732655503296585
0.002000000000000	7.265899991685437
0.003000000000000	8.771822322819201
0.004000000000000	12.487771047334768
0.005000000000000	12.952541200951037
0.006000000000000	8.642693459544155
0.007000000000000	4.023191497085784
0.008000000000000	3.416332779303532
0.009000000000000	3.367017891550770
0.010000000000000	2.832300850668116
0.011000000000000	4.155794548534037
0.012000000000000	3.070530577097290
0.013000000000000	1.113729664407536
0.014000000000000	1.872899852668620
0.015000000000000	2.376055742912836
0.016000000000000	0.660126295875746
0.017000000000000	0.000000000000000
0.018000000000000	0.000000000000000
0.019000000000000	0.000000000000000
0.020000000000000	0.000000000000000
0.021000000000000	0.000000000000000
0.022000000000000	0.000000000000000
0.023000000000000	0.000000000000000
0.024000000000000	0.000000000000000
0.025000000000000	0.000000000000000
