-0.025000000000000	0.000000000000000
-0.024000000000000	0.000000000000000
-0.023000000000000	0.000000000000000
-0.022000000000000	0.000000000000000
-0.021000000000000	0.000000000000000
-0.020000000000000	0.000000000000000
-0.019000000000000	0.000000000000000
-0.018000000000000	0.000000000000000
-0.017000000000000	0.000000000000000
-0.016000000000000	0.221906920812659
-0.015000000000000	1.462961164792434
-0.014000000000000	1.408301180474304
-0.013000000000000	1.236356144929408
-0.012000000000000	2.377080929191844
-0.011000000000000	2.557449036041855
-0.010000000000000	2.207369306458711
-0.009000000000000	1.819774602224776
-0.008000000000000	3.659847622380088
-0.007000000000000	4.559394254674731
-0.006000000000000	5.756136013885532
-0.005000000000000	10.296483425470569
-0.004000000000000	24.301779519343743
-0.003000000000000	28.595835747050259
-0.002000000000000	25.897013019491396
-0.001000000000000	21.894525705447247
0.000000000000000	17.153015329374739
0.001000000000000	13.129880501997043
0.002000000000000	8.819315210319445
0.003000000000000	7.345521058896860
0.004000000000000	8.473933963155281
0.005000000000000	10.308408959134088
0.006000000000000	13.150382421576040
0.007000000000000	12.553551881902921
0.008000000000000	10.330682529506980
0.009000000000000	4.574466445844214
0.010000000000000	1.508620371143809
0.011000000000000	0.860415022751092
0.012000000000000	1.512519297174382
0.013000000000000	1.202502373099614
0.014000000000000	1.403448299577971
0.015000000000000	1.634540334968570
0.016000000000000	1.633167661051909
0.017000000000000	0.116686850441333
0.018000000000000	0.000000000000000
0.019000000000000	0.000000000000000
0.020000000000000	0.000000000000000
0.021000000000000	0.000000000000000
0.022000000000000	0.000000000000000
0.023000000000000	0.000000000000000
0.024000000000000	0.000000000000000
0.025000000000000	0.000000000000000
