-0.025000000000000	0.000000000000000
-0.024000000000000	0.000000000000000
-0.023000000000000	0.000000000000000
-0.022000000000000	0.000000000000000
-0.021000000000000	0.000000000000000
-0.020000000000000	0.000000000000000
-0.019000000000000	0.000000000000000
-0.018000000000000	0.056503990921939
-0.017000000000000	0.916915466792203
-0.016000000000000	0.801317632625695
-0.015000000000000	1.386808122088032
-0.014000000000000	0.737102237037392
-0.013000000000000	0.772242844033739
-0.012000000000000	1.160899725849724
-0.011000000000000	1.195093420751304
-0.010000000000000	1.406262642363647
-0.009000000000000	2.068119611552900
-0.008000000000000	2.399869696082547
-0.007000000000000	3.665734025540792
-0.006000000000000	5.278728241539920
-0.005000000000000	8.536882095079086
-0.004000000000000	16.353045714980883
-0.003000000000000	23.927075373841561
-0.002000000000000	20.737603675874073
-0.001000000000000	17.188617888662968
0.000000000000000	17.265716359681836
0.001000000000000	16.941496958205580
0.002000000000000	10.560182438922917
0.003000000000000	7.128936054265014
0.004000000000000	8.894866797869998
0.005000000000000	11.190267649132926
0.006000000000000	8.184672683422775
0.007000000000000	5.378979992367089
0.008000000000000	2.109479409404187
0.009000000000000	2.095066607053002
0.010000000000000	2.596535378326514
0.011000000000000	2.488714722762894
0.012000000000000	2.544554335462211
0.013000000000000	0.824305835269997
0.014000000000000	0.500799396970096
0.015000000000000	0.472072274734714
0.016000000000000	0.736179611126360
0.017000000000000	0.772115165079251
0.018000000000000	0.465472450814652
0.019000000000000	0.502031648475225
0.020000000000000	0.719562848700273
0.021000000000000	0.233832710727018
0.022000000000000	0.000000000000000
0.023000000000000	0.000000000000000
0.024000000000000	0.000000000000000
0.025000000000000	0.000000000000000
