-0.025000000000000	0.000000000000000
-0.024000000000000	0.000000000000000
-0.023000000000000	0.000000000000000
-0.022000000000000	0.000000000000000
-0.021000000000000	0.000000000000000
-0.020000000000000	0.000000000000000
-0.019000000000000	0.189836455372750
-0.018000000000000	1.875598979561530
-0.017000000000000	1.868167073400035
-0.016000000000000	1.816954487860251
-0.015000000000000	1.444554435895144
-0.014000000000000	1.414439343645772
-0.013000000000000	1.454038942267009
-0.012000000000000	1.609687588253819
-0.011000000000000	2.844447640122836
-0.010000000000000	3.016803238063631
-0.009000000000000	4.284058011348099
-0.008000000000000	4.540388814441600
-0.007000000000000	9.049285826448381
-0.006000000000000	11.087769225940555
-0.005000000000000	10.764633980757052
-0.004000000000000	11.248491769534267
-0.003000000000000	11.425054284816280
-0.002000000000000	17.927060865650631
-0.001000000000000	15.561626264491874
0.000000000000000	11.894258876867772
0.001000000000000	10.788019017928200
0.002000000000000	10.188942492418528
0.003000000000000	9.468951264896678
0.004000000000000	6.818493622246329
0.005000000000000	6.332848399079205
0.006000000000000	5.978388248681343
0.007000000000000	6.717030339507287
0.008000000000000	8.355635978187980
0.009000000000000	7.441870873716471
0.010000000000000	3.326283810537153
0.011000000000000	3.927202174895930
0.012000000000000	5.978327531899494
0.013000000000000	4.446794730391979
0.014000000000000	2.382522464132542
0.015000000000000	1.576869221348608
0.016000000000000	0.433612934705055
0.017000000000000	0.663297324040131
0.018000000000000	0.492632316365631
0.019000000000000	0.137156958487380
0.020000000000000	0.000000000000000
0.021000000000000	0.000000000000000
0.022000000000000	0.000000000000000
0.023000000000000	0.000000000000000
0.024000000000000	0.000000000000000
0.025000000000000	0.000000000000000
