-0.025000000000000	0.000000000000000
-0.024000000000000	0.000000000000000
-0.023000000000000	0.000000000000000
-0.022000000000000	0.000000000000000
-0.021000000000000	0.000000000000000
-0.020000000000000	0.000000000000000
-0.019000000000000	0.000000000000000
-0.018000000000000	0.000000000000000
-0.017000000000000	0.000000000000000
-0.016000000000000	0.000000000000000
-0.015000000000000	0.096120497025464
-0.014000000000000	1.594003768723611
-0.013000000000000	2.210314145895465
-0.012000000000000	1.883662730632986
-0.011000000000000	1.792685126562941
-0.010000000000000	1.883234682641870
-0.009000000000000	1.929117800606122
-0.008000000000000	1.650404789897661
-0.007000000000000	1.246550630756129
-0.006000000000000	1.488591068368702
-0.005000000000000	9.200748234498285
-0.004000000000000	21.694337452360649
-0.003000000000000	30.041338807389170
-0.002000000000000	34.172178184774324
-0.001000000000000	29.071836430305890
0.000000000000000	33.317780274359045
0.001000000000000	23.951032957290504
0.002000000000000	16.317814993556951
0.003000000000000	9.564245192244670
0.004000000000000	8.282858250006159
0.005000000000000	8.147566342822063
0.006000000000000	5.459641108080638
0.007000000000000	6.037262212884728
0.008000000000000	4.774088788870472
0.009000000000000	4.981065599275669
0.010000000000000	4.682594247814475
0.011000000000000	2.348328657036210
0.012000000000000	1.444080290675345
0.013000000000000	1.240973206099645
0.014000000000000	1.070465056761562
0.015000000000000	1.187357977855392
0.016000000000000	0.909017425464296
0.017000000000000	0.857799718068137
0.018000000000000	0.112530141304573
0.019000000000000	0.000000000000000
0.020000000000000	0.000000000000000
0.021000000000000	0.000000000000000
0.022000000000000	0.000000000000000
0.023000000000000	0.000000000000000
0.024000000000000	0.000000000000000
0.025000000000000	0.000000000000000
