-0.025000000000000	0.000000000000000
-0.024000000000000	0.000000000000000
-0.023000000000000	0.000000000000000
-0.022000000000000	0.000000000000000
-0.021000000000000	0.000000000000000
-0.020000000000000	0.000000000000000
-0.019000000000000	0.000000000000000
-0.018000000000000	0.000000000000000
-0.017000000000000	0.000000000000000
-0.016000000000000	0.000000000000000
-0.015000000000000	0.000000000000000
-0.014000000000000	0.000000000000000
-0.013000000000000	0.000000000000000
-0.012000000000000	0.000000000000000
-0.011000000000000	0.212912089240327
-0.010000000000000	1.350750348443807
-0.009000000000000	1.247694674567864
-0.008000000000000	1.881944905710855
-0.007000000000000	7.126962435157025
-0.006000000000000	16.652141056493360
-0.005000000000000	22.143693799676033
-0.004000000000000	24.281856073362832
-0.003000000000000	24.036933013711437
-0.002000000000000	30.518453474751546
-0.001000000000000	23.804789719515909
0.000000000000000	20.354500938758385
0.001000000000000	14.995746510664146
0.002000000000000	13.734201802865718
0.003000000000000	11.112225117975420
0.004000000000000	12.603718007915825
0.005000000000000	13.464685350722714
0.006000000000000	12.064875167168745
0.007000000000000	8.637008237602785
0.008000000000000	3.688292011415947
0.009000000000000	2.868370189709649
0.010000000000000	3.245207774841597
0.011000000000000	2.470403759984845
0.012000000000000	1.869352925280623
0.013000000000000	1.518517179677420
0.014000000000000	0.863963593555730
0.015000000000000	1.088572369926578
0.016000000000000	0.778062226020360
0.017000000000000	0.632554497007024
0.018000000000000	0.434539085274963
0.019000000000000	0.264773511826244
0.020000000000000	0.562181856001623
0.021000000000000	0.034187243450022
0.022000000000000	0.000000000000000
0.023000000000000	0.000000000000000
0.024000000000000	0.000000000000000
0.025000000000000	0.000000000000000
