-0.025000000000000	0.000000000000000
-0.024000000000000	0.000000000000000
-0.023000000000000	0.000000000000000
-0.022000000000000	0.000000000000000
-0.021000000000000	0.000000000000000
-0.020000000000000	0.000000000000000
-0.019000000000000	0.000000000000000
-0.018000000000000	0.000000000000000
-0.017000000000000	0.571416547912591
-0.016000000000000	1.773162567830139
-0.015000000000000	1.107923699854519
-0.014000000000000	1.242646988001031
-0.013000000000000	1.136894879044782
-0.012000000000000	2.221933036487215
-0.011000000000000	2.706544333213014
-0.010000000000000	2.778733176354244
-0.009000000000000	5.032915795647489
-0.008000000000000	8.016270334221080
-0.007000000000000	8.432665475039894
-0.006000000000000	12.768563428227093
-0.005000000000000	17.836135772213602
-0.004000000000000	21.160737473634612
-0.003000000000000	24.179945903190273
-0.002000000000000	23.424480004375066
-0.001000000000000	21.177821341102312
0.000000000000000	22.049068041512790
0.001000000000000	17.174896274882503
0.002000000000000	9.683380265277123
0.003000000000000	11.973045836129964
0.004000000000000	14.867048619289951
0.005000000000000	17.037169343582935
0.006000000000000	16.746795250772042
0.007000000000000	12.056811009793789
0.008000000000000	5.525192529866067
0.009000000000000	3.223280635728265
0.010000000000000	3.260569703803103
0.011000000000000	3.449702930762370
0.012000000000000	2.024055918617163
0.013000000000000	2.546217528624896
0.014000000000000	2.854438470397532
0.015000000000000	1.849998047929779
0.016000000000000	1.800233092416863
0.017000000000000	1.372707139887305
0.018000000000000	0.226027945196671
0.019000000000000	0.000000000000000
0.020000000000000	0.000000000000000
0.021000000000000	0.000000000000000
0.022000000000000	0.000000000000000
0.023000000000000	0.000000000000000
0.024000000000000	0.000000000000000
0.025000000000000	0.000000000000000
