-0.025000000000000	0.000000000000000
-0.024000000000000	0.000000000000000
-0.023000000000000	0.000000000000000
-0.022000000000000	0.000000000000000
-0.021000000000000	0.000000000000000
-0.020000000000000	0.000000000000000
-0.019000000000000	0.000000000000000
-0.018000000000000	0.000000000000000
-0.017000000000000	0.000000000000000
-0.016000000000000	0.000000000000000
-0.015000000000000	0.000000000000000
-0.014000000000000	0.000000000000000
-0.013000000000000	0.000000000000000
-0.012000000000000	0.000000000000000
-0.011000000000000	0.045988294039851
-0.010000000000000	1.101472088292704
-0.009000000000000	1.371969559152026
-0.008000000000000	2.389085171691234
-0.007000000000000	3.428585208208342
-0.006000000000000	5.195728575085234
-0.005000000000000	6.635663300987582
-0.004000000000000	13.168034569376978
-0.003000000000000	26.851099740054782
-0.002000000000000	38.904623834561946
-0.001000000000000	33.374131772321256
0.000000000000000	26.985995451256368
0.001000000000000	20.647340854069704
0.002000000000000	5.893071230992602
0.003000000000000	4.925583519486357
0.004000000000000	4.549318660225214
0.005000000000000	2.605304706090076
0.006000000000000	2.450231811552128
0.007000000000000	2.875792562184060
0.008000000000000	2.071439753648682
0.009000000000000	2.386228494495699
0.010000000000000	1.237271317834504
0.011000000000000	2.712684019378383
0.012000000000000	1.843871529588774
0.013000000000000	0.976680737824915
0.014000000000000	1.261178676758054
0.015000000000000	1.210029893819746
0.016000000000000	1.635357196985198
0.017000000000000	1.914968725836288
0.018000000000000	0.850239881285870
0.019000000000000	1.156657939342067
0.020000000000000	0.821149942275756
0.021000000000000	0.000000000000000
0.022000000000000	0.000000000000000
0.023000000000000	0.000000000000000
0.024000000000000	0.000000000000000
0.025000000000000	0.000000000000000
