-0.025000000000000	0.000000000000000
-0.024000000000000	0.000000000000000
-0.023000000000000	0.000000000000000
-0.022000000000000	0.000000000000000
-0.021000000000000	0.000000000000000
-0.020000000000000	0.000000000000000
-0.019000000000000	0.000000000000000
-0.018000000000000	0.000000000000000
-0.017000000000000	0.000000000000000
-0.016000000000000	0.000000000000000
-0.015000000000000	0.000000000000000
-0.014000000000000	0.000000000000000
-0.013000000000000	0.000000000000000
-0.012000000000000	0.000000000000000
-0.011000000000000	0.000000000000000
-0.010000000000000	0.000000000000000
-0.009000000000000	0.210444067151366
-0.008000000000000	2.668129291136214
-0.007000000000000	8.619361116122498
-0.006000000000000	9.099709728757112
-0.005000000000000	10.080751337261949
-0.004000000000000	16.140740336907363
-0.003000000000000	25.733065319424682
-0.002000000000000	23.473313471713929
-0.001000000000000	23.259489351093553
0.000000000000000	24.002270380473036
0.001000000000000	21.645500080736607
0.002000000000000	19.174123867036190
0.003000000000000	11.342307847266158
0.004000000000000	5.201695336358950
0.005000000000000	5.476696060072967
0.006000000000000	4.765250639225687
0.007000000000000	2.846356892032960
0.008000000000000	2.577236567358804
0.009000000000000	2.910842249279114
0.010000000000000	1.910432948139145
0.011000000000000	1.899908897672361
0.012000000000000	1.666690814096799
0.013000000000000	1.642081119816488
0.014000000000000	1.895611376901116
0.015000000000000	1.567371520378677
0.016000000000000	0.510673487595301
0.017000000000000	0.515423767347184
0.018000000000000	0.539752868109731
0.019000000000000	0.314445192560429
0.020000000000000	0.020211300523383
0.021000000000000	0.000000000000000
0.022000000000000	0.000000000000000
0.023000000000000	0.000000000000000
0.024000000000000	0.000000000000000
0.025000000000000	0.000000000000000
