-0.025000000000000	0.000000000000000
-0.024000000000000	0.000000000000000
-0.023000000000000	0.000000000000000
-0.022000000000000	0.000000000000000
-0.021000000000000	0.000000000000000
-0.020000000000000	0.000000000000000
-0.019000000000000	0.000000000000000
-0.018000000000000	0.000000000000000
-0.017000000000000	0.000000000000000
-0.016000000000000	0.000000000000000
-0.015000000000000	0.077024951798047
-0.014000000000000	0.967874097126827
-0.013000000000000	0.871998526115958
-0.012000000000000	1.541237095277649
-0.011000000000000	2.538884990173480
-0.010000000000000	1.935544601789460
-0.009000000000000	2.861997619554502
-0.008000000000000	3.222288627947151
-0.007000000000000	5.875538834916426
-0.006000000000000	10.254342721968484
-0.005000000000000	16.600178749794349
-0.004000000000000	25.678207452706864
-0.003000000000000	25.789720138880593
-0.002000000000000	18.824559785173058
-0.001000000000000	14.598672982981046
0.000000000000000	13.337210367971437
0.001000000000000	15.275776766616746
0.002000000000000	12.337818402859602
0.003000000000000	10.794975922387625
0.004000000000000	13.474858551044267
0.005000000000000	13.314145935747300
0.006000000000000	8.364750496820594
0.007000000000000	3.099563137722573
0.008000000000000	1.875783665059885
0.009000000000000	1.928942488843245
0.010000000000000	2.176358793877283
0.011000000000000	2.241087789658812
0.012000000000000	1.912134948636532
0.013000000000000	1.912796696350143
0.014000000000000	1.891847713101150
0.015000000000000	3.793161345477411
0.016000000000000	3.162356615843271
0.017000000000000	1.506096526860604
0.018000000000000	0.398926819756612
0.019000000000000	0.102231310988387
0.020000000000000	0.000000000000000
0.021000000000000	0.000000000000000
0.022000000000000	0.000000000000000
0.023000000000000	0.000000000000000
0.024000000000000	0.000000000000000
0.025000000000000	0.000000000000000
