-0.025000000000000	0.000000000000000
-0.024000000000000	0.000000000000000
-0.023000000000000	0.000000000000000
-0.022000000000000	0.000000000000000
-0.021000000000000	0.000000000000000
-0.020000000000000	0.000000000000000
-0.019000000000000	0.527832690676927
-0.018000000000000	2.226735166061091
-0.017000000000000	1.582951454758710
-0.016000000000000	2.057640510416603
-0.015000000000000	1.737918521377655
-0.014000000000000	1.011070921035734
-0.013000000000000	1.928823279432455
-0.012000000000000	2.738308364846748
-0.011000000000000	4.322952924156701
-0.010000000000000	6.338963440342129
-0.009000000000000	6.961176459091581
-0.008000000000000	9.541176544531904
-0.007000000000000	9.491894325195634
-0.006000000000000	12.218092072787259
-0.005000000000000	15.911862280996861
-0.004000000000000	15.341891358624338
-0.003000000000000	14.192611282147837
-0.002000000000000	15.494098403179256
-0.001000000000000	10.819600497508745
0.000000000000000	8.581662458168786
0.001000000000000	9.433866747653635
0.002000000000000	8.390505827792927
0.003000000000000	7.768536139144239
0.004000000000000	8.873645360199493
0.005000000000000	8.688361318308669
0.006000000000000	9.111236681992962
0.007000000000000	8.318486073498363
0.008000000000000	8.121743650632494
0.009000000000000	6.989071207582626
0.010000000000000	6.549271310974268
0.011000000000000	7.519219186279318
0.012000000000000	8.735677597677814
0.013000000000000	4.669605099442364
0.014000000000000	3.639767233828608
0.015000000000000	4.374019694075224
0.016000000000000	1.268317529239869
0.017000000000000	0.286873238681205
0.018000000000000	0.000000000000000
0.019000000000000	0.000000000000000
0.020000000000000	0.000000000000000
0.021000000000000	0.000000000000000
0.022000000000000	0.000000000000000
0.023000000000000	0.000000000000000
0.024000000000000	0.000000000000000
0.025000000000000	0.000000000000000
