-0.025000000000000	0.000000000000000
-0.024000000000000	0.000000000000000
-0.023000000000000	0.000000000000000
-0.022000000000000	0.000000000000000
-0.021000000000000	0.000000000000000
-0.020000000000000	0.000000000000000
-0.019000000000000	0.000000000000000
-0.018000000000000	0.000000000000000
-0.017000000000000	0.000000000000000
-0.016000000000000	0.000000000000000
-0.015000000000000	0.000000000000000
-0.014000000000000	0.000000000000000
-0.013000000000000	0.000000000000000
-0.012000000000000	0.000000000000000
-0.011000000000000	0.000000000000000
-0.010000000000000	0.907073586777566
-0.009000000000000	2.487072185965303
-0.008000000000000	2.644384847873412
-0.007000000000000	2.582575444199087
-0.006000000000000	4.900410696604305
-0.005000000000000	10.137311099931068
-0.004000000000000	15.145411827366912
-0.003000000000000	21.454187182232364
-0.002000000000000	27.779220794952177
-0.001000000000000	22.823872541598618
0.000000000000000	21.329824406918924
0.001000000000000	16.976077304962580
0.002000000000000	15.673191001787860
0.003000000000000	8.716658099461972
0.004000000000000	8.656836063535243
0.005000000000000	8.519921734218599
0.006000000000000	10.851214194204369
0.007000000000000	6.441842054108826
0.008000000000000	0.531139948850952
0.009000000000000	1.116262079367395
0.010000000000000	0.917189912107209
0.011000000000000	0.525052354138150
0.012000000000000	0.986711337640969
0.013000000000000	0.379750260143473
0.014000000000000	0.703148271013877
0.015000000000000	0.722989680225010
0.016000000000000	0.346592139967513
0.017000000000000	0.543941071104570
0.018000000000000	0.509082401192179
0.019000000000000	0.156917955670408
0.020000000000000	0.000000000000000
0.021000000000000	0.000000000000000
0.022000000000000	0.000000000000000
0.023000000000000	0.000000000000000
0.024000000000000	0.000000000000000
0.025000000000000	0.000000000000000
