-0.025000000000000	0.000000000000000
-0.024000000000000	0.000000000000000
-0.023000000000000	0.000000000000000
-0.022000000000000	0.000000000000000
-0.021000000000000	0.000000000000000
-0.020000000000000	0.000000000000000
-0.019000000000000	0.000000000000000
-0.018000000000000	0.000000000000000
-0.017000000000000	0.000000000000000
-0.016000000000000	0.000000000000000
-0.015000000000000	0.000000000000000
-0.014000000000000	0.000000000000000
-0.013000000000000	0.000000000000000
-0.012000000000000	0.000000000000000
-0.011000000000000	0.265426468677986
-0.010000000000000	1.708825978783945
-0.009000000000000	3.002920217844435
-0.008000000000000	3.054688044386295
-0.007000000000000	4.915869136366062
-0.006000000000000	11.494446791951603
-0.005000000000000	17.625991134963687
-0.004000000000000	20.466336792054875
-0.003000000000000	24.832224397907719
-0.002000000000000	31.311762814371470
-0.001000000000000	24.579114396400595
0.000000000000000	17.500550035860410
0.001000000000000	11.764622659553098
0.002000000000000	15.904796371216332
0.003000000000000	14.274290187876272
0.004000000000000	20.137609139568784
0.005000000000000	14.993520920477499
0.006000000000000	10.840571917262185
0.007000000000000	6.483626578590487
0.008000000000000	3.374734277732521
0.009000000000000	2.497634572340802
0.010000000000000	2.656238072327645
0.011000000000000	1.393095810202799
0.012000000000000	0.288459055326060
0.013000000000000	0.296769604822682
0.014000000000000	0.516868711182798
0.015000000000000	0.802246454579805
0.016000000000000	0.623700328255844
0.017000000000000	0.029801473716607
0.018000000000000	0.573415077379071
0.019000000000000	0.498827745220317
0.020000000000000	0.280449838736073
0.021000000000000	0.026099252995264
0.022000000000000	0.000000000000000
0.023000000000000	0.000000000000000
0.024000000000000	0.000000000000000
0.025000000000000	0.000000000000000
