-0.025000000000000	0.000000000000000
-0.024000000000000	0.000000000000000
-0.023000000000000	0.000000000000000
-0.022000000000000	0.000000000000000
-0.021000000000000	0.000000000000000
-0.020000000000000	0.000000000000000
-0.019000000000000	0.000000000000000
-0.018000000000000	0.000000000000000
-0.017000000000000	0.000000000000000
-0.016000000000000	0.000000000000000
-0.015000000000000	0.256070189540294
-0.014000000000000	1.269962902787406
-0.013000000000000	1.240522614246074
-0.012000000000000	0.943962649293042
-0.011000000000000	1.109095673808206
-0.010000000000000	0.767053697362048
-0.009000000000000	1.038424272202223
-0.008000000000000	0.687654386300437
-0.007000000000000	0.856658972389244
-0.006000000000000	5.463821305093938
-0.005000000000000	16.590769567153231
-0.004000000000000	25.800903941820817
-0.003000000000000	32.234130872648343
-0.002000000000000	26.484288115290887
-0.001000000000000	17.102611831368119
0.000000000000000	17.804288007848722
0.001000000000000	14.555572871237075
0.002000000000000	6.526149543030324
0.003000000000000	3.651221607533701
0.004000000000000	3.248741422300446
0.005000000000000	1.900522276223035
0.006000000000000	2.075368641670874
0.007000000000000	1.719877654784132
0.008000000000000	1.745369794710025
0.009000000000000	2.158996033245563
0.010000000000000	1.630420261656641
0.011000000000000	1.604336987429190
0.012000000000000	1.573138014629514
0.013000000000000	2.604627820085707
0.014000000000000	1.222318758251314
0.015000000000000	4.890483056198100
0.016000000000000	5.621727221422069
0.017000000000000	3.416175619447802
0.018000000000000	1.019804742120865
0.019000000000000	0.538372000189101
0.020000000000000	0.093786503497558
0.021000000000000	0.000000000000000
0.022000000000000	0.000000000000000
0.023000000000000	0.000000000000000
0.024000000000000	0.000000000000000
0.025000000000000	0.000000000000000
