-0.025000000000000	0.000000000000000
-0.024000000000000	0.000000000000000
-0.023000000000000	0.000000000000000
-0.022000000000000	0.000000000000000
-0.021000000000000	0.000000000000000
-0.020000000000000	0.000000000000000
-0.019000000000000	0.000000000000000
-0.018000000000000	0.000000000000000
-0.017000000000000	0.000000000000000
-0.016000000000000	0.000000000000000
-0.015000000000000	0.000000000000000
-0.014000000000000	0.000000000000000
-0.013000000000000	0.000000000000000
-0.012000000000000	0.000000000000000
-0.011000000000000	0.010540476448874
-0.010000000000000	0.716057811722851
-0.009000000000000	1.093891877562157
-0.008000000000000	1.506153767620423
-0.007000000000000	2.620264926695047
-0.006000000000000	10.420988770196043
-0.005000000000000	21.735922285807554
-0.004000000000000	25.860433516826745
-0.003000000000000	32.191290348124717
-0.002000000000000	29.637901866620084
-0.001000000000000	25.613004614724836
0.000000000000000	24.094940670220478
0.001000000000000	25.719767286655415
0.002000000000000	22.495186769016943
0.003000000000000	11.462731683425057
0.004000000000000	12.942609583609142
0.005000000000000	12.583634784680360
0.006000000000000	12.123417994219610
0.007000000000000	4.263565256454242
0.008000000000000	2.912193940865627
0.009000000000000	2.415328800607008
0.010000000000000	3.161541915630222
0.011000000000000	2.202304682389683
0.012000000000000	1.095189994073100
0.013000000000000	1.664514926477366
0.014000000000000	0.892882846510834
0.015000000000000	0.990316460564560
0.016000000000000	0.979412199933594
0.017000000000000	0.085904251605012
0.018000000000000	0.000000000000000
0.019000000000000	0.000000000000000
0.020000000000000	0.000000000000000
0.021000000000000	0.000000000000000
0.022000000000000	0.000000000000000
0.023000000000000	0.000000000000000
0.024000000000000	0.000000000000000
0.025000000000000	0.000000000000000
