-0.025000000000000	0.000000000000000
-0.024000000000000	0.000000000000000
-0.023000000000000	0.000000000000000
-0.022000000000000	0.000000000000000
-0.021000000000000	0.000000000000000
-0.020000000000000	0.000000000000000
-0.019000000000000	0.000000000000000
-0.018000000000000	0.000000000000000
-0.017000000000000	0.000000000000000
-0.016000000000000	0.000000000000000
-0.015000000000000	0.003909272859331
-0.014000000000000	0.997439039363155
-0.013000000000000	2.233780685367462
-0.012000000000000	2.883239657853667
-0.011000000000000	4.829203909351062
-0.010000000000000	4.626482159191116
-0.009000000000000	6.322070341944902
-0.008000000000000	8.003474591746148
-0.007000000000000	12.432803982368199
-0.006000000000000	14.154708500061330
-0.005000000000000	19.210863113883118
-0.004000000000000	17.276733539376167
-0.003000000000000	14.666877091112456
-0.002000000000000	16.425428030857088
-0.001000000000000	18.010048331200032
0.000000000000000	11.129462363082160
0.001000000000000	9.573443353628978
0.002000000000000	9.631975838259056
0.003000000000000	10.155337756618614
0.004000000000000	6.823557404473704
0.005000000000000	6.875463006605039
0.006000000000000	8.318587841173080
0.007000000000000	6.220819632866806
0.008000000000000	5.980836740140262
0.009000000000000	7.434202056400638
0.010000000000000	6.542470596059313
0.011000000000000	6.217563800051185
0.012000000000000	5.716325859211872
0.013000000000000	6.088145761507902
0.014000000000000	5.167351289280330
0.015000000000000	2.951941926846962
0.016000000000000	0.138788179390285
0.017000000000000	0.000000000000000
0.018000000000000	0.000000000000000
0.019000000000000	0.000000000000000
0.020000000000000	0.000000000000000
0.021000000000000	0.000000000000000
0.022000000000000	0.000000000000000
0.023000000000000	0.000000000000000
0.024000000000000	0.000000000000000
0.025000000000000	0.000000000000000
