-0.025000000000000	0.000000000000000
-0.024000000000000	0.000000000000000
-0.023000000000000	0.000000000000000
-0.022000000000000	0.000000000000000
-0.021000000000000	0.000000000000000
-0.020000000000000	0.000000000000000
-0.019000000000000	0.241477462327242
-0.018000000000000	0.898405569780112
-0.017000000000000	1.163089928986681
-0.016000000000000	1.030842758580919
-0.015000000000000	1.562397710907063
-0.014000000000000	1.842799821983989
-0.013000000000000	1.392795539251766
-0.012000000000000	1.122320138957787
-0.011000000000000	3.748443862685208
-0.010000000000000	3.046032347606887
-0.009000000000000	3.996584618738078
-0.008000000000000	9.199000372749055
-0.007000000000000	10.200850813225131
-0.006000000000000	12.233277010263327
-0.005000000000000	12.209540794167653
-0.004000000000000	26.782251524228016
-0.003000000000000	30.257797690298538
-0.002000000000000	25.037261626723403
-0.001000000000000	24.293827848639353
0.000000000000000	19.143106962567959
0.001000000000000	16.831872397530329
0.002000000000000	13.527860026614015
0.003000000000000	6.621230589149114
0.004000000000000	4.372302922081873
0.005000000000000	5.958948865655814
0.006000000000000	5.043386068150611
0.007000000000000	4.782454389662033
0.008000000000000	4.983649871574382
0.009000000000000	4.571435957752385
0.010000000000000	4.910656096025407
0.011000000000000	5.908232169345481
0.012000000000000	8.227982470651609
0.013000000000000	8.336949930579168
0.014000000000000	7.394152145508643
0.015000000000000	6.107570926840536
0.016000000000000	1.696623845464736
0.017000000000000	0.000000000000000
0.018000000000000	0.000000000000000
0.019000000000000	0.000000000000000
0.020000000000000	0.000000000000000
0.021000000000000	0.000000000000000
0.022000000000000	0.000000000000000
0.023000000000000	0.000000000000000
0.024000000000000	0.000000000000000
0.025000000000000	0.000000000000000
