-0.025000000000000	0.000000000000000
-0.024000000000000	0.000000000000000
-0.023000000000000	0.000000000000000
-0.022000000000000	0.000000000000000
-0.021000000000000	0.000000000000000
-0.020000000000000	0.000000000000000
-0.019000000000000	0.000000000000000
-0.018000000000000	0.000000000000000
-0.017000000000000	0.000000000000000
-0.016000000000000	0.000000000000000
-0.015000000000000	0.000000000000000
-0.014000000000000	0.000000000000000
-0.013000000000000	0.000000000000000
-0.012000000000000	0.000000000000000
-0.011000000000000	0.000000000000000
-0.010000000000000	0.000000000000000
-0.009000000000000	0.294939295587953
-0.008000000000000	1.717915786892688
-0.007000000000000	3.409698103647423
-0.006000000000000	10.536073851158974
-0.005000000000000	20.905102327491964
-0.004000000000000	22.420524372068051
-0.003000000000000	33.377680711125237
-0.002000000000000	35.422858424477127
-0.001000000000000	30.431820858129242
0.000000000000000	27.133636991666489
0.001000000000000	23.188001269262649
0.002000000000000	22.903705289619392
0.003000000000000	16.176217503138787
0.004000000000000	7.860517205823230
0.005000000000000	5.554325861464976
0.006000000000000	4.177666217184158
0.007000000000000	3.494490277428981
0.008000000000000	3.927432566783632
0.009000000000000	2.902045634355187
0.010000000000000	2.539683705593985
0.011000000000000	3.099544496878317
0.012000000000000	2.679427417812736
0.013000000000000	1.947242172200263
0.014000000000000	2.108686357213818
0.015000000000000	1.745782556295885
0.016000000000000	0.630058120560592
0.017000000000000	0.822849774743288
0.018000000000000	0.902856548127358
0.019000000000000	0.268294483206112
0.020000000000000	0.000000000000000
0.021000000000000	0.000000000000000
0.022000000000000	0.000000000000000
0.023000000000000	0.000000000000000
0.024000000000000	0.000000000000000
0.025000000000000	0.000000000000000
