-0.025000000000000	0.000000000000000
-0.024000000000000	0.000000000000000
-0.023000000000000	0.000000000000000
-0.022000000000000	0.000000000000000
-0.021000000000000	0.000000000000000
-0.020000000000000	0.000000000000000
-0.019000000000000	0.000000000000000
-0.018000000000000	0.674562044017969
-0.017000000000000	1.072502928673494
-0.016000000000000	0.826074860326040
-0.015000000000000	0.841797245608230
-0.014000000000000	0.613852818067514
-0.013000000000000	0.807137755682170
-0.012000000000000	0.971796067158561
-0.011000000000000	1.881479088799626
-0.010000000000000	2.188646177567027
-0.009000000000000	2.322908225961227
-0.008000000000000	2.988088044677233
-0.007000000000000	6.076099505825515
-0.006000000000000	9.926418852020950
-0.005000000000000	20.152529151922430
-0.004000000000000	29.526985888116368
-0.003000000000000	24.734112819734293
-0.002000000000000	19.753609039904859
-0.001000000000000	16.345707569681935
0.000000000000000	12.328401402310700
0.001000000000000	5.414009009532108
0.002000000000000	4.921763519085660
0.003000000000000	4.724065215957966
0.004000000000000	4.238827107863004
0.005000000000000	4.181142247542049
0.006000000000000	3.840493207237964
0.007000000000000	4.549916490168900
0.008000000000000	5.328781927778497
0.009000000000000	5.874558358973986
0.010000000000000	5.488104088489666
0.011000000000000	3.737682965860746
0.012000000000000	5.404246497440369
0.013000000000000	6.030606666822585
0.014000000000000	3.130075349388406
0.015000000000000	3.815802095812328
0.016000000000000	3.366457854121226
0.017000000000000	0.788958011821449
0.018000000000000	0.085363710599068
0.019000000000000	0.000000000000000
0.020000000000000	0.000000000000000
0.021000000000000	0.000000000000000
0.022000000000000	0.000000000000000
0.023000000000000	0.000000000000000
0.024000000000000	0.000000000000000
0.025000000000000	0.000000000000000
