-0.025000000000000	0.000000000000000
-0.024000000000000	0.000000000000000
-0.023000000000000	0.000000000000000
-0.022000000000000	0.000000000000000
-0.021000000000000	0.000000000000000
-0.020000000000000	0.000000000000000
-0.019000000000000	0.000000000000000
-0.018000000000000	0.877214229676807
-0.017000000000000	1.830642321895201
-0.016000000000000	1.130303202899508
-0.015000000000000	1.349535365151700
-0.014000000000000	0.935947122981537
-0.013000000000000	0.724811144419587
-0.012000000000000	1.415493678536143
-0.011000000000000	1.989809365693066
-0.010000000000000	3.296359968552654
-0.009000000000000	3.493412849972883
-0.008000000000000	5.203351131912003
-0.007000000000000	8.063557574466161
-0.006000000000000	13.271228900471190
-0.005000000000000	12.403134835426492
-0.004000000000000	13.079003502475567
-0.003000000000000	15.487607226563071
-0.002000000000000	14.383615690281442
-0.001000000000000	15.735231315177396
0.000000000000000	16.645817522151315
0.001000000000000	14.800773541655968
0.002000000000000	17.261608347813372
0.003000000000000	14.994079732678715
0.004000000000000	15.166019398553569
0.005000000000000	7.723137463987706
0.006000000000000	7.452673140305913
0.007000000000000	6.681520706516830
0.008000000000000	5.941635189094610
0.009000000000000	4.566828873297315
0.010000000000000	4.134314717606826
0.011000000000000	3.133671592910479
0.012000000000000	3.107774420431199
0.013000000000000	2.700224846275566
0.014000000000000	1.492157498318887
0.015000000000000	1.066574357960675
0.016000000000000	0.654806521273685
0.017000000000000	0.463107473257893
0.018000000000000	0.658078328542396
0.019000000000000	0.381771626160809
0.020000000000000	0.000000000000000
0.021000000000000	0.000000000000000
0.022000000000000	0.000000000000000
0.023000000000000	0.000000000000000
0.024000000000000	0.000000000000000
0.025000000000000	0.000000000000000
