-0.025000000000000	0.000000000000000
-0.024000000000000	0.000000000000000
-0.023000000000000	0.000000000000000
-0.022000000000000	0.000000000000000
-0.021000000000000	0.000000000000000
-0.020000000000000	0.000000000000000
-0.019000000000000	0.000000000000000
-0.018000000000000	0.000000000000000
-0.017000000000000	0.000000000000000
-0.016000000000000	0.000000000000000
-0.015000000000000	0.000000000000000
-0.014000000000000	0.000000000000000
-0.013000000000000	0.000000000000000
-0.012000000000000	0.000000000000000
-0.011000000000000	0.000000000000000
-0.010000000000000	0.078671280641014
-0.009000000000000	1.059840947480349
-0.008000000000000	1.209784005459654
-0.007000000000000	1.200861346184098
-0.006000000000000	1.175937820261068
-0.005000000000000	1.885010756260550
-0.004000000000000	2.312953923004655
-0.003000000000000	7.578209549419327
-0.002000000000000	31.448460711443666
-0.001000000000000	55.870856619474118
0.000000000000000	42.267310268566582
0.001000000000000	36.603644015179228
0.002000000000000	24.128087473629186
0.003000000000000	7.971435503950394
0.004000000000000	0.691345566883399
0.005000000000000	0.833756249465218
0.006000000000000	1.125614234389658
0.007000000000000	1.427279214749229
0.008000000000000	0.287632547228638
0.009000000000000	0.755794157139653
0.010000000000000	1.016025659368266
0.011000000000000	0.725321422175113
0.012000000000000	0.662847288804230
0.013000000000000	0.629166518525538
0.014000000000000	0.435979739582353
0.015000000000000	0.304336023539530
0.016000000000000	0.475795275172585
0.017000000000000	0.247504228083883
0.018000000000000	0.013675338416186
0.019000000000000	0.000000000000000
0.020000000000000	0.000000000000000
0.021000000000000	0.000000000000000
0.022000000000000	0.000000000000000
0.023000000000000	0.000000000000000
0.024000000000000	0.000000000000000
0.025000000000000	0.000000000000000
