-0.025000000000000	0.000000000000000
-0.024000000000000	0.000000000000000
-0.023000000000000	0.000000000000000
-0.022000000000000	0.000000000000000
-0.021000000000000	0.000000000000000
-0.020000000000000	0.000000000000000
-0.019000000000000	0.000000000000000
-0.018000000000000	0.000000000000000
-0.017000000000000	0.000000000000000
-0.016000000000000	0.000000000000000
-0.015000000000000	0.309209141992761
-0.014000000000000	1.020544918041285
-0.013000000000000	0.892261288126616
-0.012000000000000	0.971264970875285
-0.011000000000000	1.669031535296633
-0.010000000000000	1.699239994686703
-0.009000000000000	2.585836485432659
-0.008000000000000	3.653738575402459
-0.007000000000000	3.506933547851130
-0.006000000000000	4.951465438273569
-0.005000000000000	8.664473306562632
-0.004000000000000	12.752253505295919
-0.003000000000000	20.625271246693138
-0.002000000000000	45.400467683312854
-0.001000000000000	47.331715359920700
0.000000000000000	44.043530313488112
0.001000000000000	40.193147442537544
0.002000000000000	26.635247214021462
0.003000000000000	11.571936387944119
0.004000000000000	3.945417744896445
0.005000000000000	3.496300384257821
0.006000000000000	3.558115521908341
0.007000000000000	3.231803226628589
0.008000000000000	2.539032929009911
0.009000000000000	2.712864008550815
0.010000000000000	3.621426717623993
0.011000000000000	2.698100165858140
0.012000000000000	2.200794724649416
0.013000000000000	2.276149480236829
0.014000000000000	1.613250246252597
0.015000000000000	1.911948704455698
0.016000000000000	2.723947913554271
0.017000000000000	0.716621465467011
0.018000000000000	0.000000000000000
0.019000000000000	0.000000000000000
0.020000000000000	0.000000000000000
0.021000000000000	0.000000000000000
0.022000000000000	0.000000000000000
0.023000000000000	0.000000000000000
0.024000000000000	0.000000000000000
0.025000000000000	0.000000000000000
