-0.025000000000000	0.000000000000000
-0.024000000000000	0.000000000000000
-0.023000000000000	0.000000000000000
-0.022000000000000	0.000000000000000
-0.021000000000000	0.000000000000000
-0.020000000000000	0.000000000000000
-0.019000000000000	0.000000000000000
-0.018000000000000	0.000000000000000
-0.017000000000000	0.000000000000000
-0.016000000000000	0.000000000000000
-0.015000000000000	0.000000000000000
-0.014000000000000	0.000000000000000
-0.013000000000000	0.000000000000000
-0.012000000000000	0.000000000000000
-0.011000000000000	0.000000000000000
-0.010000000000000	0.000000000000000
-0.009000000000000	0.000000000000000
-0.008000000000000	0.559918847102476
-0.007000000000000	3.485686437690196
-0.006000000000000	11.137079210767608
-0.005000000000000	16.500476549571236
-0.004000000000000	27.160678805980421
-0.003000000000000	33.142701830642167
-0.002000000000000	28.193130448099886
-0.001000000000000	21.078313235598070
0.000000000000000	16.063560210616437
0.001000000000000	10.937135973517071
0.002000000000000	7.570326407461076
0.003000000000000	8.041531396236712
0.004000000000000	10.897588958440043
0.005000000000000	11.314684851715681
0.006000000000000	3.630694807451571
0.007000000000000	3.248645023364088
0.008000000000000	2.920242401022552
0.009000000000000	1.952794241875192
0.010000000000000	1.694888278500873
0.011000000000000	1.727188672696075
0.012000000000000	1.491290038964248
0.013000000000000	1.941914957272776
0.014000000000000	1.246631639831421
0.015000000000000	1.335966002203756
0.016000000000000	1.490454386900933
0.017000000000000	1.669041900360158
0.018000000000000	0.986078724254611
0.019000000000000	1.317755593268468
0.020000000000000	0.625694675132408
0.021000000000000	0.057373199259736
0.022000000000000	0.000000000000000
0.023000000000000	0.000000000000000
0.024000000000000	0.000000000000000
0.025000000000000	0.000000000000000
