-0.025000000000000	0.000000000000000
-0.024000000000000	0.000000000000000
-0.023000000000000	0.000000000000000
-0.022000000000000	0.000000000000000
-0.021000000000000	0.000000000000000
-0.020000000000000	0.000000000000000
-0.019000000000000	0.000000000000000
-0.018000000000000	0.000000000000000
-0.017000000000000	0.186055633887608
-0.016000000000000	1.280168351729891
-0.015000000000000	2.275949070802275
-0.014000000000000	1.834039129370526
-0.013000000000000	2.291987449880987
-0.012000000000000	1.478120971874572
-0.011000000000000	1.875166902482120
-0.010000000000000	2.385377854320169
-0.009000000000000	2.796173136448796
-0.008000000000000	4.086555860421928
-0.007000000000000	5.897808854922932
-0.006000000000000	14.563039631085195
-0.005000000000000	22.661715277980939
-0.004000000000000	26.851433822466774
-0.003000000000000	30.571310179388220
-0.002000000000000	23.739976655125599
-0.001000000000000	19.458667202506845
0.000000000000000	18.605553297521986
0.001000000000000	15.229741501988071
0.002000000000000	10.843646080858777
0.003000000000000	13.286386588955304
0.004000000000000	13.707280655701906
0.005000000000000	15.923906060865331
0.006000000000000	10.904614200329455
0.007000000000000	3.993682604419029
0.008000000000000	4.119132669501816
0.009000000000000	4.170269511301902
0.010000000000000	4.133508081518054
0.011000000000000	3.427483516359613
0.012000000000000	3.558099610633108
0.013000000000000	3.399275711444826
0.014000000000000	2.767086853057879
0.015000000000000	3.364479325405817
0.016000000000000	5.228019950980770
0.017000000000000	1.509425425305331
0.018000000000000	0.118757599120861
0.019000000000000	0.000000000000000
0.020000000000000	0.000000000000000
0.021000000000000	0.000000000000000
0.022000000000000	0.000000000000000
0.023000000000000	0.000000000000000
0.024000000000000	0.000000000000000
0.025000000000000	0.000000000000000
