-0.025000000000000	0.000000000000000
-0.024000000000000	0.000000000000000
-0.023000000000000	0.000000000000000
-0.022000000000000	0.000000000000000
-0.021000000000000	0.000000000000000
-0.020000000000000	0.000000000000000
-0.019000000000000	0.000000000000000
-0.018000000000000	0.000000000000000
-0.017000000000000	0.000000000000000
-0.016000000000000	0.000000000000000
-0.015000000000000	0.000000000000000
-0.014000000000000	0.000000000000000
-0.013000000000000	0.149388439814383
-0.012000000000000	1.328954469823334
-0.011000000000000	2.651429440296265
-0.010000000000000	4.309848013879575
-0.009000000000000	4.040583813074806
-0.008000000000000	4.858057207486381
-0.007000000000000	5.220209460395609
-0.006000000000000	6.465290167279007
-0.005000000000000	12.054087585176273
-0.004000000000000	27.556879777185532
-0.003000000000000	43.729373920844125
-0.002000000000000	37.333119189451857
-0.001000000000000	29.010628312291772
0.000000000000000	25.951488349460284
0.001000000000000	23.725799130472335
0.002000000000000	15.412768203900200
0.003000000000000	8.912478789429732
0.004000000000000	6.259592975492229
0.005000000000000	5.879052183428602
0.006000000000000	8.603676069517245
0.007000000000000	12.001746763009823
0.008000000000000	9.415913353789596
0.009000000000000	3.779705188737042
0.010000000000000	4.108033245812649
0.011000000000000	3.367181301353443
0.012000000000000	3.535096645235761
0.013000000000000	1.919752872315895
0.014000000000000	2.287310829786110
0.015000000000000	1.621655132013501
0.016000000000000	1.284573236376247
0.017000000000000	1.305429700756219
0.018000000000000	0.432724743868576
0.019000000000000	0.527230513780806
0.020000000000000	0.034032157126384
0.021000000000000	0.000000000000000
0.022000000000000	0.000000000000000
0.023000000000000	0.000000000000000
0.024000000000000	0.000000000000000
0.025000000000000	0.000000000000000
