-0.025000000000000	0.000000000000000
-0.024000000000000	0.000000000000000
-0.023000000000000	0.000000000000000
-0.022000000000000	0.000000000000000
-0.021000000000000	0.000000000000000
-0.020000000000000	0.000000000000000
-0.019000000000000	0.000000000000000
-0.018000000000000	0.000000000000000
-0.017000000000000	0.000000000000000
-0.016000000000000	0.000000000000000
-0.015000000000000	0.000000000000000
-0.014000000000000	0.000000000000000
-0.013000000000000	0.000000000000000
-0.012000000000000	0.000000000000000
-0.011000000000000	0.000000000000000
-0.010000000000000	0.000000000000000
-0.009000000000000	0.861862518429243
-0.008000000000000	6.150127325764672
-0.007000000000000	7.735914088743908
-0.006000000000000	14.286293665109755
-0.005000000000000	26.965771545268506
-0.004000000000000	36.877707237550929
-0.003000000000000	40.374998048480897
-0.002000000000000	31.764916169431118
-0.001000000000000	23.159023843986493
0.000000000000000	18.977207803193082
0.001000000000000	18.300785324582343
0.002000000000000	13.880456038667713
0.003000000000000	7.049300329583623
0.004000000000000	5.733096838666166
0.005000000000000	5.401089352285426
0.006000000000000	4.554145428980367
0.007000000000000	5.134207314029817
0.008000000000000	5.171179176862591
0.009000000000000	5.319923043501197
0.010000000000000	7.096317874782557
0.011000000000000	5.788752157353794
0.012000000000000	5.055741766325142
0.013000000000000	4.926920117213140
0.014000000000000	5.348883827456977
0.015000000000000	3.298228508908812
0.016000000000000	2.103871774158917
0.017000000000000	0.056593390892188
0.018000000000000	0.000000000000000
0.019000000000000	0.000000000000000
0.020000000000000	0.000000000000000
0.021000000000000	0.000000000000000
0.022000000000000	0.000000000000000
0.023000000000000	0.000000000000000
0.024000000000000	0.000000000000000
0.025000000000000	0.000000000000000
