-0.025000000000000	0.000000000000000
-0.024000000000000	0.000000000000000
-0.023000000000000	0.000000000000000
-0.022000000000000	0.000000000000000
-0.021000000000000	0.000000000000000
-0.020000000000000	0.000000000000000
-0.019000000000000	0.000000000000000
-0.018000000000000	0.000000000000000
-0.017000000000000	0.000000000000000
-0.016000000000000	0.000000000000000
-0.015000000000000	0.000000000000000
-0.014000000000000	0.000000000000000
-0.013000000000000	0.000000000000000
-0.012000000000000	0.000000000000000
-0.011000000000000	0.000000000000000
-0.010000000000000	1.302411018848041
-0.009000000000000	2.706732978216964
-0.008000000000000	6.109264345074389
-0.007000000000000	15.043484984654180
-0.006000000000000	22.653779301589395
-0.005000000000000	26.901948436748899
-0.004000000000000	25.886516307273663
-0.003000000000000	21.021569770481239
-0.002000000000000	17.432845061538938
-0.001000000000000	11.770719212545901
0.000000000000000	12.309259720956957
0.001000000000000	12.301714588893576
0.002000000000000	15.192716242963323
0.003000000000000	18.160080341674298
0.004000000000000	12.648804669615982
0.005000000000000	4.850882152352090
0.006000000000000	4.509170709342916
0.007000000000000	4.551573354715260
0.008000000000000	4.509388745253657
0.009000000000000	5.388406409941304
0.010000000000000	5.442320523358225
0.011000000000000	5.086617159041280
0.012000000000000	4.469083011059070
0.013000000000000	4.171560454943817
0.014000000000000	2.658882044328659
0.015000000000000	3.221593690755181
0.016000000000000	2.067595653957805
0.017000000000000	1.232092681812502
0.018000000000000	0.061998178525697
0.019000000000000	0.000000000000000
0.020000000000000	0.000000000000000
0.021000000000000	0.000000000000000
0.022000000000000	0.000000000000000
0.023000000000000	0.000000000000000
0.024000000000000	0.000000000000000
0.025000000000000	0.000000000000000
