-0.025000000000000	0.000000000000000
-0.024000000000000	0.000000000000000
-0.023000000000000	0.000000000000000
-0.022000000000000	0.000000000000000
-0.021000000000000	0.000000000000000
-0.020000000000000	0.000000000000000
-0.019000000000000	0.000000000000000
-0.018000000000000	0.000000000000000
-0.017000000000000	0.000000000000000
-0.016000000000000	0.819769943730590
-0.015000000000000	1.640095230829190
-0.014000000000000	1.132793758287600
-0.013000000000000	1.188504047347443
-0.012000000000000	1.237870906369275
-0.011000000000000	0.742523906740262
-0.010000000000000	1.300542884921458
-0.009000000000000	1.196922686922423
-0.008000000000000	3.014769093866319
-0.007000000000000	3.459379280286898
-0.006000000000000	4.512447652014869
-0.005000000000000	9.360851645502411
-0.004000000000000	17.515447396311881
-0.003000000000000	17.399851111169074
-0.002000000000000	24.885597122826344
-0.001000000000000	20.248983879646424
0.000000000000000	21.966527925834672
0.001000000000000	20.652454516016505
0.002000000000000	11.300965907999522
0.003000000000000	10.347778959372159
0.004000000000000	13.091592124463931
0.005000000000000	11.313197462046972
0.006000000000000	12.990226343182293
0.007000000000000	10.782476550968969
0.008000000000000	1.861311756225429
0.009000000000000	0.585062920578160
0.010000000000000	1.147336904598045
0.011000000000000	0.741352665760699
0.012000000000000	0.551196583036365
0.013000000000000	0.624983225869178
0.014000000000000	0.487791728007270
0.015000000000000	0.667083907203200
0.016000000000000	0.335941077307444
0.017000000000000	0.518795980695375
0.018000000000000	0.341517228523262
0.019000000000000	0.097716881312854
0.020000000000000	0.000000000000000
0.021000000000000	0.000000000000000
0.022000000000000	0.000000000000000
0.023000000000000	0.000000000000000
0.024000000000000	0.000000000000000
0.025000000000000	0.000000000000000
