-0.025000000000000	0.000000000000000
-0.024000000000000	0.000000000000000
-0.023000000000000	0.000000000000000
-0.022000000000000	0.000000000000000
-0.021000000000000	0.000000000000000
-0.020000000000000	0.000000000000000
-0.019000000000000	0.000000000000000
-0.018000000000000	0.000000000000000
-0.017000000000000	0.000000000000000
-0.016000000000000	0.000000000000000
-0.015000000000000	0.000000000000000
-0.014000000000000	0.000000000000000
-0.013000000000000	0.000000000000000
-0.012000000000000	0.000000000000000
-0.011000000000000	0.000000000000000
-0.010000000000000	0.411267048768245
-0.009000000000000	1.072648851144839
-0.008000000000000	1.347330171547054
-0.007000000000000	1.379350326237602
-0.006000000000000	7.082545653881935
-0.005000000000000	12.634286953282384
-0.004000000000000	22.637430797447657
-0.003000000000000	31.601266524310638
-0.002000000000000	32.834688487991073
-0.001000000000000	25.701573685630340
0.000000000000000	24.241439446565966
0.001000000000000	22.341690444422497
0.002000000000000	13.576832901169556
0.003000000000000	10.171938485505752
0.004000000000000	9.706944095807696
0.005000000000000	11.944224106684752
0.006000000000000	13.430088509167758
0.007000000000000	2.690325523925610
0.008000000000000	2.179367342897801
0.009000000000000	1.856738999203044
0.010000000000000	1.071149803560133
0.011000000000000	1.886511384362718
0.012000000000000	0.635275479364633
0.013000000000000	0.345980304797943
0.014000000000000	0.267435771785619
0.015000000000000	0.831257402094190
0.016000000000000	0.565170948477328
0.017000000000000	0.422259999881328
0.018000000000000	0.394515598299185
0.019000000000000	0.412367971451702
0.020000000000000	0.478834185028892
0.021000000000000	0.206463371447656
0.022000000000000	0.000000000000000
0.023000000000000	0.000000000000000
0.024000000000000	0.000000000000000
0.025000000000000	0.000000000000000
