-0.025000000000000	0.000000000000000
-0.024000000000000	0.000000000000000
-0.023000000000000	0.000000000000000
-0.022000000000000	0.000000000000000
-0.021000000000000	0.000000000000000
-0.020000000000000	0.000000000000000
-0.019000000000000	0.000000000000000
-0.018000000000000	0.000000000000000
-0.017000000000000	0.146034178965567
-0.016000000000000	1.002850766629201
-0.015000000000000	0.508904115939711
-0.014000000000000	0.877988436881225
-0.013000000000000	0.847224171042731
-0.012000000000000	0.472064242444897
-0.011000000000000	0.161817790948116
-0.010000000000000	2.611610858897812
-0.009000000000000	3.243660109239223
-0.008000000000000	4.324117485017913
-0.007000000000000	8.480425325832384
-0.006000000000000	10.705983936956578
-0.005000000000000	12.799692396984224
-0.004000000000000	9.705761170541260
-0.003000000000000	8.644604939454712
-0.002000000000000	8.032915907167828
-0.001000000000000	8.321122529891447
0.000000000000000	7.813214955997345
0.001000000000000	10.953819858759880
0.002000000000000	13.854524799780014
0.003000000000000	13.704063315690885
0.004000000000000	5.165060835254244
0.005000000000000	3.497832820818490
0.006000000000000	3.922765845996028
0.007000000000000	3.656947518922760
0.008000000000000	2.727441455013330
0.009000000000000	3.229557335397371
0.010000000000000	3.337147298276820
0.011000000000000	3.268368415280344
0.012000000000000	1.227148452398626
0.013000000000000	1.411833550217428
0.014000000000000	1.180762684669721
0.015000000000000	1.577573048397634
0.016000000000000	0.896049189318970
0.017000000000000	0.242901329300104
0.018000000000000	0.814867462632682
0.019000000000000	0.756101180635543
0.020000000000000	0.509745904170599
0.021000000000000	0.171258321152596
0.022000000000000	0.000000000000000
0.023000000000000	0.000000000000000
0.024000000000000	0.000000000000000
0.025000000000000	0.000000000000000
