-0.025000000000000	0.000000000000000
-0.024000000000000	0.000000000000000
-0.023000000000000	0.000000000000000
-0.022000000000000	0.000000000000000
-0.021000000000000	0.000000000000000
-0.020000000000000	0.000000000000000
-0.019000000000000	0.000000000000000
-0.018000000000000	0.000000000000000
-0.017000000000000	0.000000000000000
-0.016000000000000	0.000000000000000
-0.015000000000000	0.000000000000000
-0.014000000000000	0.000000000000000
-0.013000000000000	0.000000000000000
-0.012000000000000	0.000000000000000
-0.011000000000000	0.000000000000000
-0.010000000000000	0.000000000000000
-0.009000000000000	0.611458215614239
-0.008000000000000	1.122673304699279
-0.007000000000000	1.285793352720001
-0.006000000000000	1.580169505183264
-0.005000000000000	1.561721949953649
-0.004000000000000	4.155944361324295
-0.003000000000000	14.247470127868265
-0.002000000000000	52.447460726344033
-0.001000000000000	50.880928527742377
0.000000000000000	31.128115424119954
0.001000000000000	30.486132619704680
0.002000000000000	27.336109376443897
0.003000000000000	14.922447670803431
0.004000000000000	1.861437969291934
0.005000000000000	1.262023280644039
0.006000000000000	0.861801764479064
0.007000000000000	0.921317785901596
0.008000000000000	0.695002611247653
0.009000000000000	0.944424021034435
0.010000000000000	0.841625728244809
0.011000000000000	0.648012434823251
0.012000000000000	0.460568774041210
0.013000000000000	0.408097767765142
0.014000000000000	0.669336466190254
0.015000000000000	0.588835981407452
0.016000000000000	0.494571540035815
0.017000000000000	0.481267463862936
0.018000000000000	0.344559722665944
0.019000000000000	0.358481674901109
0.020000000000000	0.491578737432624
0.021000000000000	0.192817449837781
0.022000000000000	0.000000000000000
0.023000000000000	0.000000000000000
0.024000000000000	0.000000000000000
0.025000000000000	0.000000000000000
