-0.025000000000000	0.000000000000000
-0.024000000000000	0.000000000000000
-0.023000000000000	0.000000000000000
-0.022000000000000	0.000000000000000
-0.021000000000000	0.000000000000000
-0.020000000000000	0.000000000000000
-0.019000000000000	0.000000000000000
-0.018000000000000	0.000000000000000
-0.017000000000000	1.375453145583571
-0.016000000000000	2.072204092705093
-0.015000000000000	1.617591069040563
-0.014000000000000	1.600997289456789
-0.013000000000000	1.497249271580286
-0.012000000000000	2.171392825746797
-0.011000000000000	6.347084261179075
-0.010000000000000	6.568908340918823
-0.009000000000000	7.783779092879716
-0.008000000000000	9.504847836887020
-0.007000000000000	12.729278402762594
-0.006000000000000	14.003259480387076
-0.005000000000000	18.668365171022913
-0.004000000000000	21.497467344743196
-0.003000000000000	17.072884667816712
-0.002000000000000	16.752569426344827
-0.001000000000000	14.525986777605047
0.000000000000000	12.773402345062703
0.001000000000000	12.398654525709683
0.002000000000000	9.378232318964091
0.003000000000000	8.606495595735215
0.004000000000000	7.664382346822883
0.005000000000000	6.577667184448139
0.006000000000000	5.407559077225895
0.007000000000000	3.978326648267175
0.008000000000000	5.506433430361458
0.009000000000000	6.371327901417783
0.010000000000000	4.784402599246464
0.011000000000000	7.713295064620560
0.012000000000000	7.394308104588358
0.013000000000000	6.241464239134885
0.014000000000000	5.262441651335921
0.015000000000000	3.403202172818733
0.016000000000000	3.906220153452857
0.017000000000000	2.412686006822421
0.018000000000000	1.945111134844608
0.019000000000000	1.219947805832882
0.020000000000000	0.629312273600872
0.021000000000000	0.078675721068463
0.022000000000000	0.000000000000000
0.023000000000000	0.000000000000000
0.024000000000000	0.000000000000000
0.025000000000000	0.000000000000000
