-0.025000000000000	0.000000000000000
-0.024000000000000	0.000000000000000
-0.023000000000000	0.000000000000000
-0.022000000000000	0.000000000000000
-0.021000000000000	0.000000000000000
-0.020000000000000	0.000000000000000
-0.019000000000000	0.000000000000000
-0.018000000000000	0.000000000000000
-0.017000000000000	0.000000000000000
-0.016000000000000	0.000000000000000
-0.015000000000000	0.000000000000000
-0.014000000000000	0.000000000000000
-0.013000000000000	0.000000000000000
-0.012000000000000	0.000000000000000
-0.011000000000000	0.000000000000000
-0.010000000000000	0.856748736143670
-0.009000000000000	2.286598646630399
-0.008000000000000	2.038258382108451
-0.007000000000000	3.021557633194660
-0.006000000000000	9.880867216723548
-0.005000000000000	18.525269893927312
-0.004000000000000	21.911099721859216
-0.003000000000000	20.294910225023951
-0.002000000000000	17.253115162981846
-0.001000000000000	13.748080203054345
0.000000000000000	13.594512449574417
0.001000000000000	12.026345127526319
0.002000000000000	10.324819913366062
0.003000000000000	10.993397356593810
0.004000000000000	12.382132664169971
0.005000000000000	13.736805427127228
0.006000000000000	13.696308501071806
0.007000000000000	3.434641460685912
0.008000000000000	0.566226850781103
0.009000000000000	0.964808078579063
0.010000000000000	0.525867562089024
0.011000000000000	1.094570061433548
0.012000000000000	0.831302959334509
0.013000000000000	0.462909882382147
0.014000000000000	0.298220025618516
0.015000000000000	0.620103441925225
0.016000000000000	0.669925969005363
0.017000000000000	1.032227351697045
0.018000000000000	0.204705619744036
0.019000000000000	0.384558655162457
0.020000000000000	0.946508298359110
0.021000000000000	0.227445731337166
0.022000000000000	0.045499088188439
0.023000000000000	0.000000000000000
0.024000000000000	0.000000000000000
0.025000000000000	0.000000000000000
