-0.025000000000000	0.000000000000000
-0.024000000000000	0.000000000000000
-0.023000000000000	0.000000000000000
-0.022000000000000	0.000000000000000
-0.021000000000000	0.000000000000000
-0.020000000000000	0.000000000000000
-0.019000000000000	0.000000000000000
-0.018000000000000	0.000000000000000
-0.017000000000000	0.000000000000000
-0.016000000000000	0.000000000000000
-0.015000000000000	0.000000000000000
-0.014000000000000	0.000000000000000
-0.013000000000000	0.000000000000000
-0.012000000000000	0.668592426674618
-0.011000000000000	1.346760555285483
-0.010000000000000	1.198363732009438
-0.009000000000000	1.685011337543773
-0.008000000000000	2.607212309453893
-0.007000000000000	6.047688630619224
-0.006000000000000	14.975062935046449
-0.005000000000000	23.040576823032573
-0.004000000000000	19.394395531006229
-0.003000000000000	13.977270942526172
-0.002000000000000	13.474617068708975
-0.001000000000000	11.864691105794481
0.000000000000000	7.544458231211956
0.001000000000000	7.590814636646254
0.002000000000000	7.012122528667382
0.003000000000000	5.833138282624682
0.004000000000000	5.265535008332781
0.005000000000000	3.937626223013080
0.006000000000000	4.956764604696540
0.007000000000000	4.297974597675000
0.008000000000000	4.335275923575641
0.009000000000000	3.596381445374221
0.010000000000000	3.125242186464669
0.011000000000000	5.163341082069269
0.012000000000000	4.810694923283636
0.013000000000000	3.771203405545702
0.014000000000000	3.998965748842236
0.015000000000000	1.354025485845114
0.016000000000000	0.000000000000000
0.017000000000000	0.000000000000000
0.018000000000000	0.000000000000000
0.019000000000000	0.000000000000000
0.020000000000000	0.000000000000000
0.021000000000000	0.000000000000000
0.022000000000000	0.000000000000000
0.023000000000000	0.000000000000000
0.024000000000000	0.000000000000000
0.025000000000000	0.000000000000000
