-0.025000000000000	0.000000000000000
-0.024000000000000	0.000000000000000
-0.023000000000000	0.000000000000000
-0.022000000000000	0.000000000000000
-0.021000000000000	0.000000000000000
-0.020000000000000	0.000000000000000
-0.019000000000000	0.000000000000000
-0.018000000000000	0.000000000000000
-0.017000000000000	0.000000000000000
-0.016000000000000	0.000000000000000
-0.015000000000000	0.000000000000000
-0.014000000000000	0.000000000000000
-0.013000000000000	0.000000000000000
-0.012000000000000	0.000000000000000
-0.011000000000000	0.000000000000000
-0.010000000000000	0.000000000000000
-0.009000000000000	0.257597587866172
-0.008000000000000	6.875914497416275
-0.007000000000000	13.143117212164148
-0.006000000000000	19.177435911383657
-0.005000000000000	22.892274637444107
-0.004000000000000	30.216685651872144
-0.003000000000000	26.827456837462222
-0.002000000000000	22.129616087625443
-0.001000000000000	16.957950479078526
0.000000000000000	15.612760995522148
0.001000000000000	15.367268388077472
0.002000000000000	16.839725415036064
0.003000000000000	11.424265782105888
0.004000000000000	4.441036328194492
0.005000000000000	4.428124970791344
0.006000000000000	4.859271539670101
0.007000000000000	3.624565571185529
0.008000000000000	4.573919068867155
0.009000000000000	5.047691947915134
0.010000000000000	6.020316093972796
0.011000000000000	7.168126325301855
0.012000000000000	8.483666815925279
0.013000000000000	5.051609758679395
0.014000000000000	4.331089536875125
0.015000000000000	1.086416098016624
0.016000000000000	0.000000000000000
0.017000000000000	0.000000000000000
0.018000000000000	0.000000000000000
0.019000000000000	0.000000000000000
0.020000000000000	0.000000000000000
0.021000000000000	0.000000000000000
0.022000000000000	0.000000000000000
0.023000000000000	0.000000000000000
0.024000000000000	0.000000000000000
0.025000000000000	0.000000000000000
