-0.025000000000000	0.000000000000000
-0.024000000000000	0.000000000000000
-0.023000000000000	0.000000000000000
-0.022000000000000	0.000000000000000
-0.021000000000000	0.000000000000000
-0.020000000000000	0.000000000000000
-0.019000000000000	0.000000000000000
-0.018000000000000	0.000000000000000
-0.017000000000000	0.000000000000000
-0.016000000000000	0.000000000000000
-0.015000000000000	0.777810643789228
-0.014000000000000	1.402607807856408
-0.013000000000000	0.887341148155428
-0.012000000000000	1.140950760903620
-0.011000000000000	1.040782961052436
-0.010000000000000	1.557900848652315
-0.009000000000000	2.137655940303010
-0.008000000000000	1.329549066307542
-0.007000000000000	5.507610658972134
-0.006000000000000	10.898142220932193
-0.005000000000000	16.551463546644751
-0.004000000000000	26.338844965170836
-0.003000000000000	28.810365973249265
-0.002000000000000	34.250895213503085
-0.001000000000000	31.503498360481469
0.000000000000000	32.101699823198473
0.001000000000000	27.556538110424711
0.002000000000000	15.559510789194414
0.003000000000000	14.536401217820497
0.004000000000000	9.607730972321070
0.005000000000000	13.182165204244034
0.006000000000000	12.989397642986130
0.007000000000000	7.595831643732747
0.008000000000000	5.488731298863372
0.009000000000000	3.863007348733962
0.010000000000000	2.279787096126503
0.011000000000000	2.563843328303061
0.012000000000000	2.019213561063887
0.013000000000000	2.346423974906348
0.014000000000000	1.039748517372767
0.015000000000000	0.878705766901820
0.016000000000000	0.933940637139258
0.017000000000000	0.708017763630300
0.018000000000000	0.791003632618264
0.019000000000000	0.081001042767606
0.020000000000000	0.000000000000000
0.021000000000000	0.000000000000000
0.022000000000000	0.000000000000000
0.023000000000000	0.000000000000000
0.024000000000000	0.000000000000000
0.025000000000000	0.000000000000000
