-0.025000000000000	0.000000000000000
-0.024000000000000	0.000000000000000
-0.023000000000000	0.000000000000000
-0.022000000000000	0.000000000000000
-0.021000000000000	0.000000000000000
-0.020000000000000	0.000000000000000
-0.019000000000000	0.547678027874323
-0.018000000000000	1.416916824994076
-0.017000000000000	0.878421512729042
-0.016000000000000	1.368342521560403
-0.015000000000000	1.242056357958760
-0.014000000000000	1.579536860111848
-0.013000000000000	1.425442845191110
-0.012000000000000	1.241337685023872
-0.011000000000000	2.589521858600924
-0.010000000000000	4.274373329435390
-0.009000000000000	4.867435478759401
-0.008000000000000	5.543227472012537
-0.007000000000000	7.858935324824592
-0.006000000000000	9.172836724567020
-0.005000000000000	14.978645838379613
-0.004000000000000	21.192441786333685
-0.003000000000000	26.915919937534746
-0.002000000000000	23.549060708126152
-0.001000000000000	17.401893024239357
0.000000000000000	15.933639778367750
0.001000000000000	13.881099488319082
0.002000000000000	14.379156204913702
0.003000000000000	17.935835060077409
0.004000000000000	20.999456152682630
0.005000000000000	15.756400372674413
0.006000000000000	6.506807559580983
0.007000000000000	4.352567593522587
0.008000000000000	3.871489542184071
0.009000000000000	3.236284999893452
0.010000000000000	3.454477571695115
0.011000000000000	3.705218740448863
0.012000000000000	2.754885380956718
0.013000000000000	1.768498794802974
0.014000000000000	1.620219655877046
0.015000000000000	2.408232764805391
0.016000000000000	5.941613296822832
0.017000000000000	1.708110331214062
0.018000000000000	0.314332718582634
0.019000000000000	0.438449350401219
0.020000000000000	0.015243719977778
0.021000000000000	0.000000000000000
0.022000000000000	0.000000000000000
0.023000000000000	0.000000000000000
0.024000000000000	0.000000000000000
0.025000000000000	0.000000000000000
