-0.025000000000000	0.000000000000000
-0.024000000000000	0.000000000000000
-0.023000000000000	0.000000000000000
-0.022000000000000	0.000000000000000
-0.021000000000000	0.000000000000000
-0.020000000000000	0.000000000000000
-0.019000000000000	0.000000000000000
-0.018000000000000	0.000000000000000
-0.017000000000000	0.000000000000000
-0.016000000000000	0.000000000000000
-0.015000000000000	0.000000000000000
-0.014000000000000	0.000000000000000
-0.013000000000000	0.000000000000000
-0.012000000000000	0.000000000000000
-0.011000000000000	0.000000000000000
-0.010000000000000	0.296632377465482
-0.009000000000000	1.958415345943342
-0.008000000000000	2.128462309979279
-0.007000000000000	7.782450363078263
-0.006000000000000	18.763526394434020
-0.005000000000000	27.506461724646520
-0.004000000000000	34.905392449978791
-0.003000000000000	38.180847756677231
-0.002000000000000	28.862100060980165
-0.001000000000000	19.906897677687496
0.000000000000000	16.458594950441544
0.001000000000000	11.495337371011757
0.002000000000000	9.704156503400799
0.003000000000000	8.219937710276223
0.004000000000000	8.025411514286469
0.005000000000000	7.263237044936458
0.006000000000000	6.721830329504207
0.007000000000000	7.548138093283219
0.008000000000000	6.286231493783188
0.009000000000000	6.102033026664473
0.010000000000000	4.988003461078793
0.011000000000000	5.493307381479300
0.012000000000000	4.601961117623910
0.013000000000000	4.299830755345027
0.014000000000000	5.434412081218412
0.015000000000000	0.861270546017978
0.016000000000000	0.421839256249783
0.017000000000000	0.505553741691696
0.018000000000000	0.583448447910422
0.019000000000000	0.515812680559113
0.020000000000000	0.248840828569754
0.021000000000000	0.000000000000000
0.022000000000000	0.000000000000000
0.023000000000000	0.000000000000000
0.024000000000000	0.000000000000000
0.025000000000000	0.000000000000000
