-0.025000000000000	0.000000000000000
-0.024000000000000	0.000000000000000
-0.023000000000000	0.000000000000000
-0.022000000000000	0.000000000000000
-0.021000000000000	0.000000000000000
-0.020000000000000	0.000000000000000
-0.019000000000000	0.000000000000000
-0.018000000000000	0.000000000000000
-0.017000000000000	0.000000000000000
-0.016000000000000	0.000000000000000
-0.015000000000000	0.000000000000000
-0.014000000000000	0.000000000000000
-0.013000000000000	0.000000000000000
-0.012000000000000	0.000000000000000
-0.011000000000000	0.000000000000000
-0.010000000000000	0.000000000000000
-0.009000000000000	0.000000000000000
-0.008000000000000	0.000000000000000
-0.007000000000000	0.811554344891968
-0.006000000000000	9.352169471836850
-0.005000000000000	19.251872689257301
-0.004000000000000	24.220225055542134
-0.003000000000000	32.599096495703726
-0.002000000000000	26.754969899516016
-0.001000000000000	22.735751219397503
0.000000000000000	22.088991182234885
0.001000000000000	14.766490792285206
0.002000000000000	10.021994328950655
0.003000000000000	7.618293705593907
0.004000000000000	10.433700583041633
0.005000000000000	11.379626023674206
0.006000000000000	13.064152423618014
0.007000000000000	12.054525652010499
0.008000000000000	6.675016315152566
0.009000000000000	0.412488545613146
0.010000000000000	0.558563146468729
0.011000000000000	0.521551154516563
0.012000000000000	0.632529999417741
0.013000000000000	0.575833088798392
0.014000000000000	0.162950501775938
0.015000000000000	0.538242268024674
0.016000000000000	0.466321152912347
0.017000000000000	0.270743417668544
0.018000000000000	0.063049952466699
0.019000000000000	0.000000000000000
0.020000000000000	0.000000000000000
0.021000000000000	0.000000000000000
0.022000000000000	0.000000000000000
0.023000000000000	0.000000000000000
0.024000000000000	0.000000000000000
0.025000000000000	0.000000000000000
