-0.025000000000000	0.000000000000000
-0.024000000000000	0.000000000000000
-0.023000000000000	0.000000000000000
-0.022000000000000	0.000000000000000
-0.021000000000000	0.000000000000000
-0.020000000000000	0.000000000000000
-0.019000000000000	0.000000000000000
-0.018000000000000	0.606081195351161
-0.017000000000000	1.559929116048478
-0.016000000000000	2.431776402308630
-0.015000000000000	2.182970204527908
-0.014000000000000	1.886832776899625
-0.013000000000000	4.298913696787503
-0.012000000000000	3.440086691275346
-0.011000000000000	3.693746045427821
-0.010000000000000	4.469497133659141
-0.009000000000000	7.646264565700386
-0.008000000000000	6.865129720154279
-0.007000000000000	7.546556817469941
-0.006000000000000	8.984408290394992
-0.005000000000000	10.501646773530531
-0.004000000000000	13.534964846713169
-0.003000000000000	19.122500540378844
-0.002000000000000	17.933358108846626
-0.001000000000000	18.668711569929116
0.000000000000000	24.200219404637735
0.001000000000000	21.978672116362780
0.002000000000000	18.910023685802944
0.003000000000000	14.112560125350795
0.004000000000000	10.169756957541020
0.005000000000000	6.450196288845948
0.006000000000000	5.765379940674255
0.007000000000000	6.054654343296256
0.008000000000000	5.433970963299404
0.009000000000000	4.980935716116401
0.010000000000000	3.970587675945122
0.011000000000000	4.093207195472050
0.012000000000000	4.182007216927292
0.013000000000000	2.172810612921610
0.014000000000000	2.660972619213404
0.015000000000000	3.352710286645065
0.016000000000000	6.644437006037119
0.017000000000000	1.882855086499603
0.018000000000000	0.101295911443546
0.019000000000000	0.756956733823333
0.020000000000000	0.556136794784305
0.021000000000000	0.463012106955883
0.022000000000000	0.030319166583424
0.023000000000000	0.000000000000000
0.024000000000000	0.000000000000000
0.025000000000000	0.000000000000000
