-0.025000000000000	0.000000000000000
-0.024000000000000	0.000000000000000
-0.023000000000000	0.000000000000000
-0.022000000000000	0.000000000000000
-0.021000000000000	0.000000000000000
-0.020000000000000	0.000000000000000
-0.019000000000000	0.000000000000000
-0.018000000000000	0.000000000000000
-0.017000000000000	0.000000000000000
-0.016000000000000	0.000000000000000
-0.015000000000000	0.000000000000000
-0.014000000000000	0.000000000000000
-0.013000000000000	0.000000000000000
-0.012000000000000	0.634249344876206
-0.011000000000000	1.145943688405970
-0.010000000000000	0.905894811446832
-0.009000000000000	0.973912164463150
-0.008000000000000	0.990322898114183
-0.007000000000000	3.189517120000693
-0.006000000000000	14.450792756787253
-0.005000000000000	20.976599742372677
-0.004000000000000	24.841478696445353
-0.003000000000000	23.019897959245942
-0.002000000000000	22.058191773356604
-0.001000000000000	20.321175769550393
0.000000000000000	16.103084817350648
0.001000000000000	10.652233968199376
0.002000000000000	8.582021153763513
0.003000000000000	9.163486885952885
0.004000000000000	8.881802005006339
0.005000000000000	9.120367301914140
0.006000000000000	9.416984480576408
0.007000000000000	12.143346106648359
0.008000000000000	7.135638105190963
0.009000000000000	3.106679615345415
0.010000000000000	1.753986136082914
0.011000000000000	1.541888950160445
0.012000000000000	1.181726853512953
0.013000000000000	1.529921842452668
0.014000000000000	0.844562162131281
0.015000000000000	0.628404626515590
0.016000000000000	0.899167461179258
0.017000000000000	0.340293362231135
0.018000000000000	0.555156640870328
0.019000000000000	0.502944118860198
0.020000000000000	0.071396891913155
0.021000000000000	0.000000000000000
0.022000000000000	0.000000000000000
0.023000000000000	0.000000000000000
0.024000000000000	0.000000000000000
0.025000000000000	0.000000000000000
