-0.025000000000000	0.000000000000000
-0.024000000000000	0.000000000000000
-0.023000000000000	0.000000000000000
-0.022000000000000	0.000000000000000
-0.021000000000000	0.000000000000000
-0.020000000000000	0.000000000000000
-0.019000000000000	0.000000000000000
-0.018000000000000	0.000000000000000
-0.017000000000000	0.000000000000000
-0.016000000000000	0.000000000000000
-0.015000000000000	0.000000000000000
-0.014000000000000	0.055229056771021
-0.013000000000000	0.481126258399198
-0.012000000000000	1.980658635622492
-0.011000000000000	2.545626877457797
-0.010000000000000	4.856049276930079
-0.009000000000000	6.302145834093562
-0.008000000000000	6.585472718412059
-0.007000000000000	5.727357216386040
-0.006000000000000	12.234871340486496
-0.005000000000000	19.910862332112888
-0.004000000000000	21.570579812015989
-0.003000000000000	25.684778323533340
-0.002000000000000	21.303888719126341
-0.001000000000000	21.693376598533124
0.000000000000000	19.095084732108919
0.001000000000000	11.806831366841392
0.002000000000000	13.149678230535454
0.003000000000000	10.686231923186698
0.004000000000000	12.850728789490372
0.005000000000000	12.917125889831379
0.006000000000000	14.903043895138117
0.007000000000000	6.659652394600927
0.008000000000000	4.916380838278343
0.009000000000000	4.250455687014753
0.010000000000000	4.713144130414251
0.011000000000000	5.731641111153868
0.012000000000000	3.757836675577220
0.013000000000000	5.311339320658209
0.014000000000000	2.075402297563044
0.015000000000000	0.157641048472213
0.016000000000000	0.000000000000000
0.017000000000000	0.000000000000000
0.018000000000000	0.000000000000000
0.019000000000000	0.000000000000000
0.020000000000000	0.000000000000000
0.021000000000000	0.000000000000000
0.022000000000000	0.000000000000000
0.023000000000000	0.000000000000000
0.024000000000000	0.000000000000000
0.025000000000000	0.000000000000000
