-0.025000000000000	0.000000000000000
-0.024000000000000	0.000000000000000
-0.023000000000000	0.000000000000000
-0.022000000000000	0.000000000000000
-0.021000000000000	0.000000000000000
-0.020000000000000	0.000000000000000
-0.019000000000000	0.000000000000000
-0.018000000000000	0.000000000000000
-0.017000000000000	0.000000000000000
-0.016000000000000	0.000000000000000
-0.015000000000000	0.000000000000000
-0.014000000000000	0.000000000000000
-0.013000000000000	0.000000000000000
-0.012000000000000	0.164470300515346
-0.011000000000000	1.319145973101372
-0.010000000000000	1.368025779658176
-0.009000000000000	1.357885449797215
-0.008000000000000	1.238099862465520
-0.007000000000000	5.786029813206819
-0.006000000000000	11.949467355742900
-0.005000000000000	17.065497369744897
-0.004000000000000	22.658496608127248
-0.003000000000000	24.512125617972725
-0.002000000000000	15.711257633202331
-0.001000000000000	10.988411367467529
0.000000000000000	8.875252193645721
0.001000000000000	9.455601919853997
0.002000000000000	6.017369220925655
0.003000000000000	5.900413560397178
0.004000000000000	5.800377197346233
0.005000000000000	4.437006481968320
0.006000000000000	3.500947262781182
0.007000000000000	2.608219589466987
0.008000000000000	1.652441780574735
0.009000000000000	1.642228070362078
0.010000000000000	2.206579853034895
0.011000000000000	1.710862494408293
0.012000000000000	1.516850413045373
0.013000000000000	2.094283960229655
0.014000000000000	2.374119478826053
0.015000000000000	5.679401806864778
0.016000000000000	4.349566061922697
0.017000000000000	1.148129540071156
0.018000000000000	0.401064424378313
0.019000000000000	0.183112986834582
0.020000000000000	0.000000000000000
0.021000000000000	0.000000000000000
0.022000000000000	0.000000000000000
0.023000000000000	0.000000000000000
0.024000000000000	0.000000000000000
0.025000000000000	0.000000000000000
