-0.025000000000000	0.000000000000000
-0.024000000000000	0.000000000000000
-0.023000000000000	0.000000000000000
-0.022000000000000	0.000000000000000
-0.021000000000000	0.000000000000000
-0.020000000000000	0.000000000000000
-0.019000000000000	0.000000000000000
-0.018000000000000	0.000000000000000
-0.017000000000000	0.000000000000000
-0.016000000000000	0.000000000000000
-0.015000000000000	0.000000000000000
-0.014000000000000	0.000000000000000
-0.013000000000000	0.000000000000000
-0.012000000000000	0.000000000000000
-0.011000000000000	0.862628031792020
-0.010000000000000	2.913611459848089
-0.009000000000000	3.236740579403851
-0.008000000000000	6.797185801019097
-0.007000000000000	11.593559875399210
-0.006000000000000	13.156524040400907
-0.005000000000000	15.534882543118846
-0.004000000000000	16.540607295587119
-0.003000000000000	15.038684914159301
-0.002000000000000	14.444933646045916
-0.001000000000000	11.307894897312654
0.000000000000000	9.313452447499554
0.001000000000000	9.982398916635701
0.002000000000000	12.085582727886017
0.003000000000000	12.611008587914963
0.004000000000000	12.629194145194274
0.005000000000000	4.287427004645116
0.006000000000000	2.264497749521275
0.007000000000000	2.856131998815367
0.008000000000000	2.366175780505167
0.009000000000000	3.462868785982726
0.010000000000000	2.781612288247062
0.011000000000000	4.032007610600347
0.012000000000000	3.706722392489801
0.013000000000000	2.827314152048769
0.014000000000000	2.449502653878585
0.015000000000000	1.859444873410767
0.016000000000000	1.496811240068464
0.017000000000000	0.775560988973429
0.018000000000000	0.820262455222990
0.019000000000000	0.460897367853843
0.020000000000000	0.277980835731757
0.021000000000000	0.006897627275334
0.022000000000000	0.000000000000000
0.023000000000000	0.000000000000000
0.024000000000000	0.000000000000000
0.025000000000000	0.000000000000000
