-0.025000000000000	0.000000000000000
-0.024000000000000	0.000000000000000
-0.023000000000000	0.000000000000000
-0.022000000000000	0.000000000000000
-0.021000000000000	0.000000000000000
-0.020000000000000	0.000000000000000
-0.019000000000000	0.000000000000000
-0.018000000000000	0.000000000000000
-0.017000000000000	0.000000000000000
-0.016000000000000	0.319823504583328
-0.015000000000000	1.152095161647557
-0.014000000000000	1.018034366876092
-0.013000000000000	1.176127196233072
-0.012000000000000	1.002434070339861
-0.011000000000000	1.784815194197158
-0.010000000000000	2.582766351457843
-0.009000000000000	2.828389895039759
-0.008000000000000	4.842219407833879
-0.007000000000000	5.294469037383828
-0.006000000000000	5.111254292629625
-0.005000000000000	5.929958925545287
-0.004000000000000	14.162455299909508
-0.003000000000000	21.724744573840436
-0.002000000000000	21.683179678855218
-0.001000000000000	23.211511876579937
0.000000000000000	22.731946276083573
0.001000000000000	23.504555543958947
0.002000000000000	13.539176882927498
0.003000000000000	7.272419467790298
0.004000000000000	4.840708264382627
0.005000000000000	5.367376463508985
0.006000000000000	4.067268434979937
0.007000000000000	3.108540216196291
0.008000000000000	2.418287783641630
0.009000000000000	1.399365992553221
0.010000000000000	2.711746886423759
0.011000000000000	2.143507034365070
0.012000000000000	1.442740195771054
0.013000000000000	1.404595573010017
0.014000000000000	1.143203000385572
0.015000000000000	1.650543008370340
0.016000000000000	1.901594765442846
0.017000000000000	1.434255081093371
0.018000000000000	0.738266209181071
0.019000000000000	1.253461166587063
0.020000000000000	1.617013120595333
0.021000000000000	0.400669240232869
0.022000000000000	0.097607215696685
0.023000000000000	0.000000000000000
0.024000000000000	0.000000000000000
0.025000000000000	0.000000000000000
