-0.025000000000000	0.000000000000000
-0.024000000000000	0.000000000000000
-0.023000000000000	0.000000000000000
-0.022000000000000	0.000000000000000
-0.021000000000000	0.000000000000000
-0.020000000000000	0.000000000000000
-0.019000000000000	0.000000000000000
-0.018000000000000	0.000000000000000
-0.017000000000000	0.000000000000000
-0.016000000000000	0.000000000000000
-0.015000000000000	0.000000000000000
-0.014000000000000	0.000000000000000
-0.013000000000000	0.000000000000000
-0.012000000000000	0.000000000000000
-0.011000000000000	0.004494882515814
-0.010000000000000	0.930911502498408
-0.009000000000000	1.607396371917217
-0.008000000000000	3.962756885382158
-0.007000000000000	9.061768126540828
-0.006000000000000	15.868730298455464
-0.005000000000000	20.301175977364355
-0.004000000000000	24.605378244803184
-0.003000000000000	22.171137418549115
-0.002000000000000	23.133434317336086
-0.001000000000000	22.718853466864033
0.000000000000000	21.350918660691701
0.001000000000000	19.496312008697327
0.002000000000000	11.987480049361622
0.003000000000000	7.120725635502906
0.004000000000000	5.149358854467259
0.005000000000000	6.184503399249063
0.006000000000000	6.872390429601990
0.007000000000000	10.051383479361295
0.008000000000000	8.991570819311075
0.009000000000000	5.867701523192727
0.010000000000000	3.911359116698928
0.011000000000000	4.503982097565864
0.012000000000000	2.488289586599229
0.013000000000000	0.984791832661531
0.014000000000000	0.476437306726114
0.015000000000000	0.453604237088765
0.016000000000000	0.584496063933912
0.017000000000000	0.549831183842480
0.018000000000000	0.776584602955538
0.019000000000000	0.319256227695160
0.020000000000000	0.642569788503672
0.021000000000000	0.156205062564650
0.022000000000000	0.000000000000000
0.023000000000000	0.000000000000000
0.024000000000000	0.000000000000000
0.025000000000000	0.000000000000000
