-0.025000000000000	0.000000000000000
-0.024000000000000	0.000000000000000
-0.023000000000000	0.000000000000000
-0.022000000000000	0.000000000000000
-0.021000000000000	0.000000000000000
-0.020000000000000	0.000000000000000
-0.019000000000000	0.000000000000000
-0.018000000000000	0.000000000000000
-0.017000000000000	0.000000000000000
-0.016000000000000	0.000000000000000
-0.015000000000000	0.000000000000000
-0.014000000000000	0.173981042346170
-0.013000000000000	1.198828576736019
-0.012000000000000	0.953873929061631
-0.011000000000000	2.650674531768452
-0.010000000000000	5.227472872443890
-0.009000000000000	6.486688489974002
-0.008000000000000	6.512572137818869
-0.007000000000000	8.195699914172030
-0.006000000000000	8.481557492917581
-0.005000000000000	9.904263026591488
-0.004000000000000	14.761404105512513
-0.003000000000000	19.253477192547710
-0.002000000000000	22.585806968105931
-0.001000000000000	16.078553332611865
0.000000000000000	11.530037305227097
0.001000000000000	7.339619888361043
0.002000000000000	6.890349392085155
0.003000000000000	5.299193114105387
0.004000000000000	4.776869325998198
0.005000000000000	5.086696952576765
0.006000000000000	3.966638693652684
0.007000000000000	3.712462027113341
0.008000000000000	3.361759097354365
0.009000000000000	2.811229423845518
0.010000000000000	2.527821331866715
0.011000000000000	2.087059881100263
0.012000000000000	2.953872081301035
0.013000000000000	2.613656497656439
0.014000000000000	2.337623683207594
0.015000000000000	2.565612360049452
0.016000000000000	5.559442947187086
0.017000000000000	4.234561873467757
0.018000000000000	1.423521590467706
0.019000000000000	0.000000000000000
0.020000000000000	0.000000000000000
0.021000000000000	0.000000000000000
0.022000000000000	0.000000000000000
0.023000000000000	0.000000000000000
0.024000000000000	0.000000000000000
0.025000000000000	0.000000000000000
