-0.025000000000000	0.000000000000000
-0.024000000000000	0.000000000000000
-0.023000000000000	0.000000000000000
-0.022000000000000	0.000000000000000
-0.021000000000000	0.000000000000000
-0.020000000000000	0.000000000000000
-0.019000000000000	0.000000000000000
-0.018000000000000	0.000000000000000
-0.017000000000000	0.040518743579807
-0.016000000000000	0.686111813713195
-0.015000000000000	0.776127534040198
-0.014000000000000	1.015380084133753
-0.013000000000000	0.990766780195250
-0.012000000000000	1.043657506040109
-0.011000000000000	2.146190120540268
-0.010000000000000	2.625448912563951
-0.009000000000000	2.859326771551288
-0.008000000000000	2.735573858622691
-0.007000000000000	4.109878176684377
-0.006000000000000	11.790231836232373
-0.005000000000000	26.149567723529316
-0.004000000000000	28.712171035920715
-0.003000000000000	28.653111705731856
-0.002000000000000	19.472117765107498
-0.001000000000000	17.820277227793099
0.000000000000000	11.102912618566721
0.001000000000000	11.008052683584923
0.002000000000000	9.268689099900294
0.003000000000000	5.930601464269230
0.004000000000000	4.715948159552926
0.005000000000000	3.909557058437348
0.006000000000000	4.424917686970546
0.007000000000000	4.386474818284200
0.008000000000000	3.606353578074698
0.009000000000000	3.490575974343866
0.010000000000000	4.019019837245724
0.011000000000000	4.665105114386971
0.012000000000000	5.248707063633520
0.013000000000000	2.657838841843999
0.014000000000000	1.855916616874423
0.015000000000000	2.518984327947047
0.016000000000000	6.935773480182155
0.017000000000000	3.726188744231547
0.018000000000000	0.614474715198408
0.019000000000000	0.321475532557943
0.020000000000000	0.016502559493395
0.021000000000000	0.000000000000000
0.022000000000000	0.000000000000000
0.023000000000000	0.000000000000000
0.024000000000000	0.000000000000000
0.025000000000000	0.000000000000000
