-0.025000000000000	0.000000000000000
-0.024000000000000	0.000000000000000
-0.023000000000000	0.000000000000000
-0.022000000000000	0.000000000000000
-0.021000000000000	0.000000000000000
-0.020000000000000	0.000000000000000
-0.019000000000000	0.000000000000000
-0.018000000000000	0.000000000000000
-0.017000000000000	0.000000000000000
-0.016000000000000	0.000000000000000
-0.015000000000000	0.000000000000000
-0.014000000000000	0.000000000000000
-0.013000000000000	0.000000000000000
-0.012000000000000	0.000000000000000
-0.011000000000000	0.939827690971542
-0.010000000000000	2.633190174849340
-0.009000000000000	3.218097924902683
-0.008000000000000	3.602065751198876
-0.007000000000000	4.331459756295773
-0.006000000000000	6.939413719831015
-0.005000000000000	11.039469700086293
-0.004000000000000	21.261544439870814
-0.003000000000000	21.269418033194285
-0.002000000000000	18.627816113748839
-0.001000000000000	18.971585105606188
0.000000000000000	18.479705897937428
0.001000000000000	16.200194241921277
0.002000000000000	11.613989182488186
0.003000000000000	9.287952223660968
0.004000000000000	9.051636148157833
0.005000000000000	9.944065956438255
0.006000000000000	11.129967706098263
0.007000000000000	4.290190235349385
0.008000000000000	1.872667080021750
0.009000000000000	1.389897763962358
0.010000000000000	1.345790231456877
0.011000000000000	0.795667210217166
0.012000000000000	1.140133266528100
0.013000000000000	1.530118434844874
0.014000000000000	0.998221243475784
0.015000000000000	1.687508461403499
0.016000000000000	2.196395142345858
0.017000000000000	1.102900895073526
0.018000000000000	0.000000000000000
0.019000000000000	0.000000000000000
0.020000000000000	0.000000000000000
0.021000000000000	0.000000000000000
0.022000000000000	0.000000000000000
0.023000000000000	0.000000000000000
0.024000000000000	0.000000000000000
0.025000000000000	0.000000000000000
