-0.025000000000000	0.000000000000000
-0.024000000000000	0.000000000000000
-0.023000000000000	0.000000000000000
-0.022000000000000	0.000000000000000
-0.021000000000000	0.000000000000000
-0.020000000000000	0.000000000000000
-0.019000000000000	0.000000000000000
-0.018000000000000	0.000000000000000
-0.017000000000000	0.000000000000000
-0.016000000000000	0.000000000000000
-0.015000000000000	0.000000000000000
-0.014000000000000	0.000000000000000
-0.013000000000000	0.000000000000000
-0.012000000000000	0.179159530275339
-0.011000000000000	2.574867019081838
-0.010000000000000	2.729173606675370
-0.009000000000000	3.057113699701580
-0.008000000000000	4.710960096738028
-0.007000000000000	11.288960039366772
-0.006000000000000	21.661974023980093
-0.005000000000000	29.925463892883904
-0.004000000000000	26.229999177485240
-0.003000000000000	24.961196015027955
-0.002000000000000	27.096880060949186
-0.001000000000000	25.578188176027552
0.000000000000000	26.115096869703859
0.001000000000000	22.364724583096702
0.002000000000000	13.659328655757088
0.003000000000000	7.241749015302571
0.004000000000000	7.746944558801033
0.005000000000000	6.188937188519637
0.006000000000000	8.766381091351274
0.007000000000000	10.980148123228670
0.008000000000000	9.710963731037033
0.009000000000000	5.593094547542484
0.010000000000000	5.048615955152433
0.011000000000000	5.403873858779606
0.012000000000000	2.777662703176008
0.013000000000000	1.216628031236939
0.014000000000000	1.356262447127320
0.015000000000000	2.960086669251877
0.016000000000000	5.116634782446351
0.017000000000000	1.923492475780011
0.018000000000000	0.816296351907637
0.019000000000000	0.000000000000000
0.020000000000000	0.000000000000000
0.021000000000000	0.000000000000000
0.022000000000000	0.000000000000000
0.023000000000000	0.000000000000000
0.024000000000000	0.000000000000000
0.025000000000000	0.000000000000000
