-0.025000000000000	0.000000000000000
-0.024000000000000	0.000000000000000
-0.023000000000000	0.000000000000000
-0.022000000000000	0.000000000000000
-0.021000000000000	0.000000000000000
-0.020000000000000	0.000000000000000
-0.019000000000000	0.000000000000000
-0.018000000000000	0.000000000000000
-0.017000000000000	0.000000000000000
-0.016000000000000	0.115917787074443
-0.015000000000000	0.770399980827911
-0.014000000000000	1.541926314005395
-0.013000000000000	1.964425336611739
-0.012000000000000	1.938453941526104
-0.011000000000000	3.800937039746892
-0.010000000000000	4.372989812887932
-0.009000000000000	4.966814414667513
-0.008000000000000	6.479773074523301
-0.007000000000000	8.686997683486338
-0.006000000000000	8.043455212928327
-0.005000000000000	13.577869017785483
-0.004000000000000	16.220809333917742
-0.003000000000000	14.919687323769661
-0.002000000000000	12.316062991278725
-0.001000000000000	14.078993025625362
0.000000000000000	17.011229369194069
0.001000000000000	14.042342446251073
0.002000000000000	16.919271237003233
0.003000000000000	17.089461290410156
0.004000000000000	16.499468382232031
0.005000000000000	11.697306968937379
0.006000000000000	4.177272635737271
0.007000000000000	4.288878103269183
0.008000000000000	3.051321129572878
0.009000000000000	2.686652868154143
0.010000000000000	1.401726096629629
0.011000000000000	1.907046210605271
0.012000000000000	1.878585024365474
0.013000000000000	1.581305284632722
0.014000000000000	2.483077486607501
0.015000000000000	3.902264179873160
0.016000000000000	4.187822916367902
0.017000000000000	1.480433683725116
0.018000000000000	0.159229561010610
0.019000000000000	0.000000000000000
0.020000000000000	0.000000000000000
0.021000000000000	0.000000000000000
0.022000000000000	0.000000000000000
0.023000000000000	0.000000000000000
0.024000000000000	0.000000000000000
0.025000000000000	0.000000000000000
