-0.025000000000000	0.000000000000000
-0.024000000000000	0.000000000000000
-0.023000000000000	0.000000000000000
-0.022000000000000	0.000000000000000
-0.021000000000000	0.000000000000000
-0.020000000000000	0.000000000000000
-0.019000000000000	0.000000000000000
-0.018000000000000	0.000000000000000
-0.017000000000000	0.000000000000000
-0.016000000000000	0.000000000000000
-0.015000000000000	0.000000000000000
-0.014000000000000	0.000000000000000
-0.013000000000000	0.000000000000000
-0.012000000000000	0.000000000000000
-0.011000000000000	0.000000000000000
-0.010000000000000	0.151093566733437
-0.009000000000000	1.084300965936565
-0.008000000000000	1.493763161010008
-0.007000000000000	1.756533256187469
-0.006000000000000	9.640588541198266
-0.005000000000000	14.667783966827823
-0.004000000000000	21.906388651580428
-0.003000000000000	41.987218907413229
-0.002000000000000	34.210132269794130
-0.001000000000000	29.890704560118092
0.000000000000000	23.406538000241831
0.001000000000000	15.114979228281598
0.002000000000000	6.483780492388362
0.003000000000000	3.699529153344232
0.004000000000000	2.763331959413931
0.005000000000000	2.819522760271207
0.006000000000000	2.140969188968044
0.007000000000000	2.037077871208473
0.008000000000000	2.001390940619157
0.009000000000000	2.089880174017845
0.010000000000000	2.375292027198608
0.011000000000000	1.807604384434679
0.012000000000000	1.751684443339679
0.013000000000000	1.894321385605747
0.014000000000000	2.291672631160909
0.015000000000000	2.467821905196217
0.016000000000000	5.850890195061824
0.017000000000000	2.848235667932989
0.018000000000000	1.418269804355638
0.019000000000000	0.341235058331397
0.020000000000000	0.579120368539754
0.021000000000000	0.391350219803623
0.022000000000000	0.000000000000000
0.023000000000000	0.000000000000000
0.024000000000000	0.000000000000000
0.025000000000000	0.000000000000000
