-0.025000000000000	0.000000000000000
-0.024000000000000	0.000000000000000
-0.023000000000000	0.000000000000000
-0.022000000000000	0.000000000000000
-0.021000000000000	0.000000000000000
-0.020000000000000	0.000000000000000
-0.019000000000000	0.000000000000000
-0.018000000000000	0.000000000000000
-0.017000000000000	0.000000000000000
-0.016000000000000	0.015096691582012
-0.015000000000000	0.502350196958101
-0.014000000000000	0.886926699805035
-0.013000000000000	0.835744117430177
-0.012000000000000	1.339570278922318
-0.011000000000000	0.775170636060615
-0.010000000000000	2.349712085153901
-0.009000000000000	2.651225202400996
-0.008000000000000	3.058051368444810
-0.007000000000000	6.569368987918140
-0.006000000000000	13.575431382586720
-0.005000000000000	19.269412650223082
-0.004000000000000	18.491510080821104
-0.003000000000000	24.818438752482276
-0.002000000000000	26.598312702900358
-0.001000000000000	23.898936135136744
0.000000000000000	20.131032686008819
0.001000000000000	18.299997188563683
0.002000000000000	19.485439679674567
0.003000000000000	7.508363414449721
0.004000000000000	4.134757730216927
0.005000000000000	3.303813584926225
0.006000000000000	3.121738694127767
0.007000000000000	4.130337349127923
0.008000000000000	3.439866142082997
0.009000000000000	2.933062115091294
0.010000000000000	2.887637325303606
0.011000000000000	3.649820808613546
0.012000000000000	2.977755512018853
0.013000000000000	3.050208760758789
0.014000000000000	4.806196904277862
0.015000000000000	4.502076172668275
0.016000000000000	4.151722253616167
0.017000000000000	0.959688045533678
0.018000000000000	0.202154165156360
0.019000000000000	0.000000000000000
0.020000000000000	0.000000000000000
0.021000000000000	0.000000000000000
0.022000000000000	0.000000000000000
0.023000000000000	0.000000000000000
0.024000000000000	0.000000000000000
0.025000000000000	0.000000000000000
