-0.025000000000000	0.000000000000000
-0.024000000000000	0.000000000000000
-0.023000000000000	0.000000000000000
-0.022000000000000	0.000000000000000
-0.021000000000000	0.000000000000000
-0.020000000000000	0.000000000000000
-0.019000000000000	0.085592642727100
-0.018000000000000	1.119510863670916
-0.017000000000000	1.090282421468929
-0.016000000000000	1.565920851399647
-0.015000000000000	1.745773166770348
-0.014000000000000	2.651491094744975
-0.013000000000000	1.798149072906190
-0.012000000000000	1.771639954872541
-0.011000000000000	3.016616315833999
-0.010000000000000	3.500092972071499
-0.009000000000000	4.506764065139243
-0.008000000000000	6.236235609339945
-0.007000000000000	12.014044793798352
-0.006000000000000	11.581003998565331
-0.005000000000000	11.503141148599516
-0.004000000000000	10.356085424949207
-0.003000000000000	11.027955409245742
-0.002000000000000	12.022653508648993
-0.001000000000000	12.938713145211258
0.000000000000000	11.081574871560250
0.001000000000000	10.651832568568596
0.002000000000000	12.719219274331477
0.003000000000000	12.950671548527193
0.004000000000000	13.240635770624715
0.005000000000000	8.339475560163258
0.006000000000000	8.747119919757949
0.007000000000000	8.143028400295673
0.008000000000000	5.027142041143921
0.009000000000000	4.302093866503022
0.010000000000000	3.759652514030372
0.011000000000000	4.977886447633131
0.012000000000000	3.840951939239484
0.013000000000000	4.320529166070513
0.014000000000000	2.234503820750175
0.015000000000000	0.905455710795240
0.016000000000000	0.904619934729163
0.017000000000000	0.424511796984646
0.018000000000000	0.686545050185410
0.019000000000000	0.676051281080008
0.020000000000000	0.337397920397613
0.021000000000000	0.009189239815823
0.022000000000000	0.000000000000000
0.023000000000000	0.000000000000000
0.024000000000000	0.000000000000000
0.025000000000000	0.000000000000000
