-0.025000000000000	0.000000000000000
-0.024000000000000	0.000000000000000
-0.023000000000000	0.000000000000000
-0.022000000000000	0.000000000000000
-0.021000000000000	0.000000000000000
-0.020000000000000	0.000000000000000
-0.019000000000000	0.000000000000000
-0.018000000000000	0.000000000000000
-0.017000000000000	0.000000000000000
-0.016000000000000	0.000000000000000
-0.015000000000000	0.512613591283709
-0.014000000000000	0.614072859368154
-0.013000000000000	1.169083189357952
-0.012000000000000	0.504912830880807
-0.011000000000000	2.784209454087616
-0.010000000000000	3.876251695493883
-0.009000000000000	3.639006130374310
-0.008000000000000	3.982956676233896
-0.007000000000000	6.876608349631000
-0.006000000000000	10.166519796082857
-0.005000000000000	13.353853967310386
-0.004000000000000	12.798950845333167
-0.003000000000000	12.907830130891352
-0.002000000000000	11.738380102984436
-0.001000000000000	9.103148034927603
0.000000000000000	8.979086145038275
0.001000000000000	9.363703812209399
0.002000000000000	8.779492951129393
0.003000000000000	9.040949807632742
0.004000000000000	9.194256008670774
0.005000000000000	12.651697976577667
0.006000000000000	12.292201147042050
0.007000000000000	5.042217211673887
0.008000000000000	1.732692147539639
0.009000000000000	1.784988656182264
0.010000000000000	1.331584120304455
0.011000000000000	2.214111258000394
0.012000000000000	1.677532541458576
0.013000000000000	1.365971578806221
0.014000000000000	1.273582580152827
0.015000000000000	1.001001962277364
0.016000000000000	1.279780504658601
0.017000000000000	0.616695975137329
0.018000000000000	1.004889147258676
0.019000000000000	0.844591146935192
0.020000000000000	0.188023991852304
0.021000000000000	0.000000000000000
0.022000000000000	0.000000000000000
0.023000000000000	0.000000000000000
0.024000000000000	0.000000000000000
0.025000000000000	0.000000000000000
