-0.025000000000000	0.000000000000000
-0.024000000000000	0.000000000000000
-0.023000000000000	0.000000000000000
-0.022000000000000	0.000000000000000
-0.021000000000000	0.000000000000000
-0.020000000000000	0.000000000000000
-0.019000000000000	0.580992818714909
-0.018000000000000	1.196289784136974
-0.017000000000000	0.669379234893538
-0.016000000000000	1.186386100788245
-0.015000000000000	0.724870137236178
-0.014000000000000	0.505601179760805
-0.013000000000000	0.538090347892492
-0.012000000000000	0.993255672982749
-0.011000000000000	2.164945041999925
-0.010000000000000	3.945170484461627
-0.009000000000000	5.723435461776807
-0.008000000000000	6.438262905852976
-0.007000000000000	6.177809117959773
-0.006000000000000	16.492434095351555
-0.005000000000000	22.484942460316240
-0.004000000000000	16.823725664493335
-0.003000000000000	18.790538672498979
-0.002000000000000	14.524395963159929
-0.001000000000000	12.960417876915686
0.000000000000000	15.742395994154368
0.001000000000000	12.385738267960049
0.002000000000000	13.192518343951541
0.003000000000000	12.078372532770601
0.004000000000000	13.899791268987604
0.005000000000000	17.983445969242812
0.006000000000000	13.340110232627250
0.007000000000000	6.425014558336018
0.008000000000000	4.909855847720147
0.009000000000000	4.427497391719072
0.010000000000000	4.374468192235978
0.011000000000000	6.548833250381992
0.012000000000000	7.038726658400530
0.013000000000000	1.384449640335669
0.014000000000000	0.613162969033340
0.015000000000000	0.340917580725793
0.016000000000000	0.805517964427041
0.017000000000000	0.465047862693338
0.018000000000000	0.519993535803910
0.019000000000000	0.079108234980325
0.020000000000000	0.000000000000000
0.021000000000000	0.000000000000000
0.022000000000000	0.000000000000000
0.023000000000000	0.000000000000000
0.024000000000000	0.000000000000000
0.025000000000000	0.000000000000000
