-0.025000000000000	0.000000000000000
-0.024000000000000	0.000000000000000
-0.023000000000000	0.000000000000000
-0.022000000000000	0.000000000000000
-0.021000000000000	0.000000000000000
-0.020000000000000	0.000000000000000
-0.019000000000000	0.000000000000000
-0.018000000000000	0.000000000000000
-0.017000000000000	0.000000000000000
-0.016000000000000	0.408520223266676
-0.015000000000000	1.041030689097361
-0.014000000000000	1.921089030857682
-0.013000000000000	1.070064809384136
-0.012000000000000	1.739257431783279
-0.011000000000000	2.807644813237250
-0.010000000000000	5.141280525630488
-0.009000000000000	7.138831624079502
-0.008000000000000	8.356151273897090
-0.007000000000000	10.749728378784946
-0.006000000000000	18.729384986211471
-0.005000000000000	20.959293150574467
-0.004000000000000	19.994753919634675
-0.003000000000000	18.567570294011247
-0.002000000000000	17.835141340204842
-0.001000000000000	19.200877715947129
0.000000000000000	19.482843846664775
0.001000000000000	10.976296432230383
0.002000000000000	7.174185047689620
0.003000000000000	6.286646230499696
0.004000000000000	5.050667153277100
0.005000000000000	5.564459131909429
0.006000000000000	6.220531947332153
0.007000000000000	5.262697029109082
0.008000000000000	3.780614896853183
0.009000000000000	4.478525659861975
0.010000000000000	4.800597089202344
0.011000000000000	4.926607122823693
0.012000000000000	5.797418912844221
0.013000000000000	7.141252653873516
0.014000000000000	10.507300111669977
0.015000000000000	6.934648287875704
0.016000000000000	1.219655428945859
0.017000000000000	0.245805274445597
0.018000000000000	0.274233617596654
0.019000000000000	0.000000000000000
0.020000000000000	0.000000000000000
0.021000000000000	0.000000000000000
0.022000000000000	0.000000000000000
0.023000000000000	0.000000000000000
0.024000000000000	0.000000000000000
0.025000000000000	0.000000000000000
