-0.025000000000000	0.000000000000000
-0.024000000000000	0.000000000000000
-0.023000000000000	0.000000000000000
-0.022000000000000	0.000000000000000
-0.021000000000000	0.000000000000000
-0.020000000000000	0.000000000000000
-0.019000000000000	0.000000000000000
-0.018000000000000	0.000000000000000
-0.017000000000000	0.000000000000000
-0.016000000000000	0.000000000000000
-0.015000000000000	0.000000000000000
-0.014000000000000	0.000000000000000
-0.013000000000000	0.000000000000000
-0.012000000000000	0.000000000000000
-0.011000000000000	1.323325338772401
-0.010000000000000	3.379532073046540
-0.009000000000000	4.148069585253372
-0.008000000000000	5.404162253796474
-0.007000000000000	7.772840607379699
-0.006000000000000	16.831310480101052
-0.005000000000000	16.198466370903386
-0.004000000000000	19.621632137362205
-0.003000000000000	23.850216279238818
-0.002000000000000	21.712951852395570
-0.001000000000000	21.469288365226522
0.000000000000000	19.424924144822381
0.001000000000000	24.748914842707904
0.002000000000000	20.774769084592521
0.003000000000000	14.123078006998121
0.004000000000000	15.164577154847617
0.005000000000000	19.003259130001457
0.006000000000000	13.482113037905942
0.007000000000000	1.615527261821045
0.008000000000000	1.956345240664546
0.009000000000000	1.818277934412259
0.010000000000000	2.270843035952960
0.011000000000000	1.115488964007465
0.012000000000000	1.512324794169530
0.013000000000000	1.628332567644770
0.014000000000000	3.148465542516160
0.015000000000000	4.420305468152215
0.016000000000000	0.244402889827597
0.017000000000000	0.000000000000000
0.018000000000000	0.000000000000000
0.019000000000000	0.000000000000000
0.020000000000000	0.000000000000000
0.021000000000000	0.000000000000000
0.022000000000000	0.000000000000000
0.023000000000000	0.000000000000000
0.024000000000000	0.000000000000000
0.025000000000000	0.000000000000000
