-0.025000000000000	0.000000000000000
-0.024000000000000	0.000000000000000
-0.023000000000000	0.000000000000000
-0.022000000000000	0.000000000000000
-0.021000000000000	0.000000000000000
-0.020000000000000	0.000000000000000
-0.019000000000000	0.000000000000000
-0.018000000000000	0.000000000000000
-0.017000000000000	0.000000000000000
-0.016000000000000	0.000000000000000
-0.015000000000000	0.000000000000000
-0.014000000000000	0.000000000000000
-0.013000000000000	0.000000000000000
-0.012000000000000	0.000000000000000
-0.011000000000000	0.000000000000000
-0.010000000000000	0.775131556649436
-0.009000000000000	1.320764554952035
-0.008000000000000	5.033375451121758
-0.007000000000000	11.559785990147066
-0.006000000000000	16.788427667974119
-0.005000000000000	17.687279313381762
-0.004000000000000	27.082873447421022
-0.003000000000000	29.339192116279801
-0.002000000000000	24.139816676164166
-0.001000000000000	20.442832060093004
0.000000000000000	19.761182060347227
0.001000000000000	8.420144261181754
0.002000000000000	6.984325064891503
0.003000000000000	6.386705115155368
0.004000000000000	4.334611815048707
0.005000000000000	4.067285672796968
0.006000000000000	4.539671503923127
0.007000000000000	4.703079606413743
0.008000000000000	3.656101278547699
0.009000000000000	4.502288858014598
0.010000000000000	4.810611053260714
0.011000000000000	4.860477869985700
0.012000000000000	7.397133055235630
0.013000000000000	7.057933278820720
0.014000000000000	2.849911776978976
0.015000000000000	0.357064262204800
0.016000000000000	0.939585122913660
0.017000000000000	0.485920431140958
0.018000000000000	0.438293753831125
0.019000000000000	0.409348896429842
0.020000000000000	0.673110248965839
0.021000000000000	0.309023104517988
0.022000000000000	0.000000000000000
0.023000000000000	0.000000000000000
0.024000000000000	0.000000000000000
0.025000000000000	0.000000000000000
