-0.025000000000000	0.000000000000000
-0.024000000000000	0.000000000000000
-0.023000000000000	0.000000000000000
-0.022000000000000	0.000000000000000
-0.021000000000000	0.000000000000000
-0.020000000000000	0.000000000000000
-0.019000000000000	0.000000000000000
-0.018000000000000	0.000000000000000
-0.017000000000000	0.000000000000000
-0.016000000000000	0.000000000000000
-0.015000000000000	0.000000000000000
-0.014000000000000	0.000000000000000
-0.013000000000000	0.000000000000000
-0.012000000000000	0.035527517955597
-0.011000000000000	1.840909193882696
-0.010000000000000	2.940442431718926
-0.009000000000000	2.483805195023732
-0.008000000000000	2.817982709058629
-0.007000000000000	2.681941812383505
-0.006000000000000	3.273852062587119
-0.005000000000000	4.624545824182751
-0.004000000000000	14.697366549641359
-0.003000000000000	22.905647650165950
-0.002000000000000	29.301480394742857
-0.001000000000000	28.354037965204480
0.000000000000000	25.525071988189548
0.001000000000000	20.856669400585339
0.002000000000000	14.060967538787747
0.003000000000000	9.277042905970255
0.004000000000000	7.949157131526368
0.005000000000000	5.940720746919062
0.006000000000000	4.218748731246828
0.007000000000000	2.867341777152397
0.008000000000000	2.602493925839418
0.009000000000000	2.383243617043926
0.010000000000000	1.981457797966323
0.011000000000000	1.339078044774799
0.012000000000000	1.464892210543951
0.013000000000000	1.390139757913898
0.014000000000000	1.265787336801490
0.015000000000000	1.511713287807124
0.016000000000000	1.644607645210737
0.017000000000000	0.577774260823842
0.018000000000000	0.000000000000000
0.019000000000000	0.000000000000000
0.020000000000000	0.000000000000000
0.021000000000000	0.000000000000000
0.022000000000000	0.000000000000000
0.023000000000000	0.000000000000000
0.024000000000000	0.000000000000000
0.025000000000000	0.000000000000000
