-0.025000000000000	0.000000000000000
-0.024000000000000	0.000000000000000
-0.023000000000000	0.000000000000000
-0.022000000000000	0.000000000000000
-0.021000000000000	0.000000000000000
-0.020000000000000	0.000000000000000
-0.019000000000000	0.000000000000000
-0.018000000000000	0.000000000000000
-0.017000000000000	0.442538077869992
-0.016000000000000	1.217545182319552
-0.015000000000000	1.625916632262128
-0.014000000000000	1.604070733070920
-0.013000000000000	1.929734611995403
-0.012000000000000	2.675861734655002
-0.011000000000000	1.597604929305653
-0.010000000000000	3.459263317829695
-0.009000000000000	4.169836373015499
-0.008000000000000	5.391209893134080
-0.007000000000000	6.192975640218296
-0.006000000000000	11.181776382507605
-0.005000000000000	20.529503288270313
-0.004000000000000	21.424280209054693
-0.003000000000000	19.786952573785939
-0.002000000000000	17.054349951230549
-0.001000000000000	14.505309318137492
0.000000000000000	13.299535671013340
0.001000000000000	9.680259789500187
0.002000000000000	7.726179111297838
0.003000000000000	6.676907195643555
0.004000000000000	7.009413246333803
0.005000000000000	8.074761388137311
0.006000000000000	6.611995569725273
0.007000000000000	6.439130300271719
0.008000000000000	6.045959525129204
0.009000000000000	5.244043301145839
0.010000000000000	5.882593471721276
0.011000000000000	5.678460211353369
0.012000000000000	5.131219815557763
0.013000000000000	5.101392618042297
0.014000000000000	3.214347215807801
0.015000000000000	0.710675705535739
0.016000000000000	0.883910727462835
0.017000000000000	0.667055105368943
0.018000000000000	0.435168383044218
0.019000000000000	0.729523800932450
0.020000000000000	0.655918691357143
0.021000000000000	0.509751503970636
0.022000000000000	0.067325766066585
0.023000000000000	0.000000000000000
0.024000000000000	0.000000000000000
0.025000000000000	0.000000000000000
