-0.025000000000000	0.000000000000000
-0.024000000000000	0.000000000000000
-0.023000000000000	0.000000000000000
-0.022000000000000	0.000000000000000
-0.021000000000000	0.000000000000000
-0.020000000000000	0.000000000000000
-0.019000000000000	0.000000000000000
-0.018000000000000	0.000000000000000
-0.017000000000000	0.000000000000000
-0.016000000000000	0.000000000000000
-0.015000000000000	0.000000000000000
-0.014000000000000	0.000000000000000
-0.013000000000000	0.000000000000000
-0.012000000000000	0.000000000000000
-0.011000000000000	0.000000000000000
-0.010000000000000	0.286892345253366
-0.009000000000000	1.120626367997684
-0.008000000000000	1.053757524815363
-0.007000000000000	1.179958017728380
-0.006000000000000	1.419315199848071
-0.005000000000000	1.907022456172627
-0.004000000000000	5.408541570188242
-0.003000000000000	12.204207044779865
-0.002000000000000	37.352585127660539
-0.001000000000000	45.565962059647887
0.000000000000000	42.509364393506985
0.001000000000000	39.997909984747928
0.002000000000000	25.514099247584173
0.003000000000000	10.396722101545048
0.004000000000000	3.635529528104698
0.005000000000000	2.602277555990931
0.006000000000000	0.715149399167911
0.007000000000000	0.309439773275723
0.008000000000000	1.245061473568865
0.009000000000000	1.166211997422298
0.010000000000000	0.471954054413912
0.011000000000000	0.709575011616016
0.012000000000000	0.570993240392359
0.013000000000000	0.696506352527066
0.014000000000000	0.275071626796766
0.015000000000000	0.570293546624990
0.016000000000000	0.527013488438672
0.017000000000000	0.125123298330388
0.018000000000000	0.000000000000000
0.019000000000000	0.000000000000000
0.020000000000000	0.000000000000000
0.021000000000000	0.000000000000000
0.022000000000000	0.000000000000000
0.023000000000000	0.000000000000000
0.024000000000000	0.000000000000000
0.025000000000000	0.000000000000000
