-0.025000000000000	0.000000000000000
-0.024000000000000	0.000000000000000
-0.023000000000000	0.000000000000000
-0.022000000000000	0.000000000000000
-0.021000000000000	0.000000000000000
-0.020000000000000	0.000000000000000
-0.019000000000000	0.000000000000000
-0.018000000000000	0.000000000000000
-0.017000000000000	0.000000000000000
-0.016000000000000	0.000000000000000
-0.015000000000000	0.000000000000000
-0.014000000000000	0.000000000000000
-0.013000000000000	0.000000000000000
-0.012000000000000	0.000000000000000
-0.011000000000000	0.799962818170318
-0.010000000000000	2.753088348772025
-0.009000000000000	4.942913881968426
-0.008000000000000	7.700618164791738
-0.007000000000000	11.459322133463868
-0.006000000000000	13.052181429153091
-0.005000000000000	13.264934714073755
-0.004000000000000	18.369028504486618
-0.003000000000000	33.401720921911902
-0.002000000000000	28.002007477347533
-0.001000000000000	27.205004046250664
0.000000000000000	25.082244766309522
0.001000000000000	24.566736659050541
0.002000000000000	26.753129690417623
0.003000000000000	9.763495774001324
0.004000000000000	4.565890459973645
0.005000000000000	4.555497740989152
0.006000000000000	4.857945675426202
0.007000000000000	4.172640261110141
0.008000000000000	6.851237884248275
0.009000000000000	5.374572298081476
0.010000000000000	5.079434515664913
0.011000000000000	5.414075890284506
0.012000000000000	5.025865033007753
0.013000000000000	4.287134877848072
0.014000000000000	3.424245994974180
0.015000000000000	1.623856593422461
0.016000000000000	0.562611434081915
0.017000000000000	0.188660525958596
0.018000000000000	0.000000000000000
0.019000000000000	0.000000000000000
0.020000000000000	0.000000000000000
0.021000000000000	0.000000000000000
0.022000000000000	0.000000000000000
0.023000000000000	0.000000000000000
0.024000000000000	0.000000000000000
0.025000000000000	0.000000000000000
