-0.025000000000000	0.000000000000000
-0.024000000000000	0.000000000000000
-0.023000000000000	0.000000000000000
-0.022000000000000	0.000000000000000
-0.021000000000000	0.000000000000000
-0.020000000000000	0.000000000000000
-0.019000000000000	0.000000000000000
-0.018000000000000	0.000000000000000
-0.017000000000000	0.000000000000000
-0.016000000000000	0.000000000000000
-0.015000000000000	0.000000000000000
-0.014000000000000	0.000000000000000
-0.013000000000000	0.000000000000000
-0.012000000000000	0.000000000000000
-0.011000000000000	0.386079005977802
-0.010000000000000	1.375765871307767
-0.009000000000000	1.210323794313964
-0.008000000000000	1.748798553440056
-0.007000000000000	3.997439921620309
-0.006000000000000	8.731948254455755
-0.005000000000000	16.887595913710804
-0.004000000000000	20.421927779224394
-0.003000000000000	26.418165349839136
-0.002000000000000	31.886053602182091
-0.001000000000000	27.452132715166538
0.000000000000000	20.064962582122860
0.001000000000000	12.087509670311267
0.002000000000000	14.033071704983659
0.003000000000000	12.916485375126637
0.004000000000000	11.932383126965137
0.005000000000000	13.400344874486697
0.006000000000000	13.059239689507214
0.007000000000000	9.986999660571742
0.008000000000000	3.892740628210129
0.009000000000000	1.515161029064703
0.010000000000000	0.661816303463596
0.011000000000000	0.419713328812891
0.012000000000000	0.109559564330123
0.013000000000000	1.074981877381550
0.014000000000000	0.685138330943923
0.015000000000000	0.421470343940575
0.016000000000000	0.177347295253626
0.017000000000000	0.358152937096389
0.018000000000000	0.829071196815870
0.019000000000000	0.246770311655956
0.020000000000000	0.196130062671945
0.021000000000000	0.000000000000000
0.022000000000000	0.000000000000000
0.023000000000000	0.000000000000000
0.024000000000000	0.000000000000000
0.025000000000000	0.000000000000000
