-0.025000000000000	0.000000000000000
-0.024000000000000	0.000000000000000
-0.023000000000000	0.000000000000000
-0.022000000000000	0.000000000000000
-0.021000000000000	0.000000000000000
-0.020000000000000	0.000000000000000
-0.019000000000000	0.000000000000000
-0.018000000000000	0.000000000000000
-0.017000000000000	0.000000000000000
-0.016000000000000	0.000000000000000
-0.015000000000000	0.000000000000000
-0.014000000000000	0.000000000000000
-0.013000000000000	0.000000000000000
-0.012000000000000	0.000000000000000
-0.011000000000000	0.655356963383839
-0.010000000000000	1.322274924819407
-0.009000000000000	1.637083387085459
-0.008000000000000	1.093320543845097
-0.007000000000000	2.707264128241571
-0.006000000000000	9.364813987330914
-0.005000000000000	15.432785744746328
-0.004000000000000	22.574699914176595
-0.003000000000000	29.897201461984313
-0.002000000000000	28.082182090582723
-0.001000000000000	23.985938259630633
0.000000000000000	19.881695936401034
0.001000000000000	12.591788074882697
0.002000000000000	9.360116787741937
0.003000000000000	6.583133594665523
0.004000000000000	4.173667556997420
0.005000000000000	3.860016499282230
0.006000000000000	3.181447637928165
0.007000000000000	2.237453041891090
0.008000000000000	1.664944292868501
0.009000000000000	2.069336287501353
0.010000000000000	1.788749386105316
0.011000000000000	1.907912365615725
0.012000000000000	1.611893936272762
0.013000000000000	1.709937463194893
0.014000000000000	1.992385801166115
0.015000000000000	3.190684048319709
0.016000000000000	7.194309552247405
0.017000000000000	1.184585921951555
0.018000000000000	0.510925635186994
0.019000000000000	0.162180461733749
0.020000000000000	0.000000000000000
0.021000000000000	0.000000000000000
0.022000000000000	0.000000000000000
0.023000000000000	0.000000000000000
0.024000000000000	0.000000000000000
0.025000000000000	0.000000000000000
