-0.025000000000000	0.000000000000000
-0.024000000000000	0.000000000000000
-0.023000000000000	0.000000000000000
-0.022000000000000	0.000000000000000
-0.021000000000000	0.000000000000000
-0.020000000000000	0.000000000000000
-0.019000000000000	0.000000000000000
-0.018000000000000	0.000000000000000
-0.017000000000000	0.000000000000000
-0.016000000000000	0.000000000000000
-0.015000000000000	0.000000000000000
-0.014000000000000	0.000000000000000
-0.013000000000000	0.000000000000000
-0.012000000000000	0.073004303203163
-0.011000000000000	2.210743032484079
-0.010000000000000	3.583061383314242
-0.009000000000000	3.271595491474157
-0.008000000000000	8.204654573926463
-0.007000000000000	15.269965777750592
-0.006000000000000	14.837559390856498
-0.005000000000000	18.025198299042369
-0.004000000000000	19.468433771605671
-0.003000000000000	18.669893118058745
-0.002000000000000	16.785171997664722
-0.001000000000000	19.611315691011942
0.000000000000000	23.290236343798803
0.001000000000000	20.503229615842621
0.002000000000000	13.785129253038411
0.003000000000000	6.270441117722326
0.004000000000000	4.800860617955017
0.005000000000000	5.273254199499557
0.006000000000000	4.898630296940995
0.007000000000000	8.894300801440844
0.008000000000000	9.142086927967970
0.009000000000000	4.947890266123494
0.010000000000000	4.591424535824596
0.011000000000000	4.519030971387487
0.012000000000000	3.200295273700957
0.013000000000000	1.462424813876675
0.014000000000000	1.646224638839329
0.015000000000000	4.508967621930049
0.016000000000000	2.861702864247198
0.017000000000000	1.006649016392582
0.018000000000000	0.039112133939705
0.019000000000000	0.000000000000000
0.020000000000000	0.000000000000000
0.021000000000000	0.000000000000000
0.022000000000000	0.000000000000000
0.023000000000000	0.000000000000000
0.024000000000000	0.000000000000000
0.025000000000000	0.000000000000000
