-0.025000000000000	0.000000000000000
-0.024000000000000	0.000000000000000
-0.023000000000000	0.000000000000000
-0.022000000000000	0.000000000000000
-0.021000000000000	0.000000000000000
-0.020000000000000	0.303403198218446
-0.019000000000000	1.860662380281655
-0.018000000000000	2.212872913981344
-0.017000000000000	1.967615334825241
-0.016000000000000	2.144759875372281
-0.015000000000000	1.327075146745472
-0.014000000000000	1.583877130396013
-0.013000000000000	1.161975195458131
-0.012000000000000	2.134561595254192
-0.011000000000000	1.324518231756156
-0.010000000000000	2.073613035910852
-0.009000000000000	2.581973899507638
-0.008000000000000	2.558685559017706
-0.007000000000000	3.020040039872954
-0.006000000000000	4.722847364912693
-0.005000000000000	10.194630687848656
-0.004000000000000	16.957212681388409
-0.003000000000000	37.960856643747263
-0.002000000000000	44.411372376436184
-0.001000000000000	38.790733866953950
0.000000000000000	26.392972809568601
0.001000000000000	16.344690173982688
0.002000000000000	8.686446017947091
0.003000000000000	6.230020351407715
0.004000000000000	6.374005143070773
0.005000000000000	5.679954231070784
0.006000000000000	6.343772258910732
0.007000000000000	4.698682010692524
0.008000000000000	6.548245220547564
0.009000000000000	6.706318495038436
0.010000000000000	5.663409094919150
0.011000000000000	5.933226242212287
0.012000000000000	7.855192920917561
0.013000000000000	5.978922553686826
0.014000000000000	2.716409681416636
0.015000000000000	2.291639520043422
0.016000000000000	1.356108260527480
0.017000000000000	0.833369315822518
0.018000000000000	0.546756131784503
0.019000000000000	0.573506196267968
0.020000000000000	0.292912034751880
0.021000000000000	0.000000000000000
0.022000000000000	0.000000000000000
0.023000000000000	0.000000000000000
0.024000000000000	0.000000000000000
0.025000000000000	0.000000000000000
