-0.025000000000000	0.000000000000000
-0.024000000000000	0.000000000000000
-0.023000000000000	0.000000000000000
-0.022000000000000	0.000000000000000
-0.021000000000000	0.000000000000000
-0.020000000000000	0.000000000000000
-0.019000000000000	0.320269392210090
-0.018000000000000	1.377207350177920
-0.017000000000000	1.145467319509841
-0.016000000000000	1.108552468354257
-0.015000000000000	0.684821258976939
-0.014000000000000	0.936382250129520
-0.013000000000000	0.585730953027488
-0.012000000000000	0.863045746756880
-0.011000000000000	1.050822561615054
-0.010000000000000	1.885200860171476
-0.009000000000000	3.717630899912102
-0.008000000000000	3.044474496432693
-0.007000000000000	3.919620385366983
-0.006000000000000	5.487610586363375
-0.005000000000000	5.203613300046230
-0.004000000000000	12.391593884294096
-0.003000000000000	19.126630696792631
-0.002000000000000	25.886071189921406
-0.001000000000000	24.520193054506777
0.000000000000000	17.928762062952096
0.001000000000000	13.961968672314718
0.002000000000000	9.572229517734954
0.003000000000000	7.803882039952058
0.004000000000000	8.195360579558688
0.005000000000000	6.162681567164376
0.006000000000000	3.934903516507439
0.007000000000000	4.547811889300748
0.008000000000000	3.036356011653765
0.009000000000000	4.526209809986436
0.010000000000000	3.609755601482213
0.011000000000000	2.121204190482495
0.012000000000000	1.280847168596841
0.013000000000000	2.432508564717991
0.014000000000000	1.712455480900487
0.015000000000000	1.864148689305146
0.016000000000000	1.782857357197894
0.017000000000000	0.422144486890156
0.018000000000000	0.574876701030336
0.019000000000000	0.518618032010401
0.020000000000000	0.405009579403238
0.021000000000000	0.143316429350710
0.022000000000000	0.000000000000000
0.023000000000000	0.000000000000000
0.024000000000000	0.000000000000000
0.025000000000000	0.000000000000000
