-0.025000000000000	0.000000000000000
-0.024000000000000	0.000000000000000
-0.023000000000000	0.000000000000000
-0.022000000000000	0.000000000000000
-0.021000000000000	0.000000000000000
-0.020000000000000	0.000000000000000
-0.019000000000000	0.000000000000000
-0.018000000000000	0.000000000000000
-0.017000000000000	0.000000000000000
-0.016000000000000	0.000000000000000
-0.015000000000000	0.000000000000000
-0.014000000000000	0.000000000000000
-0.013000000000000	0.000000000000000
-0.012000000000000	0.000000000000000
-0.011000000000000	0.176199890155069
-0.010000000000000	1.289243531520052
-0.009000000000000	1.220872407859887
-0.008000000000000	1.269514250356537
-0.007000000000000	1.569493008917295
-0.006000000000000	9.566780484946745
-0.005000000000000	22.161520385791249
-0.004000000000000	26.661288983548797
-0.003000000000000	27.620980111586729
-0.002000000000000	34.435581436445204
-0.001000000000000	27.778335178090217
0.000000000000000	25.802369893746228
0.001000000000000	19.361670471568843
0.002000000000000	15.622275550639444
0.003000000000000	14.137465530231164
0.004000000000000	15.336954674585401
0.005000000000000	13.783984739586545
0.006000000000000	12.910404597611985
0.007000000000000	3.964232012133104
0.008000000000000	3.838290658342975
0.009000000000000	2.711724006165281
0.010000000000000	2.226658632454856
0.011000000000000	1.216662202487368
0.012000000000000	0.926748559780585
0.013000000000000	1.092036835910872
0.014000000000000	0.909023359030729
0.015000000000000	0.353585600677694
0.016000000000000	0.025216084550068
0.017000000000000	0.707474584318130
0.018000000000000	0.590617430369268
0.019000000000000	0.441638471893844
0.020000000000000	0.362426743562111
0.021000000000000	0.092059604753261
0.022000000000000	0.000000000000000
0.023000000000000	0.000000000000000
0.024000000000000	0.000000000000000
0.025000000000000	0.000000000000000
