-0.025000000000000	0.000000000000000
-0.024000000000000	0.000000000000000
-0.023000000000000	0.000000000000000
-0.022000000000000	0.000000000000000
-0.021000000000000	0.000000000000000
-0.020000000000000	0.000000000000000
-0.019000000000000	0.000000000000000
-0.018000000000000	0.000000000000000
-0.017000000000000	0.000000000000000
-0.016000000000000	0.000000000000000
-0.015000000000000	0.000000000000000
-0.014000000000000	0.000000000000000
-0.013000000000000	0.000000000000000
-0.012000000000000	0.000000000000000
-0.011000000000000	0.000000000000000
-0.010000000000000	0.000000000000000
-0.009000000000000	0.000000000000000
-0.008000000000000	0.214872269596659
-0.007000000000000	2.693088540013194
-0.006000000000000	10.419588596239308
-0.005000000000000	21.646243124035966
-0.004000000000000	23.684236485015720
-0.003000000000000	26.263703065159838
-0.002000000000000	31.598115128400998
-0.001000000000000	27.652018682783734
0.000000000000000	30.159602245792215
0.001000000000000	16.671382379602740
0.002000000000000	10.028952534958336
0.003000000000000	8.653431096431067
0.004000000000000	9.889017207291774
0.005000000000000	10.318480508045546
0.006000000000000	12.678593144497896
0.007000000000000	16.078782255119624
0.008000000000000	6.497557251998778
0.009000000000000	0.822270751508367
0.010000000000000	0.247823533224940
0.011000000000000	0.556255301721860
0.012000000000000	0.733784700445020
0.013000000000000	0.320399721059481
0.014000000000000	0.499012122941176
0.015000000000000	0.520150740575268
0.016000000000000	0.226886820738937
0.017000000000000	0.492157720340684
0.018000000000000	0.077686955628309
0.019000000000000	0.000000000000000
0.020000000000000	0.000000000000000
0.021000000000000	0.000000000000000
0.022000000000000	0.000000000000000
0.023000000000000	0.000000000000000
0.024000000000000	0.000000000000000
0.025000000000000	0.000000000000000
