-0.025000000000000	0.000000000000000
-0.024000000000000	0.000000000000000
-0.023000000000000	0.000000000000000
-0.022000000000000	0.000000000000000
-0.021000000000000	0.000000000000000
-0.020000000000000	0.000000000000000
-0.019000000000000	0.000000000000000
-0.018000000000000	0.000000000000000
-0.017000000000000	0.000000000000000
-0.016000000000000	0.000000000000000
-0.015000000000000	0.000000000000000
-0.014000000000000	0.000000000000000
-0.013000000000000	0.633860082144794
-0.012000000000000	1.282455088211517
-0.011000000000000	1.263270094581391
-0.010000000000000	1.659314567245366
-0.009000000000000	3.039892178800521
-0.008000000000000	3.532797099859515
-0.007000000000000	4.899641676617299
-0.006000000000000	6.574708087344569
-0.005000000000000	15.126501279780509
-0.004000000000000	18.810369673626465
-0.003000000000000	18.174420990819289
-0.002000000000000	15.883312232833699
-0.001000000000000	15.721845027884028
0.000000000000000	12.177771910342663
0.001000000000000	9.032169124588943
0.002000000000000	7.752369179095076
0.003000000000000	7.014176457532493
0.004000000000000	8.127663740904788
0.005000000000000	7.348552970003828
0.006000000000000	10.733349138020127
0.007000000000000	10.867326519723377
0.008000000000000	4.138812521080938
0.009000000000000	1.713534353980571
0.010000000000000	1.502064110076538
0.011000000000000	1.015819684146836
0.012000000000000	0.425440081794285
0.013000000000000	0.657457193887501
0.014000000000000	0.704446362195259
0.015000000000000	0.818083757115797
0.016000000000000	0.544674544027830
0.017000000000000	0.558407342721309
0.018000000000000	0.635318207953717
0.019000000000000	0.805943356683043
0.020000000000000	0.513289824079688
0.021000000000000	0.610158618268779
0.022000000000000	0.000000000000000
0.023000000000000	0.000000000000000
0.024000000000000	0.000000000000000
0.025000000000000	0.000000000000000
