-0.025000000000000	0.000000000000000
-0.024000000000000	0.000000000000000
-0.023000000000000	0.000000000000000
-0.022000000000000	0.000000000000000
-0.021000000000000	0.000000000000000
-0.020000000000000	0.000000000000000
-0.019000000000000	0.000000000000000
-0.018000000000000	0.118342787724459
-0.017000000000000	1.072369630270227
-0.016000000000000	1.016919518775871
-0.015000000000000	1.253579669317422
-0.014000000000000	0.522012930306607
-0.013000000000000	1.221118873869685
-0.012000000000000	0.881811959218483
-0.011000000000000	0.843816594496925
-0.010000000000000	1.395794566290177
-0.009000000000000	2.180860349531322
-0.008000000000000	3.440695073643655
-0.007000000000000	5.680859613119394
-0.006000000000000	9.351418652356383
-0.005000000000000	10.523080357244474
-0.004000000000000	8.370154646460449
-0.003000000000000	13.598602879083598
-0.002000000000000	22.491096143134325
-0.001000000000000	25.594725571190473
0.000000000000000	26.619236870457197
0.001000000000000	22.972077077445366
0.002000000000000	17.241993567744952
0.003000000000000	9.054174676152359
0.004000000000000	9.764363157538458
0.005000000000000	10.609941510851941
0.006000000000000	10.595050981265258
0.007000000000000	3.936021432676731
0.008000000000000	1.742419343488163
0.009000000000000	2.531059912668384
0.010000000000000	2.351418220050219
0.011000000000000	1.942194354072970
0.012000000000000	2.698748015571288
0.013000000000000	0.726922139863148
0.014000000000000	0.125396397124170
0.015000000000000	0.675732636025350
0.016000000000000	0.413830438855617
0.017000000000000	0.840704005103569
0.018000000000000	0.485488037900568
0.019000000000000	0.353063205615474
0.020000000000000	0.531826157166294
0.021000000000000	0.071291517756597
0.022000000000000	0.000000000000000
0.023000000000000	0.000000000000000
0.024000000000000	0.000000000000000
0.025000000000000	0.000000000000000
