-0.025000000000000	0.000000000000000
-0.024000000000000	0.000000000000000
-0.023000000000000	0.000000000000000
-0.022000000000000	0.000000000000000
-0.021000000000000	0.000000000000000
-0.020000000000000	0.000000000000000
-0.019000000000000	0.000000000000000
-0.018000000000000	0.000000000000000
-0.017000000000000	0.267423116004506
-0.016000000000000	1.683202391859441
-0.015000000000000	1.496607982519244
-0.014000000000000	1.169394708928103
-0.013000000000000	1.181025423276687
-0.012000000000000	1.011746958903266
-0.011000000000000	1.187804302162414
-0.010000000000000	1.018916164033106
-0.009000000000000	2.156927985397352
-0.008000000000000	4.521955003583709
-0.007000000000000	4.656543248488616
-0.006000000000000	3.536134137849896
-0.005000000000000	3.065338642040165
-0.004000000000000	8.114165693061073
-0.003000000000000	21.557142201537953
-0.002000000000000	39.728920683147194
-0.001000000000000	46.331231664369149
0.000000000000000	44.971284870188825
0.001000000000000	35.554773314182114
0.002000000000000	21.830897489759764
0.003000000000000	9.355091757402302
0.004000000000000	7.879879940039351
0.005000000000000	7.133694493840606
0.006000000000000	5.232400271425044
0.007000000000000	2.981043484336748
0.008000000000000	2.779071857281099
0.009000000000000	2.365874722983512
0.010000000000000	1.928684603338453
0.011000000000000	2.092476281232742
0.012000000000000	1.655448333045087
0.013000000000000	1.509240975086599
0.014000000000000	1.578723807476678
0.015000000000000	1.361410589806056
0.016000000000000	1.063137474703811
0.017000000000000	0.760714613215619
0.018000000000000	1.131667858937123
0.019000000000000	0.638526398421720
0.020000000000000	0.677739309614101
0.021000000000000	0.008108980401073
0.022000000000000	0.000000000000000
0.023000000000000	0.000000000000000
0.024000000000000	0.000000000000000
0.025000000000000	0.000000000000000
