-0.025000000000000	0.000000000000000
-0.024000000000000	0.000000000000000
-0.023000000000000	0.000000000000000
-0.022000000000000	0.000000000000000
-0.021000000000000	0.000000000000000
-0.020000000000000	0.000000000000000
-0.019000000000000	0.000000000000000
-0.018000000000000	0.000000000000000
-0.017000000000000	0.000000000000000
-0.016000000000000	0.000000000000000
-0.015000000000000	0.000000000000000
-0.014000000000000	0.000000000000000
-0.013000000000000	0.000000000000000
-0.012000000000000	0.000000000000000
-0.011000000000000	0.427487963997243
-0.010000000000000	1.537312027416129
-0.009000000000000	0.852671253059767
-0.008000000000000	2.322902984660104
-0.007000000000000	2.679968317906187
-0.006000000000000	2.951717654249292
-0.005000000000000	11.527763618137856
-0.004000000000000	20.986825681690618
-0.003000000000000	30.950002035759255
-0.002000000000000	32.057061290921169
-0.001000000000000	24.534026504392720
0.000000000000000	19.657575935590295
0.001000000000000	10.366349493181319
0.002000000000000	8.250287570147611
0.003000000000000	6.857190624161722
0.004000000000000	7.163005305778867
0.005000000000000	7.458998257120447
0.006000000000000	9.413690172998605
0.007000000000000	10.463882013774741
0.008000000000000	7.981150344303207
0.009000000000000	1.845639815941843
0.010000000000000	1.176673590542574
0.011000000000000	0.628463941855056
0.012000000000000	0.257526015923752
0.013000000000000	0.493391075648490
0.014000000000000	0.815496574117873
0.015000000000000	0.597427663333668
0.016000000000000	0.238127526910952
0.017000000000000	0.119805770143499
0.018000000000000	0.901182005368441
0.019000000000000	0.299292900395329
0.020000000000000	0.209366484812375
0.021000000000000	0.003232974738567
0.022000000000000	0.000000000000000
0.023000000000000	0.000000000000000
0.024000000000000	0.000000000000000
0.025000000000000	0.000000000000000
