-0.025000000000000	0.000000000000000
-0.024000000000000	0.000000000000000
-0.023000000000000	0.000000000000000
-0.022000000000000	0.000000000000000
-0.021000000000000	0.000000000000000
-0.020000000000000	0.000000000000000
-0.019000000000000	0.000000000000000
-0.018000000000000	0.000000000000000
-0.017000000000000	0.000000000000000
-0.016000000000000	0.000000000000000
-0.015000000000000	0.000000000000000
-0.014000000000000	0.000000000000000
-0.013000000000000	0.000000000000000
-0.012000000000000	0.000000000000000
-0.011000000000000	0.044255693528315
-0.010000000000000	1.778064298920777
-0.009000000000000	2.848048862438118
-0.008000000000000	2.560409850230839
-0.007000000000000	7.081004909274495
-0.006000000000000	19.329871283967741
-0.005000000000000	29.347955758916875
-0.004000000000000	27.105304331414914
-0.003000000000000	27.714734703518129
-0.002000000000000	22.305537142658718
-0.001000000000000	15.649478773132488
0.000000000000000	11.660355584086545
0.001000000000000	11.333216991734339
0.002000000000000	8.926900535427588
0.003000000000000	10.627475941895545
0.004000000000000	13.029021072679628
0.005000000000000	14.500621782886112
0.006000000000000	6.804420801350832
0.007000000000000	3.766456211164305
0.008000000000000	3.777906341503112
0.009000000000000	3.995985104887118
0.010000000000000	3.372431802603633
0.011000000000000	2.732674458645405
0.012000000000000	1.812235265673528
0.013000000000000	3.168626768207059
0.014000000000000	3.348357018546825
0.015000000000000	4.398098638826787
0.016000000000000	1.905919050600220
0.017000000000000	1.434930177009068
0.018000000000000	0.524201018601276
0.019000000000000	0.282082367750349
0.020000000000000	0.041497328386521
0.021000000000000	0.000000000000000
0.022000000000000	0.000000000000000
0.023000000000000	0.000000000000000
0.024000000000000	0.000000000000000
0.025000000000000	0.000000000000000
