-0.025000000000000	0.000000000000000
-0.024000000000000	0.000000000000000
-0.023000000000000	0.000000000000000
-0.022000000000000	0.000000000000000
-0.021000000000000	0.000000000000000
-0.020000000000000	0.000000000000000
-0.019000000000000	0.000000000000000
-0.018000000000000	0.000000000000000
-0.017000000000000	0.000000000000000
-0.016000000000000	0.000000000000000
-0.015000000000000	0.288367444093638
-0.014000000000000	0.992192640898394
-0.013000000000000	0.975024434112055
-0.012000000000000	1.044466546734977
-0.011000000000000	0.748051116101458
-0.010000000000000	1.523075114180729
-0.009000000000000	2.342580523462559
-0.008000000000000	1.835738474156783
-0.007000000000000	2.403432555013403
-0.006000000000000	1.897914638925947
-0.005000000000000	10.265923706178194
-0.004000000000000	23.820623978316881
-0.003000000000000	26.860645049562290
-0.002000000000000	27.887069245577980
-0.001000000000000	25.760945609631275
0.000000000000000	23.994798061979996
0.001000000000000	17.677387267953272
0.002000000000000	10.613208444608043
0.003000000000000	9.121460640854270
0.004000000000000	8.490422237570266
0.005000000000000	7.130006045878681
0.006000000000000	9.895115177227661
0.007000000000000	5.697623296340645
0.008000000000000	1.990204663461391
0.009000000000000	1.872374082436586
0.010000000000000	1.651868314770541
0.011000000000000	1.407862509777868
0.012000000000000	1.894913555294349
0.013000000000000	1.773371825537253
0.014000000000000	1.941601053734065
0.015000000000000	1.799314298957714
0.016000000000000	0.479786543662572
0.017000000000000	0.696591302005034
0.018000000000000	0.388316692926335
0.019000000000000	0.286848182816917
0.020000000000000	0.368328591007447
0.021000000000000	0.005967134064520
0.022000000000000	0.000000000000000
0.023000000000000	0.000000000000000
0.024000000000000	0.000000000000000
0.025000000000000	0.000000000000000
