-0.025000000000000	0.000000000000000
-0.024000000000000	0.000000000000000
-0.023000000000000	0.000000000000000
-0.022000000000000	0.000000000000000
-0.021000000000000	0.000000000000000
-0.020000000000000	0.000000000000000
-0.019000000000000	0.000000000000000
-0.018000000000000	0.000000000000000
-0.017000000000000	0.354485441554704
-0.016000000000000	1.002361733354970
-0.015000000000000	1.144501609447679
-0.014000000000000	0.718081872293657
-0.013000000000000	1.303515148256349
-0.012000000000000	0.658074468163209
-0.011000000000000	0.805456949022864
-0.010000000000000	1.274810043459698
-0.009000000000000	0.563016330257402
-0.008000000000000	1.193662924183702
-0.007000000000000	1.456988802812966
-0.006000000000000	2.992768180316753
-0.005000000000000	10.395086724863283
-0.004000000000000	21.903149645390172
-0.003000000000000	27.447230484771133
-0.002000000000000	27.153830612777760
-0.001000000000000	29.272617706744054
0.000000000000000	22.492483604475481
0.001000000000000	16.997756904093258
0.002000000000000	9.146319565457572
0.003000000000000	6.955380024678410
0.004000000000000	7.654229246291155
0.005000000000000	9.894887522510807
0.006000000000000	11.488585052511450
0.007000000000000	9.512960044832875
0.008000000000000	3.637703551062939
0.009000000000000	2.251069242157376
0.010000000000000	2.060188636463641
0.011000000000000	2.154857833369774
0.012000000000000	2.691591581258967
0.013000000000000	1.622829366456235
0.014000000000000	0.492475354524874
0.015000000000000	0.637565477960868
0.016000000000000	0.237590099148937
0.017000000000000	0.114645848294170
0.018000000000000	0.000000000000000
0.019000000000000	0.000000000000000
0.020000000000000	0.000000000000000
0.021000000000000	0.000000000000000
0.022000000000000	0.000000000000000
0.023000000000000	0.000000000000000
0.024000000000000	0.000000000000000
0.025000000000000	0.000000000000000
