-0.025000000000000	0.000000000000000
-0.024000000000000	0.000000000000000
-0.023000000000000	0.000000000000000
-0.022000000000000	0.000000000000000
-0.021000000000000	0.000000000000000
-0.020000000000000	0.000000000000000
-0.019000000000000	0.000000000000000
-0.018000000000000	0.000000000000000
-0.017000000000000	0.000000000000000
-0.016000000000000	0.000000000000000
-0.015000000000000	0.000000000000000
-0.014000000000000	0.000000000000000
-0.013000000000000	0.000000000000000
-0.012000000000000	0.000000000000000
-0.011000000000000	0.000000000000000
-0.010000000000000	0.000000000000000
-0.009000000000000	0.000000000000000
-0.008000000000000	0.176078193418611
-0.007000000000000	3.999667610162274
-0.006000000000000	8.199485135209262
-0.005000000000000	13.347184847183630
-0.004000000000000	23.759006252281839
-0.003000000000000	29.294825117121118
-0.002000000000000	28.216852532689472
-0.001000000000000	25.800261141326555
0.000000000000000	20.150978629716850
0.001000000000000	19.165177945965954
0.002000000000000	10.630874519177933
0.003000000000000	11.906020011729931
0.004000000000000	12.186455701798394
0.005000000000000	4.486307022573589
0.006000000000000	2.876594660554636
0.007000000000000	3.113202356305073
0.008000000000000	2.251884284601939
0.009000000000000	2.291172447910907
0.010000000000000	2.319545308177442
0.011000000000000	2.483701370098082
0.012000000000000	1.906624899824370
0.013000000000000	2.825855304026533
0.014000000000000	1.952665483512645
0.015000000000000	0.796530284859643
0.016000000000000	0.779116765690714
0.017000000000000	0.651475604977055
0.018000000000000	0.528434129970463
0.019000000000000	0.032212457656848
0.020000000000000	0.000000000000000
0.021000000000000	0.000000000000000
0.022000000000000	0.000000000000000
0.023000000000000	0.000000000000000
0.024000000000000	0.000000000000000
0.025000000000000	0.000000000000000
