-0.025000000000000	0.000000000000000
-0.024000000000000	0.000000000000000
-0.023000000000000	0.000000000000000
-0.022000000000000	0.000000000000000
-0.021000000000000	0.000000000000000
-0.020000000000000	0.000000000000000
-0.019000000000000	0.000000000000000
-0.018000000000000	0.000000000000000
-0.017000000000000	0.000000000000000
-0.016000000000000	0.000000000000000
-0.015000000000000	0.000000000000000
-0.014000000000000	0.000000000000000
-0.013000000000000	0.000000000000000
-0.012000000000000	0.000000000000000
-0.011000000000000	0.672116543735266
-0.010000000000000	2.410431052002723
-0.009000000000000	3.658302389544764
-0.008000000000000	5.018625382587580
-0.007000000000000	5.170332737745064
-0.006000000000000	6.526446516041898
-0.005000000000000	15.279586668070678
-0.004000000000000	29.278164071326767
-0.003000000000000	26.811691895805922
-0.002000000000000	36.454491493032535
-0.001000000000000	42.514894353557480
0.000000000000000	32.612469690051796
0.001000000000000	20.083820744046655
0.002000000000000	6.503614511951705
0.003000000000000	6.912442437191301
0.004000000000000	5.449675301645396
0.005000000000000	4.964224817945764
0.006000000000000	3.410508626195162
0.007000000000000	5.288686614241925
0.008000000000000	4.714935603179599
0.009000000000000	5.849831286963954
0.010000000000000	5.760642477480800
0.011000000000000	5.363032369931591
0.012000000000000	4.345885311039996
0.013000000000000	3.789411470930595
0.014000000000000	3.498365579952854
0.015000000000000	0.879113742030622
0.016000000000000	1.051445656697653
0.017000000000000	0.355581049832788
0.018000000000000	0.907445737334504
0.019000000000000	0.097697950006229
0.020000000000000	0.000000000000000
0.021000000000000	0.000000000000000
0.022000000000000	0.000000000000000
0.023000000000000	0.000000000000000
0.024000000000000	0.000000000000000
0.025000000000000	0.000000000000000
