-0.025000000000000	0.000000000000000
-0.024000000000000	0.000000000000000
-0.023000000000000	0.000000000000000
-0.022000000000000	0.000000000000000
-0.021000000000000	0.000000000000000
-0.020000000000000	0.000000000000000
-0.019000000000000	0.191214727116757
-0.018000000000000	0.983366713505379
-0.017000000000000	0.957955565568652
-0.016000000000000	1.965194076912330
-0.015000000000000	2.310489494060319
-0.014000000000000	2.596391253658549
-0.013000000000000	2.226723789373704
-0.012000000000000	2.231242619679279
-0.011000000000000	4.187949245890314
-0.010000000000000	5.392388915336372
-0.009000000000000	7.137284585946328
-0.008000000000000	7.701070498667103
-0.007000000000000	11.913325460674075
-0.006000000000000	16.440147651603667
-0.005000000000000	18.167664586692531
-0.004000000000000	23.331510233397420
-0.003000000000000	37.070639315546394
-0.002000000000000	31.516327101754751
-0.001000000000000	31.946817231812517
0.000000000000000	29.690716358663824
0.001000000000000	23.466414071358617
0.002000000000000	16.993014219994112
0.003000000000000	9.932208275387241
0.004000000000000	9.706467614286607
0.005000000000000	9.786613945780557
0.006000000000000	6.865952082237107
0.007000000000000	7.930569826873197
0.008000000000000	7.341198764702773
0.009000000000000	6.969056363738009
0.010000000000000	6.107274403170880
0.011000000000000	7.103093702929550
0.012000000000000	11.786996432758571
0.013000000000000	8.383856143471071
0.014000000000000	5.875878423765271
0.015000000000000	8.485075564496762
0.016000000000000	0.177885722517375
0.017000000000000	0.000000000000000
0.018000000000000	0.000000000000000
0.019000000000000	0.000000000000000
0.020000000000000	0.000000000000000
0.021000000000000	0.000000000000000
0.022000000000000	0.000000000000000
0.023000000000000	0.000000000000000
0.024000000000000	0.000000000000000
0.025000000000000	0.000000000000000
