-0.025000000000000	0.000000000000000
-0.024000000000000	0.000000000000000
-0.023000000000000	0.000000000000000
-0.022000000000000	0.000000000000000
-0.021000000000000	0.000000000000000
-0.020000000000000	0.000000000000000
-0.019000000000000	0.000000000000000
-0.018000000000000	0.043668706446399
-0.017000000000000	0.893576470038225
-0.016000000000000	1.160164725622975
-0.015000000000000	0.852323509010747
-0.014000000000000	1.099214929973444
-0.013000000000000	0.854204729378364
-0.012000000000000	0.878018381364710
-0.011000000000000	1.165627222087226
-0.010000000000000	1.446879322665437
-0.009000000000000	2.653345869055855
-0.008000000000000	4.241188196080291
-0.007000000000000	4.912038345817407
-0.006000000000000	6.990407249791044
-0.005000000000000	9.096581124443823
-0.004000000000000	13.967613645510992
-0.003000000000000	21.568603332738242
-0.002000000000000	23.716573333886021
-0.001000000000000	18.806333829991321
0.000000000000000	17.755112864044545
0.001000000000000	17.855239190090693
0.002000000000000	14.100041542581847
0.003000000000000	8.775666362714210
0.004000000000000	9.136533366480759
0.005000000000000	11.093381414929446
0.006000000000000	11.456255329853336
0.007000000000000	5.161504045946689
0.008000000000000	2.334051800980796
0.009000000000000	2.309333531781665
0.010000000000000	2.667782869892325
0.011000000000000	2.295376510775231
0.012000000000000	2.492985491830579
0.013000000000000	0.908684494875849
0.014000000000000	0.408158720654422
0.015000000000000	0.502353916766985
0.016000000000000	0.696080281056510
0.017000000000000	0.697617346991173
0.018000000000000	0.575637021425582
0.019000000000000	0.333598468870293
0.020000000000000	0.677690156116191
0.021000000000000	0.336207758990767
0.022000000000000	0.000000000000000
0.023000000000000	0.000000000000000
0.024000000000000	0.000000000000000
0.025000000000000	0.000000000000000
