-0.025000000000000	0.000000000000000
-0.024000000000000	0.000000000000000
-0.023000000000000	0.000000000000000
-0.022000000000000	0.000000000000000
-0.021000000000000	0.000000000000000
-0.020000000000000	0.000000000000000
-0.019000000000000	0.000000000000000
-0.018000000000000	0.000000000000000
-0.017000000000000	0.000000000000000
-0.016000000000000	0.032998663835211
-0.015000000000000	0.695228736594749
-0.014000000000000	1.030209363327464
-0.013000000000000	0.540688839626191
-0.012000000000000	1.298462229616812
-0.011000000000000	4.128599637754109
-0.010000000000000	5.069572168560504
-0.009000000000000	5.428811639734834
-0.008000000000000	6.806399918391333
-0.007000000000000	6.475575305350842
-0.006000000000000	7.505676312913389
-0.005000000000000	17.688033780075752
-0.004000000000000	17.703354156934331
-0.003000000000000	14.843956604258668
-0.002000000000000	12.652611742857047
-0.001000000000000	11.373326952757349
0.000000000000000	9.566323311673019
0.001000000000000	8.717742798185299
0.002000000000000	5.962141570520012
0.003000000000000	5.956386107286314
0.004000000000000	6.100553187864154
0.005000000000000	5.506825533372663
0.006000000000000	4.182118328137838
0.007000000000000	3.730781599382911
0.008000000000000	3.541694985802329
0.009000000000000	3.814759421439844
0.010000000000000	3.484635444116195
0.011000000000000	3.904524003510470
0.012000000000000	3.405883720427640
0.013000000000000	4.101121352223475
0.014000000000000	5.288956566377824
0.015000000000000	4.272511116872332
0.016000000000000	3.886180570376815
0.017000000000000	0.030767855123693
0.018000000000000	0.000000000000000
0.019000000000000	0.000000000000000
0.020000000000000	0.000000000000000
0.021000000000000	0.000000000000000
0.022000000000000	0.000000000000000
0.023000000000000	0.000000000000000
0.024000000000000	0.000000000000000
0.025000000000000	0.000000000000000
