-0.025000000000000	0.000000000000000
-0.024000000000000	0.000000000000000
-0.023000000000000	0.000000000000000
-0.022000000000000	0.000000000000000
-0.021000000000000	0.000000000000000
-0.020000000000000	0.000000000000000
-0.019000000000000	0.000000000000000
-0.018000000000000	0.000000000000000
-0.017000000000000	0.000000000000000
-0.016000000000000	0.000000000000000
-0.015000000000000	0.000000000000000
-0.014000000000000	0.000000000000000
-0.013000000000000	0.000000000000000
-0.012000000000000	0.000000000000000
-0.011000000000000	0.000000000000000
-0.010000000000000	0.000000000000000
-0.009000000000000	0.000000000000000
-0.008000000000000	0.000000000000000
-0.007000000000000	0.000000000000000
-0.006000000000000	0.113916109187549
-0.005000000000000	3.709764133786587
-0.004000000000000	9.568782346296386
-0.003000000000000	33.192025340535643
-0.002000000000000	41.983783396427235
-0.001000000000000	39.221225495643765
0.000000000000000	43.461802671659434
0.001000000000000	34.408623801960402
0.002000000000000	17.704934905591635
0.003000000000000	7.245915099684557
0.004000000000000	3.301541298178407
0.005000000000000	3.076952026696784
0.006000000000000	2.797021115697656
0.007000000000000	2.952443191547136
0.008000000000000	3.469112234165000
0.009000000000000	2.744177623719402
0.010000000000000	1.404144840001896
0.011000000000000	1.717257473683499
0.012000000000000	1.503949858147944
0.013000000000000	0.497252334140558
0.014000000000000	0.185793702838569
0.015000000000000	0.427335315032833
0.016000000000000	0.390307686307796
0.017000000000000	0.000000000000000
0.018000000000000	0.000000000000000
0.019000000000000	0.000000000000000
0.020000000000000	0.000000000000000
0.021000000000000	0.000000000000000
0.022000000000000	0.000000000000000
0.023000000000000	0.000000000000000
0.024000000000000	0.000000000000000
0.025000000000000	0.000000000000000
