-0.025000000000000	0.000000000000000
-0.024000000000000	0.000000000000000
-0.023000000000000	0.000000000000000
-0.022000000000000	0.000000000000000
-0.021000000000000	0.000000000000000
-0.020000000000000	0.000000000000000
-0.019000000000000	0.000000000000000
-0.018000000000000	0.000000000000000
-0.017000000000000	0.000000000000000
-0.016000000000000	0.000000000000000
-0.015000000000000	0.000000000000000
-0.014000000000000	0.000000000000000
-0.013000000000000	0.000000000000000
-0.012000000000000	0.000000000000000
-0.011000000000000	0.000000000000000
-0.010000000000000	0.510829805801407
-0.009000000000000	2.753953875501960
-0.008000000000000	3.340922614556735
-0.007000000000000	6.151076616888687
-0.006000000000000	7.676003614112443
-0.005000000000000	12.674482784228251
-0.004000000000000	18.754502243996843
-0.003000000000000	19.169736493261034
-0.002000000000000	26.375480237826576
-0.001000000000000	20.378138294201900
0.000000000000000	16.293215095104440
0.001000000000000	8.351559839343745
0.002000000000000	4.524493664062089
0.003000000000000	3.816244461536826
0.004000000000000	4.456897179174737
0.005000000000000	4.401214437196334
0.006000000000000	3.081644695096773
0.007000000000000	4.435528520032602
0.008000000000000	2.959511731340961
0.009000000000000	4.674114107679700
0.010000000000000	4.454695389888786
0.011000000000000	4.708628558040148
0.012000000000000	3.837513680622037
0.013000000000000	2.891505913636979
0.014000000000000	1.199245246601136
0.015000000000000	0.827652051909527
0.016000000000000	0.619189786403211
0.017000000000000	0.220637498447684
0.018000000000000	0.318763812110100
0.019000000000000	0.000000000000000
0.020000000000000	0.000000000000000
0.021000000000000	0.000000000000000
0.022000000000000	0.000000000000000
0.023000000000000	0.000000000000000
0.024000000000000	0.000000000000000
0.025000000000000	0.000000000000000
