-0.025000000000000	0.000000000000000
-0.024000000000000	0.000000000000000
-0.023000000000000	0.000000000000000
-0.022000000000000	0.000000000000000
-0.021000000000000	0.000000000000000
-0.020000000000000	0.000000000000000
-0.019000000000000	0.000000000000000
-0.018000000000000	0.000000000000000
-0.017000000000000	0.000000000000000
-0.016000000000000	0.000000000000000
-0.015000000000000	0.396746019340452
-0.014000000000000	1.159784786425400
-0.013000000000000	0.766437841935127
-0.012000000000000	0.949896842613632
-0.011000000000000	0.933334722825563
-0.010000000000000	0.576228020939692
-0.009000000000000	0.905271615826989
-0.008000000000000	1.159574523180039
-0.007000000000000	2.722792210131208
-0.006000000000000	3.839090606343831
-0.005000000000000	10.430920643461679
-0.004000000000000	19.359089852215043
-0.003000000000000	21.154810497436767
-0.002000000000000	31.516149846640911
-0.001000000000000	32.102952439894004
0.000000000000000	27.694826073474061
0.001000000000000	17.903445097722834
0.002000000000000	8.952550914957943
0.003000000000000	8.472112871293298
0.004000000000000	7.342808229573153
0.005000000000000	8.143886944742439
0.006000000000000	6.821642109692228
0.007000000000000	6.481148817674010
0.008000000000000	6.356016734974366
0.009000000000000	5.316425860641989
0.010000000000000	2.045875765300315
0.011000000000000	0.758064443516799
0.012000000000000	1.237865894243719
0.013000000000000	1.040516328449566
0.014000000000000	0.298373184836589
0.015000000000000	0.487779310450962
0.016000000000000	0.496180931463595
0.017000000000000	0.425032216255925
0.018000000000000	0.298268879231058
0.019000000000000	0.129409841037146
0.020000000000000	0.000000000000000
0.021000000000000	0.000000000000000
0.022000000000000	0.000000000000000
0.023000000000000	0.000000000000000
0.024000000000000	0.000000000000000
0.025000000000000	0.000000000000000
