-0.025000000000000	0.000000000000000
-0.024000000000000	0.000000000000000
-0.023000000000000	0.000000000000000
-0.022000000000000	0.000000000000000
-0.021000000000000	0.000000000000000
-0.020000000000000	0.000000000000000
-0.019000000000000	0.000000000000000
-0.018000000000000	0.000000000000000
-0.017000000000000	0.000000000000000
-0.016000000000000	0.000000000000000
-0.015000000000000	0.000000000000000
-0.014000000000000	0.000000000000000
-0.013000000000000	0.000000000000000
-0.012000000000000	0.000000000000000
-0.011000000000000	0.000000000000000
-0.010000000000000	0.860140771419728
-0.009000000000000	1.793715804867194
-0.008000000000000	2.412578208662003
-0.007000000000000	6.060259092204200
-0.006000000000000	13.480505960506717
-0.005000000000000	20.668797762921166
-0.004000000000000	27.547165925753827
-0.003000000000000	33.656009475698220
-0.002000000000000	31.855043848620689
-0.001000000000000	25.643350936670199
0.000000000000000	23.313322099240548
0.001000000000000	22.329729598103949
0.002000000000000	19.694875684528000
0.003000000000000	11.926390618192174
0.004000000000000	7.366129882289654
0.005000000000000	6.549549945559145
0.006000000000000	6.183935275174356
0.007000000000000	4.278784954036669
0.008000000000000	3.701124488198133
0.009000000000000	3.864908555952365
0.010000000000000	2.954044193809149
0.011000000000000	3.492645264355151
0.012000000000000	3.807626928182913
0.013000000000000	5.008367488577681
0.014000000000000	2.853060929077388
0.015000000000000	1.394903194028908
0.016000000000000	1.511738074980852
0.017000000000000	0.352170935936311
0.018000000000000	0.396150478949722
0.019000000000000	0.271458605946733
0.020000000000000	0.003446758815500
0.021000000000000	0.000000000000000
0.022000000000000	0.000000000000000
0.023000000000000	0.000000000000000
0.024000000000000	0.000000000000000
0.025000000000000	0.000000000000000
