-0.025000000000000	0.000000000000000
-0.024000000000000	0.000000000000000
-0.023000000000000	0.000000000000000
-0.022000000000000	0.000000000000000
-0.021000000000000	0.000000000000000
-0.020000000000000	0.000000000000000
-0.019000000000000	0.000000000000000
-0.018000000000000	0.000000000000000
-0.017000000000000	0.000000000000000
-0.016000000000000	0.000000000000000
-0.015000000000000	0.000000000000000
-0.014000000000000	0.000000000000000
-0.013000000000000	0.476182827521194
-0.012000000000000	0.613787036410113
-0.011000000000000	1.331852685545515
-0.010000000000000	1.384281003228029
-0.009000000000000	2.808509368256050
-0.008000000000000	3.863044544375717
-0.007000000000000	8.109351397934297
-0.006000000000000	9.451859651960405
-0.005000000000000	20.280840102932025
-0.004000000000000	33.227525785044769
-0.003000000000000	41.638509875171906
-0.002000000000000	37.712863648147270
-0.001000000000000	37.317935152189044
0.000000000000000	31.513464717398310
0.001000000000000	24.132842115381802
0.002000000000000	16.199734333558471
0.003000000000000	5.475431155554175
0.004000000000000	4.459528041240460
0.005000000000000	4.043620963924389
0.006000000000000	4.100082423544293
0.007000000000000	3.260983629466072
0.008000000000000	3.476013517575171
0.009000000000000	3.651628365026949
0.010000000000000	2.231993533735609
0.011000000000000	4.463481229806339
0.012000000000000	3.121314882626335
0.013000000000000	2.988525378082227
0.014000000000000	4.713385720839507
0.015000000000000	9.635214703680651
0.016000000000000	5.629405648486063
0.017000000000000	0.894389427436026
0.018000000000000	0.222889903869523
0.019000000000000	0.000000000000000
0.020000000000000	0.000000000000000
0.021000000000000	0.000000000000000
0.022000000000000	0.000000000000000
0.023000000000000	0.000000000000000
0.024000000000000	0.000000000000000
0.025000000000000	0.000000000000000
