-0.025000000000000	0.000000000000000
-0.024000000000000	0.000000000000000
-0.023000000000000	0.000000000000000
-0.022000000000000	0.000000000000000
-0.021000000000000	0.000000000000000
-0.020000000000000	0.000000000000000
-0.019000000000000	0.000000000000000
-0.018000000000000	0.000000000000000
-0.017000000000000	0.000000000000000
-0.016000000000000	0.605764987865451
-0.015000000000000	1.649638167240771
-0.014000000000000	1.109489659627342
-0.013000000000000	1.219412445824595
-0.012000000000000	1.076813338099148
-0.011000000000000	1.370163792970660
-0.010000000000000	5.411679259734259
-0.009000000000000	6.088513666130630
-0.008000000000000	8.677669620179959
-0.007000000000000	9.331642259865024
-0.006000000000000	12.270231372601140
-0.005000000000000	20.161409240079401
-0.004000000000000	25.283944708811909
-0.003000000000000	26.239025168159689
-0.002000000000000	22.434228720360558
-0.001000000000000	18.482822250993795
0.000000000000000	15.756344351195791
0.001000000000000	16.073048123780879
0.002000000000000	14.722623629767581
0.003000000000000	12.309470186137665
0.004000000000000	14.779133218238290
0.005000000000000	13.278839838610477
0.006000000000000	14.308712181847570
0.007000000000000	13.348254664092563
0.008000000000000	4.827037729443934
0.009000000000000	2.844284917167410
0.010000000000000	2.198154553875495
0.011000000000000	2.532805413496542
0.012000000000000	2.375813487947669
0.013000000000000	2.850193645292931
0.014000000000000	1.979423266773960
0.015000000000000	2.812018276095533
0.016000000000000	5.959932333808271
0.017000000000000	1.333984676474852
0.018000000000000	0.000000000000000
0.019000000000000	0.000000000000000
0.020000000000000	0.000000000000000
0.021000000000000	0.000000000000000
0.022000000000000	0.000000000000000
0.023000000000000	0.000000000000000
0.024000000000000	0.000000000000000
0.025000000000000	0.000000000000000
