-0.025000000000000	0.000000000000000
-0.024000000000000	0.000000000000000
-0.023000000000000	0.000000000000000
-0.022000000000000	0.000000000000000
-0.021000000000000	0.000000000000000
-0.020000000000000	0.000000000000000
-0.019000000000000	0.000000000000000
-0.018000000000000	0.000000000000000
-0.017000000000000	0.000000000000000
-0.016000000000000	0.298595518666483
-0.015000000000000	1.065839854784421
-0.014000000000000	1.243069400457115
-0.013000000000000	0.784082212554829
-0.012000000000000	2.311614237622942
-0.011000000000000	2.390585980324529
-0.010000000000000	3.414376575903505
-0.009000000000000	3.289884043165075
-0.008000000000000	5.339380116440671
-0.007000000000000	8.857974969177469
-0.006000000000000	10.131686335399774
-0.005000000000000	12.145056921470113
-0.004000000000000	20.487062491198579
-0.003000000000000	29.400108738930637
-0.002000000000000	28.369739069459264
-0.001000000000000	24.783574156866049
0.000000000000000	19.469655355998096
0.001000000000000	13.251567008820206
0.002000000000000	13.370340870968199
0.003000000000000	16.661654687082056
0.004000000000000	13.526488986344965
0.005000000000000	6.780206897821509
0.006000000000000	6.744247139293897
0.007000000000000	8.845484459952148
0.008000000000000	10.325003347950213
0.009000000000000	6.604568891694669
0.010000000000000	4.276183888724518
0.011000000000000	4.869177866536512
0.012000000000000	2.783063352205743
0.013000000000000	1.229045311800344
0.014000000000000	2.467579047932861
0.015000000000000	1.278549829447282
0.016000000000000	0.283307587273842
0.017000000000000	0.387947793776916
0.018000000000000	0.431406190709492
0.019000000000000	0.015882233965218
0.020000000000000	0.000000000000000
0.021000000000000	0.000000000000000
0.022000000000000	0.000000000000000
0.023000000000000	0.000000000000000
0.024000000000000	0.000000000000000
0.025000000000000	0.000000000000000
