-0.025000000000000	0.000000000000000
-0.024000000000000	0.000000000000000
-0.023000000000000	0.000000000000000
-0.022000000000000	0.000000000000000
-0.021000000000000	0.000000000000000
-0.020000000000000	0.000000000000000
-0.019000000000000	0.000000000000000
-0.018000000000000	0.000000000000000
-0.017000000000000	0.203961678624354
-0.016000000000000	1.197022879566188
-0.015000000000000	1.055639092937229
-0.014000000000000	0.898619561504685
-0.013000000000000	0.858766903035143
-0.012000000000000	1.042780349593232
-0.011000000000000	0.669191011724453
-0.010000000000000	1.330148748285371
-0.009000000000000	1.676607016284248
-0.008000000000000	4.069923240251972
-0.007000000000000	10.858034101624536
-0.006000000000000	13.688632703841300
-0.005000000000000	22.420248025090189
-0.004000000000000	26.158457097021778
-0.003000000000000	24.664966453732497
-0.002000000000000	23.154682284918309
-0.001000000000000	23.063358196997697
0.000000000000000	19.429336043638081
0.001000000000000	18.299015355501805
0.002000000000000	18.173031724941168
0.003000000000000	13.185506817106328
0.004000000000000	7.391883048240920
0.005000000000000	6.199127629214330
0.006000000000000	5.544955309888390
0.007000000000000	5.393121834778456
0.008000000000000	6.305143957339367
0.009000000000000	6.182780898764181
0.010000000000000	5.674826308310190
0.011000000000000	5.317830367019524
0.012000000000000	6.471178815237542
0.013000000000000	4.858165833110898
0.014000000000000	3.577167247198040
0.015000000000000	1.505013599119482
0.016000000000000	0.092520244767176
0.017000000000000	0.000000000000000
0.018000000000000	0.000000000000000
0.019000000000000	0.000000000000000
0.020000000000000	0.000000000000000
0.021000000000000	0.000000000000000
0.022000000000000	0.000000000000000
0.023000000000000	0.000000000000000
0.024000000000000	0.000000000000000
0.025000000000000	0.000000000000000
