-0.025000000000000	0.000000000000000
-0.024000000000000	0.000000000000000
-0.023000000000000	0.000000000000000
-0.022000000000000	0.000000000000000
-0.021000000000000	0.000000000000000
-0.020000000000000	0.000000000000000
-0.019000000000000	0.000000000000000
-0.018000000000000	0.000000000000000
-0.017000000000000	0.000000000000000
-0.016000000000000	0.000000000000000
-0.015000000000000	0.000000000000000
-0.014000000000000	0.000000000000000
-0.013000000000000	0.000000000000000
-0.012000000000000	0.000000000000000
-0.011000000000000	0.032305812667047
-0.010000000000000	0.928438530699482
-0.009000000000000	1.127086372050079
-0.008000000000000	1.263470208380413
-0.007000000000000	3.217987008541721
-0.006000000000000	8.545715916169192
-0.005000000000000	9.455043980973791
-0.004000000000000	13.534589900086203
-0.003000000000000	22.423418850049330
-0.002000000000000	27.574081373073046
-0.001000000000000	24.627165957683239
0.000000000000000	23.050961995131882
0.001000000000000	18.824678177325019
0.002000000000000	14.319952451711922
0.003000000000000	14.158043988256599
0.004000000000000	4.853671040404814
0.005000000000000	3.222487034745358
0.006000000000000	2.726528867580930
0.007000000000000	2.199100384186508
0.008000000000000	2.065587154854303
0.009000000000000	1.815727864717783
0.010000000000000	1.506267503689917
0.011000000000000	1.652685193296431
0.012000000000000	1.352120174609851
0.013000000000000	1.610679264328175
0.014000000000000	1.624590645548605
0.015000000000000	0.447359279749152
0.016000000000000	1.887778843633023
0.017000000000000	0.903505044546670
0.018000000000000	0.788926316617602
0.019000000000000	0.171838945880161
0.020000000000000	0.000000000000000
0.021000000000000	0.000000000000000
0.022000000000000	0.000000000000000
0.023000000000000	0.000000000000000
0.024000000000000	0.000000000000000
0.025000000000000	0.000000000000000
