-0.025000000000000	0.000000000000000
-0.024000000000000	0.000000000000000
-0.023000000000000	0.000000000000000
-0.022000000000000	0.000000000000000
-0.021000000000000	0.000000000000000
-0.020000000000000	0.000000000000000
-0.019000000000000	0.000000000000000
-0.018000000000000	0.000000000000000
-0.017000000000000	0.000000000000000
-0.016000000000000	0.000000000000000
-0.015000000000000	0.000000000000000
-0.014000000000000	0.000000000000000
-0.013000000000000	0.000000000000000
-0.012000000000000	0.000000000000000
-0.011000000000000	0.000000000000000
-0.010000000000000	0.740157673066663
-0.009000000000000	4.893243383670669
-0.008000000000000	4.905330590166584
-0.007000000000000	5.950253488664299
-0.006000000000000	5.768127988167730
-0.005000000000000	7.972777868337114
-0.004000000000000	17.280114418432323
-0.003000000000000	39.599580271142365
-0.002000000000000	54.260109105898088
-0.001000000000000	50.101465973631058
0.000000000000000	37.239431019016749
0.001000000000000	35.027817501422319
0.002000000000000	14.806999654426207
0.003000000000000	6.773079654698894
0.004000000000000	5.328226041571989
0.005000000000000	4.225793442531229
0.006000000000000	4.412069354277277
0.007000000000000	4.287655499584457
0.008000000000000	3.263669763455426
0.009000000000000	2.449635176608463
0.010000000000000	3.226754901540952
0.011000000000000	2.634283048658248
0.012000000000000	3.044449679614612
0.013000000000000	2.013505416597158
0.014000000000000	2.526110777522813
0.015000000000000	1.707322014390398
0.016000000000000	2.647774108582820
0.017000000000000	1.702318843743222
0.018000000000000	0.979640632091669
0.019000000000000	1.247654076101523
0.020000000000000	0.924740816300464
0.021000000000000	0.301636902045075
0.022000000000000	0.000000000000000
0.023000000000000	0.000000000000000
0.024000000000000	0.000000000000000
0.025000000000000	0.000000000000000
