-0.025000000000000	0.000000000000000
-0.024000000000000	0.000000000000000
-0.023000000000000	0.000000000000000
-0.022000000000000	0.000000000000000
-0.021000000000000	0.000000000000000
-0.020000000000000	0.000000000000000
-0.019000000000000	0.000000000000000
-0.018000000000000	0.000000000000000
-0.017000000000000	0.000000000000000
-0.016000000000000	0.000000000000000
-0.015000000000000	0.000000000000000
-0.014000000000000	0.000000000000000
-0.013000000000000	0.000000000000000
-0.012000000000000	0.000000000000000
-0.011000000000000	1.023578003691221
-0.010000000000000	4.840749003463955
-0.009000000000000	5.373540239371467
-0.008000000000000	12.704653386996712
-0.007000000000000	16.822683768513794
-0.006000000000000	16.851602912506511
-0.005000000000000	16.492856804166433
-0.004000000000000	17.603713338490603
-0.003000000000000	14.898191098598208
-0.002000000000000	16.064886811128073
-0.001000000000000	11.678486496756086
0.000000000000000	15.612066802397651
0.001000000000000	16.272952306623612
0.002000000000000	10.287505702941635
0.003000000000000	6.062066347072824
0.004000000000000	6.173657477102945
0.005000000000000	4.728874146817267
0.006000000000000	5.635492660520633
0.007000000000000	7.072573315242062
0.008000000000000	11.036798126142759
0.009000000000000	11.945103885367763
0.010000000000000	8.068867495864632
0.011000000000000	7.450584516089741
0.012000000000000	5.655399301060093
0.013000000000000	3.888467224015579
0.014000000000000	0.229828773239469
0.015000000000000	0.000000000000000
0.016000000000000	0.000000000000000
0.017000000000000	0.000000000000000
0.018000000000000	0.000000000000000
0.019000000000000	0.000000000000000
0.020000000000000	0.000000000000000
0.021000000000000	0.000000000000000
0.022000000000000	0.000000000000000
0.023000000000000	0.000000000000000
0.024000000000000	0.000000000000000
0.025000000000000	0.000000000000000
