-0.025000000000000	0.000000000000000
-0.024000000000000	0.000000000000000
-0.023000000000000	0.000000000000000
-0.022000000000000	0.000000000000000
-0.021000000000000	0.000000000000000
-0.020000000000000	0.000000000000000
-0.019000000000000	0.000000000000000
-0.018000000000000	0.000000000000000
-0.017000000000000	0.000000000000000
-0.016000000000000	0.000000000000000
-0.015000000000000	0.000000000000000
-0.014000000000000	0.000000000000000
-0.013000000000000	0.000000000000000
-0.012000000000000	0.011454084872000
-0.011000000000000	2.223085085850528
-0.010000000000000	3.384889212531159
-0.009000000000000	5.345902111680837
-0.008000000000000	7.678814317534052
-0.007000000000000	11.777895899097640
-0.006000000000000	16.431915104137261
-0.005000000000000	30.768537521051812
-0.004000000000000	34.504246474599164
-0.003000000000000	33.503739152028238
-0.002000000000000	29.853852284367797
-0.001000000000000	25.474207046192070
0.000000000000000	19.800239397144864
0.001000000000000	16.772732295050361
0.002000000000000	7.707687450692289
0.003000000000000	6.015783898447465
0.004000000000000	5.277126245716966
0.005000000000000	4.891731053249051
0.006000000000000	5.743964371609566
0.007000000000000	6.340029195787463
0.008000000000000	7.288447053529967
0.009000000000000	6.417255463578991
0.010000000000000	7.155296866019758
0.011000000000000	6.759588330099907
0.012000000000000	6.045491049491655
0.013000000000000	6.928875681113258
0.014000000000000	6.431858325654842
0.015000000000000	2.696513882972449
0.016000000000000	3.974410582897812
0.017000000000000	0.775206199339053
0.018000000000000	0.674110899189038
0.019000000000000	0.242835833014999
0.020000000000000	0.061537269339498
0.021000000000000	0.000000000000000
0.022000000000000	0.000000000000000
0.023000000000000	0.000000000000000
0.024000000000000	0.000000000000000
0.025000000000000	0.000000000000000
