-0.025000000000000	0.000000000000000
-0.024000000000000	0.000000000000000
-0.023000000000000	0.000000000000000
-0.022000000000000	0.000000000000000
-0.021000000000000	0.000000000000000
-0.020000000000000	0.000000000000000
-0.019000000000000	0.000000000000000
-0.018000000000000	0.000000000000000
-0.017000000000000	0.000000000000000
-0.016000000000000	0.000000000000000
-0.015000000000000	0.000000000000000
-0.014000000000000	0.000000000000000
-0.013000000000000	0.000000000000000
-0.012000000000000	0.000000000000000
-0.011000000000000	0.000000000000000
-0.010000000000000	0.000000000000000
-0.009000000000000	0.000000000000000
-0.008000000000000	0.000000000000000
-0.007000000000000	1.122971090612027
-0.006000000000000	4.046866201783557
-0.005000000000000	10.210702469120553
-0.004000000000000	20.870180417111758
-0.003000000000000	32.570226891094130
-0.002000000000000	35.849605494207744
-0.001000000000000	31.126348354836775
0.000000000000000	23.254687853070738
0.001000000000000	12.426320473650847
0.002000000000000	3.954627012910578
0.003000000000000	3.987758062051540
0.004000000000000	2.877234122418272
0.005000000000000	3.536116719692900
0.006000000000000	3.400866931437975
0.007000000000000	6.078031039765198
0.008000000000000	9.605395977913295
0.009000000000000	6.595904886797266
0.010000000000000	2.984157792973837
0.011000000000000	3.295766533491446
0.012000000000000	1.654393629661484
0.013000000000000	0.305429130752498
0.014000000000000	0.536031749389568
0.015000000000000	0.161542408437861
0.016000000000000	0.339139560235046
0.017000000000000	0.063492835849311
0.018000000000000	0.000000000000000
0.019000000000000	0.000000000000000
0.020000000000000	0.000000000000000
0.021000000000000	0.000000000000000
0.022000000000000	0.000000000000000
0.023000000000000	0.000000000000000
0.024000000000000	0.000000000000000
0.025000000000000	0.000000000000000
