-0.025000000000000	0.000000000000000
-0.024000000000000	0.000000000000000
-0.023000000000000	0.000000000000000
-0.022000000000000	0.000000000000000
-0.021000000000000	0.000000000000000
-0.020000000000000	0.000000000000000
-0.019000000000000	0.000000000000000
-0.018000000000000	0.000000000000000
-0.017000000000000	0.000000000000000
-0.016000000000000	0.000000000000000
-0.015000000000000	0.000000000000000
-0.014000000000000	0.000000000000000
-0.013000000000000	0.000000000000000
-0.012000000000000	0.000000000000000
-0.011000000000000	0.000000000000000
-0.010000000000000	0.816111497467093
-0.009000000000000	1.350884455056487
-0.008000000000000	1.551656376887758
-0.007000000000000	3.176281155279627
-0.006000000000000	14.966853500041564
-0.005000000000000	22.759432083691813
-0.004000000000000	29.628171575497490
-0.003000000000000	31.830344825304696
-0.002000000000000	30.219067311591285
-0.001000000000000	20.822792443157930
0.000000000000000	21.237058476074466
0.001000000000000	17.983347005647495
0.002000000000000	11.170867544737630
0.003000000000000	10.519963382396401
0.004000000000000	13.086074994083459
0.005000000000000	17.250492716570836
0.006000000000000	7.016845940733917
0.007000000000000	5.265782096076306
0.008000000000000	4.998507758472818
0.009000000000000	4.064874208047887
0.010000000000000	3.297351776076114
0.011000000000000	3.179848167614603
0.012000000000000	2.712390515905116
0.013000000000000	1.715404818275791
0.014000000000000	1.334475396488040
0.015000000000000	0.425880140496254
0.016000000000000	0.125331951789304
0.017000000000000	0.695787793950563
0.018000000000000	0.631349924519328
0.019000000000000	0.303021112793440
0.020000000000000	0.463398202802800
0.021000000000000	0.049056880134607
0.022000000000000	0.000000000000000
0.023000000000000	0.000000000000000
0.024000000000000	0.000000000000000
0.025000000000000	0.000000000000000
