-0.025000000000000	0.000000000000000
-0.024000000000000	0.000000000000000
-0.023000000000000	0.000000000000000
-0.022000000000000	0.000000000000000
-0.021000000000000	0.000000000000000
-0.020000000000000	0.000000000000000
-0.019000000000000	0.000000000000000
-0.018000000000000	0.000000000000000
-0.017000000000000	0.000000000000000
-0.016000000000000	0.000000000000000
-0.015000000000000	0.000000000000000
-0.014000000000000	0.000000000000000
-0.013000000000000	0.028753452448427
-0.012000000000000	0.848416078205699
-0.011000000000000	1.320888901040300
-0.010000000000000	1.893100959275015
-0.009000000000000	2.182574176642340
-0.008000000000000	2.212812707363688
-0.007000000000000	3.888849921519445
-0.006000000000000	8.624543584810649
-0.005000000000000	15.593356128332596
-0.004000000000000	22.944965962656720
-0.003000000000000	24.517410625884143
-0.002000000000000	20.272639070156831
-0.001000000000000	15.538676368672151
0.000000000000000	15.658831710316363
0.001000000000000	13.270615167093563
0.002000000000000	10.652890788806703
0.003000000000000	10.849670357095665
0.004000000000000	11.692114121452938
0.005000000000000	14.171397321961553
0.006000000000000	14.934004479565175
0.007000000000000	11.458912166573661
0.008000000000000	4.293262066614992
0.009000000000000	1.705443577822213
0.010000000000000	0.836515305443976
0.011000000000000	1.072584643822928
0.012000000000000	0.889132437500371
0.013000000000000	0.469440947557444
0.014000000000000	0.457632759861413
0.015000000000000	0.722004792015337
0.016000000000000	0.122857742650599
0.017000000000000	0.000000000000000
0.018000000000000	0.000000000000000
0.019000000000000	0.000000000000000
0.020000000000000	0.000000000000000
0.021000000000000	0.000000000000000
0.022000000000000	0.000000000000000
0.023000000000000	0.000000000000000
0.024000000000000	0.000000000000000
0.025000000000000	0.000000000000000
