-0.025000000000000	0.000000000000000
-0.024000000000000	0.000000000000000
-0.023000000000000	0.000000000000000
-0.022000000000000	0.000000000000000
-0.021000000000000	0.000000000000000
-0.020000000000000	0.000000000000000
-0.019000000000000	0.000000000000000
-0.018000000000000	0.000000000000000
-0.017000000000000	0.000000000000000
-0.016000000000000	0.000000000000000
-0.015000000000000	0.000000000000000
-0.014000000000000	0.000000000000000
-0.013000000000000	0.000000000000000
-0.012000000000000	0.000000000000000
-0.011000000000000	0.383963766928318
-0.010000000000000	1.369733843397421
-0.009000000000000	1.448546946558379
-0.008000000000000	3.936969708377500
-0.007000000000000	6.265309394459278
-0.006000000000000	11.658906552357024
-0.005000000000000	16.815220000702553
-0.004000000000000	30.381482878959002
-0.003000000000000	31.894673881856573
-0.002000000000000	24.748527626627048
-0.001000000000000	20.684569487262060
0.000000000000000	18.258475824955955
0.001000000000000	12.938137639705694
0.002000000000000	9.236864749990268
0.003000000000000	9.543206248875823
0.004000000000000	9.399723405078763
0.005000000000000	11.460765304659182
0.006000000000000	7.431706677510340
0.007000000000000	3.107299997489410
0.008000000000000	2.400910412211037
0.009000000000000	1.606124152522078
0.010000000000000	1.865433349183443
0.011000000000000	2.081971725903322
0.012000000000000	2.127718655261277
0.013000000000000	2.256323887727554
0.014000000000000	2.241013870957647
0.015000000000000	2.862190336620855
0.016000000000000	5.013973642029046
0.017000000000000	1.201019604478118
0.018000000000000	0.356442198123860
0.019000000000000	0.632455001677977
0.020000000000000	0.285637456698793
0.021000000000000	0.000000000000000
0.022000000000000	0.000000000000000
0.023000000000000	0.000000000000000
0.024000000000000	0.000000000000000
0.025000000000000	0.000000000000000
