-0.025000000000000	0.000000000000000
-0.024000000000000	0.000000000000000
-0.023000000000000	0.000000000000000
-0.022000000000000	0.000000000000000
-0.021000000000000	0.000000000000000
-0.020000000000000	0.000000000000000
-0.019000000000000	0.000000000000000
-0.018000000000000	0.000000000000000
-0.017000000000000	0.000000000000000
-0.016000000000000	0.000000000000000
-0.015000000000000	0.000000000000000
-0.014000000000000	0.000000000000000
-0.013000000000000	0.000000000000000
-0.012000000000000	0.000000000000000
-0.011000000000000	0.000000000000000
-0.010000000000000	0.000000000000000
-0.009000000000000	0.245453701018190
-0.008000000000000	4.579896494482680
-0.007000000000000	9.647454967303391
-0.006000000000000	12.691915105301462
-0.005000000000000	17.887804789291444
-0.004000000000000	25.676807266782852
-0.003000000000000	29.369102751268603
-0.002000000000000	35.297318774262713
-0.001000000000000	34.941542722583293
0.000000000000000	27.152733527962866
0.001000000000000	18.437654770561096
0.002000000000000	13.812358550408744
0.003000000000000	14.497059012718099
0.004000000000000	14.407143485955341
0.005000000000000	5.679359041154730
0.006000000000000	2.630217992643944
0.007000000000000	3.565683341012612
0.008000000000000	3.997358177762632
0.009000000000000	3.647326348651645
0.010000000000000	2.874302909285740
0.011000000000000	4.912590358836913
0.012000000000000	3.743400793495058
0.013000000000000	3.528127955160616
0.014000000000000	2.911912956105874
0.015000000000000	1.408300516659693
0.016000000000000	1.928815753742653
0.017000000000000	0.739256762164616
0.018000000000000	0.319403056672456
0.019000000000000	0.028769443160628
0.020000000000000	0.000000000000000
0.021000000000000	0.000000000000000
0.022000000000000	0.000000000000000
0.023000000000000	0.000000000000000
0.024000000000000	0.000000000000000
0.025000000000000	0.000000000000000
