-0.025000000000000	0.000000000000000
-0.024000000000000	0.000000000000000
-0.023000000000000	0.000000000000000
-0.022000000000000	0.000000000000000
-0.021000000000000	0.000000000000000
-0.020000000000000	0.000000000000000
-0.019000000000000	0.000000000000000
-0.018000000000000	0.000000000000000
-0.017000000000000	0.000000000000000
-0.016000000000000	0.000000000000000
-0.015000000000000	0.000000000000000
-0.014000000000000	0.000000000000000
-0.013000000000000	0.000000000000000
-0.012000000000000	0.000000000000000
-0.011000000000000	0.000000000000000
-0.010000000000000	0.000000000000000
-0.009000000000000	0.000000000000000
-0.008000000000000	0.000000000000000
-0.007000000000000	0.000000000000000
-0.006000000000000	2.339965616174366
-0.005000000000000	8.894033627533826
-0.004000000000000	22.698907111908294
-0.003000000000000	35.014366683617709
-0.002000000000000	32.056909256761877
-0.001000000000000	26.379598727186419
0.000000000000000	24.946353953515572
0.001000000000000	20.328276401872678
0.002000000000000	9.345781776697631
0.003000000000000	8.050150772458888
0.004000000000000	8.181730365091610
0.005000000000000	9.192568380528508
0.006000000000000	10.448821670057240
0.007000000000000	5.853437969087325
0.008000000000000	0.691472090351542
0.009000000000000	0.934225338025427
0.010000000000000	0.802743978420394
0.011000000000000	0.338212095591094
0.012000000000000	0.919736478296188
0.013000000000000	0.505584541061399
0.014000000000000	0.292311445916023
0.015000000000000	0.394317745565126
0.016000000000000	0.595355605190727
0.017000000000000	0.807462951372456
0.018000000000000	0.204694939053129
0.019000000000000	0.329054545555471
0.020000000000000	0.585174786698450
0.021000000000000	0.000000000000000
0.022000000000000	0.000000000000000
0.023000000000000	0.000000000000000
0.024000000000000	0.000000000000000
0.025000000000000	0.000000000000000
