-0.025000000000000	0.000000000000000
-0.024000000000000	0.000000000000000
-0.023000000000000	0.000000000000000
-0.022000000000000	0.000000000000000
-0.021000000000000	0.000000000000000
-0.020000000000000	0.000000000000000
-0.019000000000000	0.000000000000000
-0.018000000000000	0.000000000000000
-0.017000000000000	0.000000000000000
-0.016000000000000	0.104306690774310
-0.015000000000000	1.078956825471788
-0.014000000000000	1.106834176957640
-0.013000000000000	1.644041565021776
-0.012000000000000	1.322652063803123
-0.011000000000000	3.173717579174574
-0.010000000000000	3.138538473572061
-0.009000000000000	3.254386325676305
-0.008000000000000	3.933743063335319
-0.007000000000000	6.080688642349847
-0.006000000000000	15.378558523480663
-0.005000000000000	18.959680606176743
-0.004000000000000	16.508703686068749
-0.003000000000000	16.829603716130329
-0.002000000000000	17.452719460862443
-0.001000000000000	16.416391734121660
0.000000000000000	11.038463835725260
0.001000000000000	6.726349801972311
0.002000000000000	6.437300135351267
0.003000000000000	5.234438950604977
0.004000000000000	4.817431433044213
0.005000000000000	4.871085449980000
0.006000000000000	4.686323320096987
0.007000000000000	3.572400254412474
0.008000000000000	4.205824721971878
0.009000000000000	3.622422153149941
0.010000000000000	3.401388105212511
0.011000000000000	4.183772089182527
0.012000000000000	3.571046292974531
0.013000000000000	4.352672426618888
0.014000000000000	4.194490003745456
0.015000000000000	6.077705863180748
0.016000000000000	3.889780696195217
0.017000000000000	0.175489290393482
0.018000000000000	0.000000000000000
0.019000000000000	0.000000000000000
0.020000000000000	0.000000000000000
0.021000000000000	0.000000000000000
0.022000000000000	0.000000000000000
0.023000000000000	0.000000000000000
0.024000000000000	0.000000000000000
0.025000000000000	0.000000000000000
