-0.025000000000000	0.000000000000000
-0.024000000000000	0.000000000000000
-0.023000000000000	0.000000000000000
-0.022000000000000	0.000000000000000
-0.021000000000000	0.000000000000000
-0.020000000000000	0.000000000000000
-0.019000000000000	0.000000000000000
-0.018000000000000	0.000000000000000
-0.017000000000000	0.000000000000000
-0.016000000000000	0.000000000000000
-0.015000000000000	0.000000000000000
-0.014000000000000	0.000000000000000
-0.013000000000000	0.000000000000000
-0.012000000000000	0.000000000000000
-0.011000000000000	0.000000000000000
-0.010000000000000	0.083319636874463
-0.009000000000000	1.679990852492317
-0.008000000000000	2.248933919546671
-0.007000000000000	2.940661607214135
-0.006000000000000	4.273595917861491
-0.005000000000000	9.907477544118716
-0.004000000000000	14.375885041678798
-0.003000000000000	24.350338587055500
-0.002000000000000	29.690885234762511
-0.001000000000000	26.675969766210354
0.000000000000000	28.135630705345726
0.001000000000000	27.667618170087756
0.002000000000000	18.162354230693339
0.003000000000000	8.507730862317592
0.004000000000000	8.508817519920147
0.005000000000000	9.334183206799402
0.006000000000000	10.240691512031473
0.007000000000000	8.214966483822055
0.008000000000000	0.934839951625496
0.009000000000000	1.247150351689162
0.010000000000000	0.780006130720630
0.011000000000000	0.926007469962988
0.012000000000000	0.735688148527579
0.013000000000000	0.657507374691426
0.014000000000000	0.168014126678130
0.015000000000000	0.000000000000000
0.016000000000000	0.000000000000000
0.017000000000000	0.000000000000000
0.018000000000000	0.000000000000000
0.019000000000000	0.000000000000000
0.020000000000000	0.000000000000000
0.021000000000000	0.000000000000000
0.022000000000000	0.000000000000000
0.023000000000000	0.000000000000000
0.024000000000000	0.000000000000000
0.025000000000000	0.000000000000000
