-0.025000000000000	0.000000000000000
-0.024000000000000	0.000000000000000
-0.023000000000000	0.000000000000000
-0.022000000000000	0.000000000000000
-0.021000000000000	0.000000000000000
-0.020000000000000	0.000000000000000
-0.019000000000000	0.000000000000000
-0.018000000000000	0.000000000000000
-0.017000000000000	0.000000000000000
-0.016000000000000	0.000000000000000
-0.015000000000000	1.038630781136671
-0.014000000000000	3.131441465358683
-0.013000000000000	3.374771526839788
-0.012000000000000	3.553669699129034
-0.011000000000000	3.692524248263400
-0.010000000000000	4.509716088330359
-0.009000000000000	6.436978375661886
-0.008000000000000	6.981038987700122
-0.007000000000000	8.445835958211978
-0.006000000000000	13.621374068699758
-0.005000000000000	21.335997759375740
-0.004000000000000	25.349157443981436
-0.003000000000000	27.876374012518184
-0.002000000000000	29.846020576254855
-0.001000000000000	28.633797690630985
0.000000000000000	24.022091300613202
0.001000000000000	15.698236090461451
0.002000000000000	8.917773077980847
0.003000000000000	8.182261157416400
0.004000000000000	6.177582232925530
0.005000000000000	5.808762549471366
0.006000000000000	6.973039458718794
0.007000000000000	5.060669944146031
0.008000000000000	5.028514701977521
0.009000000000000	5.011689025201293
0.010000000000000	4.041867653767026
0.011000000000000	4.085779366086904
0.012000000000000	5.222638678292436
0.013000000000000	5.648277921369817
0.014000000000000	6.849460290241494
0.015000000000000	8.894523590342201
0.016000000000000	4.611025893417113
0.017000000000000	1.429404239978157
0.018000000000000	0.662280963070623
0.019000000000000	0.613403015766999
0.020000000000000	0.424228891725014
0.021000000000000	0.538515409283750
0.022000000000000	0.025373893897331
0.023000000000000	0.000000000000000
0.024000000000000	0.000000000000000
0.025000000000000	0.000000000000000
