-0.025000000000000	0.000000000000000
-0.024000000000000	0.000000000000000
-0.023000000000000	0.000000000000000
-0.022000000000000	0.000000000000000
-0.021000000000000	0.000000000000000
-0.020000000000000	0.000000000000000
-0.019000000000000	0.000000000000000
-0.018000000000000	0.887849745298271
-0.017000000000000	2.678349991519533
-0.016000000000000	2.301825932377719
-0.015000000000000	2.204929522212334
-0.014000000000000	3.436650174866766
-0.013000000000000	3.235847307135229
-0.012000000000000	2.447385832139276
-0.011000000000000	3.026368238658042
-0.010000000000000	2.088153543633683
-0.009000000000000	2.133831170471042
-0.008000000000000	3.278377663987669
-0.007000000000000	4.519278206039603
-0.006000000000000	6.534388587706007
-0.005000000000000	9.442037472529194
-0.004000000000000	15.390725365168555
-0.003000000000000	18.462166865383644
-0.002000000000000	20.149091041712559
-0.001000000000000	19.715130055304474
0.000000000000000	22.437285477479609
0.001000000000000	15.820408948365474
0.002000000000000	13.547107812960792
0.003000000000000	13.171485945923720
0.004000000000000	11.918877067693902
0.005000000000000	11.867915665859039
0.006000000000000	6.516042009252638
0.007000000000000	4.973743085528641
0.008000000000000	4.896478585748489
0.009000000000000	4.846440270685944
0.010000000000000	3.783453320807894
0.011000000000000	3.899196163925531
0.012000000000000	3.563256905724845
0.013000000000000	3.344271322128322
0.014000000000000	2.170704190239996
0.015000000000000	2.836710402066840
0.016000000000000	2.628363728744362
0.017000000000000	0.853616414086628
0.018000000000000	0.098442059648134
0.019000000000000	0.000000000000000
0.020000000000000	0.000000000000000
0.021000000000000	0.000000000000000
0.022000000000000	0.000000000000000
0.023000000000000	0.000000000000000
0.024000000000000	0.000000000000000
0.025000000000000	0.000000000000000
