-0.025000000000000	0.000000000000000
-0.024000000000000	0.000000000000000
-0.023000000000000	0.000000000000000
-0.022000000000000	0.000000000000000
-0.021000000000000	0.000000000000000
-0.020000000000000	0.000000000000000
-0.019000000000000	0.052952019867529
-0.018000000000000	0.899118670909219
-0.017000000000000	0.874368148753414
-0.016000000000000	0.974827556543432
-0.015000000000000	0.738411746312352
-0.014000000000000	0.622484428374664
-0.013000000000000	0.856141984695366
-0.012000000000000	0.727639715624558
-0.011000000000000	0.366936662723310
-0.010000000000000	0.827197319800295
-0.009000000000000	0.704589136655822
-0.008000000000000	0.831985774555916
-0.007000000000000	5.915955416191927
-0.006000000000000	15.674062084197477
-0.005000000000000	23.338919535622537
-0.004000000000000	19.154484353827961
-0.003000000000000	14.785233817047096
-0.002000000000000	12.463996232836525
-0.001000000000000	12.820864948068227
0.000000000000000	9.985619853710372
0.001000000000000	5.456673463472232
0.002000000000000	5.035591835005761
0.003000000000000	4.968382948485495
0.004000000000000	4.819219916058493
0.005000000000000	5.430016123555975
0.006000000000000	4.781421988501815
0.007000000000000	5.687309735699795
0.008000000000000	4.888543988189943
0.009000000000000	4.324988519264534
0.010000000000000	3.879020565277758
0.011000000000000	5.242910121062799
0.012000000000000	5.780152676175097
0.013000000000000	6.170003428139085
0.014000000000000	3.255252926757111
0.015000000000000	0.589324529147191
0.016000000000000	0.000000000000000
0.017000000000000	0.000000000000000
0.018000000000000	0.000000000000000
0.019000000000000	0.000000000000000
0.020000000000000	0.000000000000000
0.021000000000000	0.000000000000000
0.022000000000000	0.000000000000000
0.023000000000000	0.000000000000000
0.024000000000000	0.000000000000000
0.025000000000000	0.000000000000000
