-0.025000000000000	0.000000000000000
-0.024000000000000	0.000000000000000
-0.023000000000000	0.000000000000000
-0.022000000000000	0.000000000000000
-0.021000000000000	0.000000000000000
-0.020000000000000	0.000000000000000
-0.019000000000000	0.000000000000000
-0.018000000000000	0.000000000000000
-0.017000000000000	0.000000000000000
-0.016000000000000	0.000000000000000
-0.015000000000000	0.647427898411626
-0.014000000000000	1.011052730927165
-0.013000000000000	0.875135866038443
-0.012000000000000	1.064556524756733
-0.011000000000000	1.647483955032930
-0.010000000000000	2.283632449994320
-0.009000000000000	3.078770335451461
-0.008000000000000	4.062043054461225
-0.007000000000000	3.844510935038357
-0.006000000000000	6.679244525630845
-0.005000000000000	12.510539340589631
-0.004000000000000	18.931604651022745
-0.003000000000000	24.198554841275687
-0.002000000000000	28.019782244225567
-0.001000000000000	23.119188793296420
0.000000000000000	15.158546989794253
0.001000000000000	9.748569362275902
0.002000000000000	9.350515806500528
0.003000000000000	9.056718078493420
0.004000000000000	10.737393746594554
0.005000000000000	11.809188013291369
0.006000000000000	12.624799298823961
0.007000000000000	15.166820776868622
0.008000000000000	8.580575626781197
0.009000000000000	1.611464021928823
0.010000000000000	0.741806413759824
0.011000000000000	0.547449686728496
0.012000000000000	0.375514809551787
0.013000000000000	0.860359594536245
0.014000000000000	0.920047111541271
0.015000000000000	0.287791240480900
0.016000000000000	0.174513987131406
0.017000000000000	0.439604588825083
0.018000000000000	0.694765960108773
0.019000000000000	0.300442875377184
0.020000000000000	0.324152341429325
0.021000000000000	0.000000000000000
0.022000000000000	0.000000000000000
0.023000000000000	0.000000000000000
0.024000000000000	0.000000000000000
0.025000000000000	0.000000000000000
