-0.025000000000000	0.000000000000000
-0.024000000000000	0.000000000000000
-0.023000000000000	0.000000000000000
-0.022000000000000	0.000000000000000
-0.021000000000000	0.000000000000000
-0.020000000000000	0.000000000000000
-0.019000000000000	0.000000000000000
-0.018000000000000	0.000000000000000
-0.017000000000000	0.000000000000000
-0.016000000000000	0.000000000000000
-0.015000000000000	0.000000000000000
-0.014000000000000	0.000000000000000
-0.013000000000000	0.000000000000000
-0.012000000000000	0.000000000000000
-0.011000000000000	0.000000000000000
-0.010000000000000	0.614224920145973
-0.009000000000000	5.787470054824615
-0.008000000000000	7.946197194145886
-0.007000000000000	7.364587258610944
-0.006000000000000	9.576657581070808
-0.005000000000000	11.649569373576648
-0.004000000000000	15.741277133560326
-0.003000000000000	39.984149499067861
-0.002000000000000	50.770665707147323
-0.001000000000000	44.774845236110941
0.000000000000000	31.624541801439328
0.001000000000000	28.962811610895550
0.002000000000000	17.072091935528423
0.003000000000000	7.663398899813653
0.004000000000000	4.537888765792711
0.005000000000000	4.270122042151503
0.006000000000000	4.390855548919501
0.007000000000000	4.021772947836537
0.008000000000000	2.723009809455595
0.009000000000000	3.573854225692228
0.010000000000000	2.804632208201397
0.011000000000000	1.748966877766061
0.012000000000000	2.920490289448666
0.013000000000000	3.165663371644729
0.014000000000000	2.408820376876001
0.015000000000000	2.033597614474310
0.016000000000000	1.727176117119573
0.017000000000000	2.111060956385023
0.018000000000000	2.383467134628303
0.019000000000000	0.966791594285124
0.020000000000000	1.795224248609242
0.021000000000000	1.358501702278219
0.022000000000000	0.311475959600786
0.023000000000000	0.000000000000000
0.024000000000000	0.000000000000000
0.025000000000000	0.000000000000000
