-0.025000000000000	0.000000000000000
-0.024000000000000	0.000000000000000
-0.023000000000000	0.000000000000000
-0.022000000000000	0.000000000000000
-0.021000000000000	0.000000000000000
-0.020000000000000	0.000000000000000
-0.019000000000000	0.000000000000000
-0.018000000000000	0.000000000000000
-0.017000000000000	0.000000000000000
-0.016000000000000	0.000000000000000
-0.015000000000000	0.000000000000000
-0.014000000000000	0.000000000000000
-0.013000000000000	0.000000000000000
-0.012000000000000	0.000000000000000
-0.011000000000000	0.013330354603856
-0.010000000000000	0.880181890793552
-0.009000000000000	2.111661343525101
-0.008000000000000	2.564837585578507
-0.007000000000000	3.737042136916433
-0.006000000000000	9.050486846663732
-0.005000000000000	14.937250949150988
-0.004000000000000	25.697873911850195
-0.003000000000000	24.885329119131796
-0.002000000000000	22.926714619763448
-0.001000000000000	23.992736343820358
0.000000000000000	17.128796717631921
0.001000000000000	12.504496472415569
0.002000000000000	13.633065481509236
0.003000000000000	11.903290489538623
0.004000000000000	7.078795738270409
0.005000000000000	3.629686012604669
0.006000000000000	3.348341958871274
0.007000000000000	2.716319350666999
0.008000000000000	4.200851319805388
0.009000000000000	5.351563101688115
0.010000000000000	2.524473259867105
0.011000000000000	2.060529335732881
0.012000000000000	2.323657821865634
0.013000000000000	1.933121942536645
0.014000000000000	1.428568890133244
0.015000000000000	2.098937145884403
0.016000000000000	1.312636179254743
0.017000000000000	0.538616808287790
0.018000000000000	0.389730226830834
0.019000000000000	0.680616223691985
0.020000000000000	0.179970880010745
0.021000000000000	0.000000000000000
0.022000000000000	0.000000000000000
0.023000000000000	0.000000000000000
0.024000000000000	0.000000000000000
0.025000000000000	0.000000000000000
