-0.025000000000000	0.000000000000000
-0.024000000000000	0.000000000000000
-0.023000000000000	0.000000000000000
-0.022000000000000	0.000000000000000
-0.021000000000000	0.000000000000000
-0.020000000000000	0.000000000000000
-0.019000000000000	0.000000000000000
-0.018000000000000	0.000000000000000
-0.017000000000000	0.000000000000000
-0.016000000000000	0.000000000000000
-0.015000000000000	0.000000000000000
-0.014000000000000	0.000000000000000
-0.013000000000000	0.000000000000000
-0.012000000000000	0.000000000000000
-0.011000000000000	0.140262228747534
-0.010000000000000	1.666893623171225
-0.009000000000000	3.513855691566991
-0.008000000000000	4.436404836287059
-0.007000000000000	7.049345660956737
-0.006000000000000	8.914710495250819
-0.005000000000000	17.769056457282936
-0.004000000000000	26.492251419161320
-0.003000000000000	32.398647982034817
-0.002000000000000	26.613714424721284
-0.001000000000000	21.497251786849635
0.000000000000000	15.335064865508247
0.001000000000000	9.803852158521202
0.002000000000000	6.356493117213101
0.003000000000000	4.982564210388070
0.004000000000000	4.506670793657021
0.005000000000000	4.324897783412411
0.006000000000000	4.777600748627569
0.007000000000000	5.244624108286835
0.008000000000000	10.002334340589160
0.009000000000000	10.731572831640767
0.010000000000000	6.211622646192400
0.011000000000000	5.085220944193339
0.012000000000000	3.406131150198280
0.013000000000000	1.297648241230440
0.014000000000000	0.575469555978734
0.015000000000000	0.811168399803950
0.016000000000000	0.041330690145303
0.017000000000000	0.767341120090427
0.018000000000000	0.647194185694037
0.019000000000000	0.482678215888922
0.020000000000000	0.374420762292039
0.021000000000000	0.000000000000000
0.022000000000000	0.000000000000000
0.023000000000000	0.000000000000000
0.024000000000000	0.000000000000000
0.025000000000000	0.000000000000000
