-0.025000000000000	0.000000000000000
-0.024000000000000	0.000000000000000
-0.023000000000000	0.000000000000000
-0.022000000000000	0.000000000000000
-0.021000000000000	0.000000000000000
-0.020000000000000	0.000000000000000
-0.019000000000000	0.000000000000000
-0.018000000000000	0.000000000000000
-0.017000000000000	0.000000000000000
-0.016000000000000	0.000000000000000
-0.015000000000000	0.000000000000000
-0.014000000000000	0.000000000000000
-0.013000000000000	0.000000000000000
-0.012000000000000	0.000000000000000
-0.011000000000000	0.000000000000000
-0.010000000000000	0.000000000000000
-0.009000000000000	0.000000000000000
-0.008000000000000	0.373761171642312
-0.007000000000000	1.945265922221078
-0.006000000000000	9.105398678998135
-0.005000000000000	20.241175265321321
-0.004000000000000	25.752666656141045
-0.003000000000000	36.021660369221301
-0.002000000000000	33.009579663842437
-0.001000000000000	31.857258156216925
0.000000000000000	29.540839304314634
0.001000000000000	24.710186940372807
0.002000000000000	15.058693447524011
0.003000000000000	10.435751115753259
0.004000000000000	11.228147873283850
0.005000000000000	12.493869659104771
0.006000000000000	10.782307729332748
0.007000000000000	1.983593117931691
0.008000000000000	1.208875413947913
0.009000000000000	1.666335245462238
0.010000000000000	1.248724414816902
0.011000000000000	1.555431206784637
0.012000000000000	1.358237714487647
0.013000000000000	1.962377230532934
0.014000000000000	3.127047931837784
0.015000000000000	2.113774933225726
0.016000000000000	1.591744993394815
0.017000000000000	0.299404305927860
0.018000000000000	0.000000000000000
0.019000000000000	0.000000000000000
0.020000000000000	0.000000000000000
0.021000000000000	0.000000000000000
0.022000000000000	0.000000000000000
0.023000000000000	0.000000000000000
0.024000000000000	0.000000000000000
0.025000000000000	0.000000000000000
