-0.025000000000000	0.000000000000000
-0.024000000000000	0.000000000000000
-0.023000000000000	0.000000000000000
-0.022000000000000	0.000000000000000
-0.021000000000000	0.000000000000000
-0.020000000000000	0.000000000000000
-0.019000000000000	0.000000000000000
-0.018000000000000	0.000000000000000
-0.017000000000000	0.000000000000000
-0.016000000000000	0.000000000000000
-0.015000000000000	0.000000000000000
-0.014000000000000	0.000000000000000
-0.013000000000000	0.000000000000000
-0.012000000000000	0.000000000000000
-0.011000000000000	0.424362905737261
-0.010000000000000	1.915772441549586
-0.009000000000000	2.305556783062483
-0.008000000000000	2.939991858399191
-0.007000000000000	3.886311620910303
-0.006000000000000	5.900233498010062
-0.005000000000000	16.035839494747602
-0.004000000000000	35.925611448006514
-0.003000000000000	43.328955667853762
-0.002000000000000	32.202986819852036
-0.001000000000000	26.416767136200310
0.000000000000000	26.563107033153727
0.001000000000000	23.894573010402222
0.002000000000000	14.586687530546081
0.003000000000000	8.752824453845031
0.004000000000000	6.680963644121932
0.005000000000000	9.113061125418827
0.006000000000000	13.631498287730016
0.007000000000000	7.293290909984205
0.008000000000000	3.154268516373528
0.009000000000000	3.628315884252131
0.010000000000000	3.044379531728615
0.011000000000000	1.575176167268139
0.012000000000000	1.865516112721867
0.013000000000000	1.959638781007681
0.014000000000000	1.328095085856027
0.015000000000000	1.130337288094210
0.016000000000000	1.793519140207170
0.017000000000000	1.222909666914671
0.018000000000000	1.249729714125208
0.019000000000000	1.210083196611107
0.020000000000000	0.252075873963714
0.021000000000000	0.000000000000000
0.022000000000000	0.000000000000000
0.023000000000000	0.000000000000000
0.024000000000000	0.000000000000000
0.025000000000000	0.000000000000000
