-0.025000000000000	0.000000000000000
-0.024000000000000	0.000000000000000
-0.023000000000000	0.000000000000000
-0.022000000000000	0.000000000000000
-0.021000000000000	0.000000000000000
-0.020000000000000	0.000000000000000
-0.019000000000000	0.260640834703803
-0.018000000000000	0.991012795855773
-0.017000000000000	1.130588725126077
-0.016000000000000	0.901968247160509
-0.015000000000000	2.682683369013824
-0.014000000000000	3.270772354341929
-0.013000000000000	3.187033952054108
-0.012000000000000	2.762286994729937
-0.011000000000000	4.470808059912650
-0.010000000000000	3.787994235839379
-0.009000000000000	4.671156838270317
-0.008000000000000	5.240148341890850
-0.007000000000000	10.785332906179327
-0.006000000000000	22.235430901723340
-0.005000000000000	21.767674499429827
-0.004000000000000	20.815384973060581
-0.003000000000000	22.672210267126545
-0.002000000000000	17.083184299061141
-0.001000000000000	16.330176817846223
0.000000000000000	15.133571497123706
0.001000000000000	15.712587872592882
0.002000000000000	15.605646254359462
0.003000000000000	16.993524860074380
0.004000000000000	14.543639679797783
0.005000000000000	17.973528819213399
0.006000000000000	14.399070306592426
0.007000000000000	6.303187822655639
0.008000000000000	6.122753310661637
0.009000000000000	4.271588286975486
0.010000000000000	4.281092487353060
0.011000000000000	5.876769594397816
0.012000000000000	6.819770362846984
0.013000000000000	5.474136837274219
0.014000000000000	4.030374565773783
0.015000000000000	5.299571142998180
0.016000000000000	0.935388143190612
0.017000000000000	0.728832750626054
0.018000000000000	0.572079541494770
0.019000000000000	0.403586852257130
0.020000000000000	0.072321101799177
0.021000000000000	0.000000000000000
0.022000000000000	0.000000000000000
0.023000000000000	0.000000000000000
0.024000000000000	0.000000000000000
0.025000000000000	0.000000000000000
