-0.025000000000000	0.000000000000000
-0.024000000000000	0.000000000000000
-0.023000000000000	0.000000000000000
-0.022000000000000	0.000000000000000
-0.021000000000000	0.000000000000000
-0.020000000000000	0.000000000000000
-0.019000000000000	0.000000000000000
-0.018000000000000	0.000000000000000
-0.017000000000000	0.000000000000000
-0.016000000000000	0.000000000000000
-0.015000000000000	0.008860579914575
-0.014000000000000	0.785871799944943
-0.013000000000000	1.273359692917750
-0.012000000000000	2.159649742694051
-0.011000000000000	2.875554888538713
-0.010000000000000	5.971023584790434
-0.009000000000000	8.116093312618585
-0.008000000000000	9.426923982830468
-0.007000000000000	12.671956589007134
-0.006000000000000	13.472363000147954
-0.005000000000000	18.101836652723712
-0.004000000000000	23.447985848591419
-0.003000000000000	28.311583060681713
-0.002000000000000	21.737736370661136
-0.001000000000000	17.005957622475215
0.000000000000000	22.743314117379335
0.001000000000000	23.522181245237846
0.002000000000000	18.803925700344976
0.003000000000000	14.996393417674172
0.004000000000000	11.558081319005712
0.005000000000000	10.306157303070290
0.006000000000000	7.975956944490704
0.007000000000000	5.798845061644651
0.008000000000000	6.195452594641489
0.009000000000000	6.116675411216987
0.010000000000000	4.100165889771995
0.011000000000000	4.000667096550991
0.012000000000000	3.567048499424659
0.013000000000000	3.184638611112903
0.014000000000000	3.937728190288138
0.015000000000000	4.854154291758665
0.016000000000000	4.388381181944643
0.017000000000000	1.844244066191549
0.018000000000000	0.040956137195663
0.019000000000000	0.000000000000000
0.020000000000000	0.000000000000000
0.021000000000000	0.000000000000000
0.022000000000000	0.000000000000000
0.023000000000000	0.000000000000000
0.024000000000000	0.000000000000000
0.025000000000000	0.000000000000000
