-0.025000000000000	0.000000000000000
-0.024000000000000	0.000000000000000
-0.023000000000000	0.000000000000000
-0.022000000000000	0.000000000000000
-0.021000000000000	0.000000000000000
-0.020000000000000	0.000000000000000
-0.019000000000000	0.000000000000000
-0.018000000000000	0.000000000000000
-0.017000000000000	0.000000000000000
-0.016000000000000	0.000000000000000
-0.015000000000000	0.000000000000000
-0.014000000000000	0.715494743976661
-0.013000000000000	3.474953090184504
-0.012000000000000	2.746151361409332
-0.011000000000000	3.995982590337698
-0.010000000000000	5.585139379858721
-0.009000000000000	5.026197115569206
-0.008000000000000	5.784835969564888
-0.007000000000000	7.705431355637911
-0.006000000000000	9.140791603359833
-0.005000000000000	13.090719290273908
-0.004000000000000	24.677068142921744
-0.003000000000000	31.435018610437208
-0.002000000000000	30.665445753111939
-0.001000000000000	25.170573214362665
0.000000000000000	21.245213516137369
0.001000000000000	17.240651153641156
0.002000000000000	9.243360962031751
0.003000000000000	6.631846704509939
0.004000000000000	5.007433720047962
0.005000000000000	6.449865946111122
0.006000000000000	5.089999310914140
0.007000000000000	4.943762032185490
0.008000000000000	4.049358102414391
0.009000000000000	4.674716935796837
0.010000000000000	4.766763556387713
0.011000000000000	4.835571232860236
0.012000000000000	4.473213402400297
0.013000000000000	3.251158328063546
0.014000000000000	3.921820739384841
0.015000000000000	4.501031035491394
0.016000000000000	4.816334291101811
0.017000000000000	1.429899043488379
0.018000000000000	1.015158262055449
0.019000000000000	0.917522434877683
0.020000000000000	0.513781348171911
0.021000000000000	0.773500740150788
0.022000000000000	0.000000000000000
0.023000000000000	0.000000000000000
0.024000000000000	0.000000000000000
0.025000000000000	0.000000000000000
