-0.025000000000000	0.000000000000000
-0.024000000000000	0.000000000000000
-0.023000000000000	0.000000000000000
-0.022000000000000	0.000000000000000
-0.021000000000000	0.000000000000000
-0.020000000000000	0.000000000000000
-0.019000000000000	0.000000000000000
-0.018000000000000	0.000000000000000
-0.017000000000000	0.000000000000000
-0.016000000000000	0.000000000000000
-0.015000000000000	0.000000000000000
-0.014000000000000	0.000000000000000
-0.013000000000000	0.000000000000000
-0.012000000000000	0.124350221266092
-0.011000000000000	1.425189909638225
-0.010000000000000	1.844389201732777
-0.009000000000000	2.232832199996972
-0.008000000000000	3.652630696925587
-0.007000000000000	8.434051554842476
-0.006000000000000	16.465696374020489
-0.005000000000000	25.689181882984485
-0.004000000000000	20.784894801413490
-0.003000000000000	17.467730590369083
-0.002000000000000	14.809173757117183
-0.001000000000000	14.682268917614614
0.000000000000000	14.992930509218361
0.001000000000000	15.119029278060768
0.002000000000000	14.111844964323312
0.003000000000000	6.588777033003272
0.004000000000000	4.703643393410748
0.005000000000000	4.509282402068518
0.006000000000000	4.321277673149899
0.007000000000000	6.773173235339286
0.008000000000000	10.521626373889772
0.009000000000000	5.406480562014677
0.010000000000000	4.519976800945115
0.011000000000000	4.246754340565499
0.012000000000000	3.513541586618631
0.013000000000000	1.500148025041452
0.014000000000000	2.027535144073654
0.015000000000000	2.464028216621331
0.016000000000000	1.356629860515755
0.017000000000000	0.000000000000000
0.018000000000000	0.000000000000000
0.019000000000000	0.000000000000000
0.020000000000000	0.000000000000000
0.021000000000000	0.000000000000000
0.022000000000000	0.000000000000000
0.023000000000000	0.000000000000000
0.024000000000000	0.000000000000000
0.025000000000000	0.000000000000000
