-0.025000000000000	0.000000000000000
-0.024000000000000	0.000000000000000
-0.023000000000000	0.000000000000000
-0.022000000000000	0.000000000000000
-0.021000000000000	0.000000000000000
-0.020000000000000	0.000000000000000
-0.019000000000000	0.000000000000000
-0.018000000000000	0.000000000000000
-0.017000000000000	1.265884106932275
-0.016000000000000	1.697969663113584
-0.015000000000000	3.055418047090626
-0.014000000000000	3.660567064250531
-0.013000000000000	4.240706873212292
-0.012000000000000	3.000470997590538
-0.011000000000000	5.772776498517358
-0.010000000000000	6.329583787648277
-0.009000000000000	9.891831833655244
-0.008000000000000	9.644897563109543
-0.007000000000000	13.732868487894725
-0.006000000000000	15.207510617948826
-0.005000000000000	14.137487493028070
-0.004000000000000	14.910624806596195
-0.003000000000000	13.014486772611180
-0.002000000000000	13.931282790927218
-0.001000000000000	12.925574960485934
0.000000000000000	15.128043662680726
0.001000000000000	13.648589213564705
0.002000000000000	12.379418153537603
0.003000000000000	11.971011668246909
0.004000000000000	9.522554575503992
0.005000000000000	8.678774455652206
0.006000000000000	7.726937274379694
0.007000000000000	6.267627728674772
0.008000000000000	7.027901883436674
0.009000000000000	6.877609576793057
0.010000000000000	6.320658401162688
0.011000000000000	5.005179963577100
0.012000000000000	7.683162351697200
0.013000000000000	7.139019757981003
0.014000000000000	7.909264101202238
0.015000000000000	6.032959127635782
0.016000000000000	1.821260188644411
0.017000000000000	1.239476341941157
0.018000000000000	0.619524968601346
0.019000000000000	0.137194306864380
0.020000000000000	0.000000000000000
0.021000000000000	0.000000000000000
0.022000000000000	0.000000000000000
0.023000000000000	0.000000000000000
0.024000000000000	0.000000000000000
0.025000000000000	0.000000000000000
