-0.025000000000000	0.000000000000000
-0.024000000000000	0.000000000000000
-0.023000000000000	0.000000000000000
-0.022000000000000	0.000000000000000
-0.021000000000000	0.000000000000000
-0.020000000000000	0.000000000000000
-0.019000000000000	0.000000000000000
-0.018000000000000	0.000000000000000
-0.017000000000000	0.000000000000000
-0.016000000000000	0.000000000000000
-0.015000000000000	0.511609665945150
-0.014000000000000	0.887320825603724
-0.013000000000000	1.455836837233559
-0.012000000000000	1.994215201527681
-0.011000000000000	2.244789707617765
-0.010000000000000	2.132195213832899
-0.009000000000000	2.323883961796687
-0.008000000000000	2.508214780011589
-0.007000000000000	2.310634250777618
-0.006000000000000	6.848035841424441
-0.005000000000000	10.512039179254344
-0.004000000000000	18.774124003018368
-0.003000000000000	23.623635391578812
-0.002000000000000	24.346901593274644
-0.001000000000000	22.392983576256029
0.000000000000000	20.890686851809136
0.001000000000000	8.885147124843476
0.002000000000000	8.503658306950532
0.003000000000000	8.513931359786955
0.004000000000000	10.003355044031466
0.005000000000000	10.235284502114178
0.006000000000000	14.294144943139367
0.007000000000000	8.227440573030936
0.008000000000000	3.235174741174910
0.009000000000000	2.417417033051140
0.010000000000000	1.667055770747626
0.011000000000000	1.945656740412627
0.012000000000000	2.397588463888587
0.013000000000000	1.864455544897349
0.014000000000000	2.376581022745630
0.015000000000000	0.452260218256596
0.016000000000000	0.575813299107613
0.017000000000000	0.102057125602559
0.018000000000000	0.000000000000000
0.019000000000000	0.000000000000000
0.020000000000000	0.000000000000000
0.021000000000000	0.000000000000000
0.022000000000000	0.000000000000000
0.023000000000000	0.000000000000000
0.024000000000000	0.000000000000000
0.025000000000000	0.000000000000000
