-0.025000000000000	0.000000000000000
-0.024000000000000	0.000000000000000
-0.023000000000000	0.000000000000000
-0.022000000000000	0.000000000000000
-0.021000000000000	0.000000000000000
-0.020000000000000	0.000000000000000
-0.019000000000000	0.000000000000000
-0.018000000000000	0.000000000000000
-0.017000000000000	0.000000000000000
-0.016000000000000	0.000000000000000
-0.015000000000000	0.000000000000000
-0.014000000000000	0.000000000000000
-0.013000000000000	0.709818872336639
-0.012000000000000	1.637856267075949
-0.011000000000000	4.612608448194405
-0.010000000000000	4.537208239384407
-0.009000000000000	5.348832745449842
-0.008000000000000	7.885573534325385
-0.007000000000000	10.052075974287465
-0.006000000000000	10.719251640572645
-0.005000000000000	10.372309975486987
-0.004000000000000	11.206178237823144
-0.003000000000000	11.854255600176014
-0.002000000000000	11.628607542593013
-0.001000000000000	9.797424151355029
0.000000000000000	8.506392803754348
0.001000000000000	5.783407484126388
0.002000000000000	4.630263652516269
0.003000000000000	5.925963554965808
0.004000000000000	5.252939323062040
0.005000000000000	4.024998355220736
0.006000000000000	3.515597378234428
0.007000000000000	5.006530956891996
0.008000000000000	4.433768153781385
0.009000000000000	4.176166770962872
0.010000000000000	4.658052260417357
0.011000000000000	4.914711358127263
0.012000000000000	3.035461789505613
0.013000000000000	4.308460800578675
0.014000000000000	4.909404828507175
0.015000000000000	3.387622863700815
0.016000000000000	1.124108601694252
0.017000000000000	0.086494184968678
0.018000000000000	0.000000000000000
0.019000000000000	0.000000000000000
0.020000000000000	0.000000000000000
0.021000000000000	0.000000000000000
0.022000000000000	0.000000000000000
0.023000000000000	0.000000000000000
0.024000000000000	0.000000000000000
0.025000000000000	0.000000000000000
