-0.025000000000000	0.000000000000000
-0.024000000000000	0.000000000000000
-0.023000000000000	0.000000000000000
-0.022000000000000	0.000000000000000
-0.021000000000000	0.000000000000000
-0.020000000000000	0.000000000000000
-0.019000000000000	0.000000000000000
-0.018000000000000	0.000000000000000
-0.017000000000000	0.000000000000000
-0.016000000000000	0.000000000000000
-0.015000000000000	0.000000000000000
-0.014000000000000	0.000000000000000
-0.013000000000000	0.000000000000000
-0.012000000000000	0.000000000000000
-0.011000000000000	0.016634544526334
-0.010000000000000	0.827079310567203
-0.009000000000000	1.220205787536449
-0.008000000000000	3.014774753497987
-0.007000000000000	7.455780747177625
-0.006000000000000	8.948797780227681
-0.005000000000000	11.547932762836322
-0.004000000000000	21.040720359993443
-0.003000000000000	22.682506423488736
-0.002000000000000	23.733144292814668
-0.001000000000000	25.130430440301783
0.000000000000000	24.763206422789967
0.001000000000000	17.432839847449451
0.002000000000000	8.551789142833757
0.003000000000000	6.914803025205428
0.004000000000000	4.370182734278942
0.005000000000000	3.782615736205584
0.006000000000000	2.750313247061066
0.007000000000000	3.638254955460557
0.008000000000000	2.707039127609651
0.009000000000000	1.908347250939386
0.010000000000000	2.928097661811786
0.011000000000000	2.824636470104338
0.012000000000000	2.314668675384773
0.013000000000000	2.164187117237979
0.014000000000000	2.102206030162877
0.015000000000000	1.874675813593744
0.016000000000000	2.698111218115080
0.017000000000000	1.142571355257785
0.018000000000000	0.403450088598560
0.019000000000000	0.516438052550415
0.020000000000000	0.232322333125821
0.021000000000000	0.000000000000000
0.022000000000000	0.000000000000000
0.023000000000000	0.000000000000000
0.024000000000000	0.000000000000000
0.025000000000000	0.000000000000000
