-0.025000000000000	0.000000000000000
-0.024000000000000	0.000000000000000
-0.023000000000000	0.000000000000000
-0.022000000000000	0.000000000000000
-0.021000000000000	0.000000000000000
-0.020000000000000	0.000000000000000
-0.019000000000000	0.000000000000000
-0.018000000000000	0.000000000000000
-0.017000000000000	0.000000000000000
-0.016000000000000	0.000000000000000
-0.015000000000000	0.000000000000000
-0.014000000000000	0.000000000000000
-0.013000000000000	0.000000000000000
-0.012000000000000	0.134360725938621
-0.011000000000000	0.608748336326605
-0.010000000000000	0.889545723872270
-0.009000000000000	1.546692253285680
-0.008000000000000	4.995868644944647
-0.007000000000000	7.386055662349837
-0.006000000000000	8.670447843828256
-0.005000000000000	13.973259401667047
-0.004000000000000	28.787880524129928
-0.003000000000000	41.512440495749900
-0.002000000000000	39.603208491277833
-0.001000000000000	38.893270289293497
0.000000000000000	35.462841290494914
0.001000000000000	33.379496972687924
0.002000000000000	21.706059614332467
0.003000000000000	8.078854825865006
0.004000000000000	5.105751032879517
0.005000000000000	4.977532464911397
0.006000000000000	3.957636829186353
0.007000000000000	3.938764559897131
0.008000000000000	6.133879346262032
0.009000000000000	3.549560618416306
0.010000000000000	3.156157445129549
0.011000000000000	2.208477416181466
0.012000000000000	2.480016353947951
0.013000000000000	3.253023065653816
0.014000000000000	3.233127575681941
0.015000000000000	5.542395400835884
0.016000000000000	2.981261404867620
0.017000000000000	1.064269558149189
0.018000000000000	0.065967009166460
0.019000000000000	0.000000000000000
0.020000000000000	0.000000000000000
0.021000000000000	0.000000000000000
0.022000000000000	0.000000000000000
0.023000000000000	0.000000000000000
0.024000000000000	0.000000000000000
0.025000000000000	0.000000000000000
