-0.025000000000000	0.000000000000000
-0.024000000000000	0.000000000000000
-0.023000000000000	0.000000000000000
-0.022000000000000	0.000000000000000
-0.021000000000000	0.000000000000000
-0.020000000000000	0.000000000000000
-0.019000000000000	0.000000000000000
-0.018000000000000	0.000000000000000
-0.017000000000000	0.000000000000000
-0.016000000000000	0.000000000000000
-0.015000000000000	0.524140560448564
-0.014000000000000	1.146320330760703
-0.013000000000000	1.923931437529196
-0.012000000000000	2.171404513705090
-0.011000000000000	2.217942444132191
-0.010000000000000	3.599614007824592
-0.009000000000000	3.249808687109295
-0.008000000000000	3.102802335188497
-0.007000000000000	5.172882310572316
-0.006000000000000	12.474899741463380
-0.005000000000000	16.989865377847117
-0.004000000000000	19.522035455213082
-0.003000000000000	26.640427279249565
-0.002000000000000	28.998363676943733
-0.001000000000000	27.651478968558223
0.000000000000000	24.750373819446470
0.001000000000000	20.824370597350484
0.002000000000000	12.441840759918618
0.003000000000000	9.346831407338126
0.004000000000000	10.423062846028090
0.005000000000000	9.954841800257709
0.006000000000000	10.479069156922003
0.007000000000000	6.131622090155773
0.008000000000000	4.092200761290099
0.009000000000000	4.137502160895104
0.010000000000000	2.750153524588281
0.011000000000000	2.323573441463722
0.012000000000000	2.985311666623756
0.013000000000000	2.744673196084413
0.014000000000000	5.291807663126360
0.015000000000000	3.839112261877740
0.016000000000000	0.569976069239549
0.017000000000000	0.583227618771325
0.018000000000000	0.252151334892064
0.019000000000000	0.450836496076489
0.020000000000000	0.000000000000000
0.021000000000000	0.000000000000000
0.022000000000000	0.000000000000000
0.023000000000000	0.000000000000000
0.024000000000000	0.000000000000000
0.025000000000000	0.000000000000000
