-0.025000000000000	0.000000000000000
-0.024000000000000	0.000000000000000
-0.023000000000000	0.000000000000000
-0.022000000000000	0.000000000000000
-0.021000000000000	0.000000000000000
-0.020000000000000	0.000000000000000
-0.019000000000000	0.000000000000000
-0.018000000000000	0.000000000000000
-0.017000000000000	0.000000000000000
-0.016000000000000	0.000000000000000
-0.015000000000000	0.000000000000000
-0.014000000000000	0.000000000000000
-0.013000000000000	0.000000000000000
-0.012000000000000	0.000000000000000
-0.011000000000000	0.000000000000000
-0.010000000000000	0.000000000000000
-0.009000000000000	0.000000000000000
-0.008000000000000	0.065125654309723
-0.007000000000000	3.232544503634276
-0.006000000000000	8.820961345912920
-0.005000000000000	13.665785902138119
-0.004000000000000	17.724138655098898
-0.003000000000000	21.596987471070936
-0.002000000000000	30.594490936222680
-0.001000000000000	31.158390048651242
0.000000000000000	26.195671797760959
0.001000000000000	22.742916159425487
0.002000000000000	14.911850986069346
0.003000000000000	15.013340667041406
0.004000000000000	5.349694685015433
0.005000000000000	3.278971109905469
0.006000000000000	2.338651166923030
0.007000000000000	2.622651969214624
0.008000000000000	1.777986507415346
0.009000000000000	2.063055134629807
0.010000000000000	1.900918854310642
0.011000000000000	1.529005249254420
0.012000000000000	1.291925330644559
0.013000000000000	1.735809542895912
0.014000000000000	0.843215682007073
0.015000000000000	1.683660323319312
0.016000000000000	1.094020503926240
0.017000000000000	1.187799813260175
0.018000000000000	1.065276729711323
0.019000000000000	0.230281629015264
0.020000000000000	0.000000000000000
0.021000000000000	0.000000000000000
0.022000000000000	0.000000000000000
0.023000000000000	0.000000000000000
0.024000000000000	0.000000000000000
0.025000000000000	0.000000000000000
