-0.025000000000000	0.000000000000000
-0.024000000000000	0.000000000000000
-0.023000000000000	0.000000000000000
-0.022000000000000	0.000000000000000
-0.021000000000000	0.000000000000000
-0.020000000000000	0.000000000000000
-0.019000000000000	0.000000000000000
-0.018000000000000	0.049190139737857
-0.017000000000000	0.893730597130989
-0.016000000000000	0.760281472138579
-0.015000000000000	1.524191829658866
-0.014000000000000	0.663950171872305
-0.013000000000000	0.551015873797710
-0.012000000000000	1.695239344344791
-0.011000000000000	1.238532561635909
-0.010000000000000	2.049152017034893
-0.009000000000000	2.227364386363406
-0.008000000000000	2.691583351231400
-0.007000000000000	3.969395320423616
-0.006000000000000	6.732686010351935
-0.005000000000000	12.284753890671817
-0.004000000000000	17.701669973591883
-0.003000000000000	26.365555582531737
-0.002000000000000	22.395616407382843
-0.001000000000000	23.182507757136143
0.000000000000000	22.223111236244875
0.001000000000000	19.280925962349450
0.002000000000000	15.005767033395816
0.003000000000000	11.044770343420588
0.004000000000000	12.450748424581503
0.005000000000000	12.782329000363422
0.006000000000000	8.503817995806477
0.007000000000000	3.653003797336958
0.008000000000000	3.472198428310278
0.009000000000000	3.460997114176044
0.010000000000000	2.887018949457515
0.011000000000000	3.906082574932519
0.012000000000000	3.596508670179439
0.013000000000000	1.126818268305595
0.014000000000000	0.577940486189238
0.015000000000000	0.351578945630129
0.016000000000000	0.510245897474014
0.017000000000000	0.523439947923937
0.018000000000000	0.445686325681735
0.019000000000000	0.348241828343281
0.020000000000000	0.098948327663054
0.021000000000000	0.000000000000000
0.022000000000000	0.000000000000000
0.023000000000000	0.000000000000000
0.024000000000000	0.000000000000000
0.025000000000000	0.000000000000000
