-0.025000000000000	0.000000000000000
-0.024000000000000	0.000000000000000
-0.023000000000000	0.000000000000000
-0.022000000000000	0.000000000000000
-0.021000000000000	0.000000000000000
-0.020000000000000	0.000000000000000
-0.019000000000000	0.000000000000000
-0.018000000000000	0.000000000000000
-0.017000000000000	0.000000000000000
-0.016000000000000	0.000000000000000
-0.015000000000000	0.000000000000000
-0.014000000000000	0.000000000000000
-0.013000000000000	0.000000000000000
-0.012000000000000	0.000000000000000
-0.011000000000000	0.000000000000000
-0.010000000000000	0.506560117812160
-0.009000000000000	2.355469348245148
-0.008000000000000	2.887524749406246
-0.007000000000000	3.464823922300541
-0.006000000000000	6.283793766003966
-0.005000000000000	9.671786779056539
-0.004000000000000	23.323182728316247
-0.003000000000000	45.780013108514957
-0.002000000000000	46.582134605506035
-0.001000000000000	34.764888448823427
0.000000000000000	30.839462673027423
0.001000000000000	24.897124517664615
0.002000000000000	18.979767618765766
0.003000000000000	5.937346502474541
0.004000000000000	3.436328205216382
0.005000000000000	3.214005668039174
0.006000000000000	2.318049893324336
0.007000000000000	2.027229066272139
0.008000000000000	2.020869558412525
0.009000000000000	1.923692010292078
0.010000000000000	1.906189034366072
0.011000000000000	1.914270651322451
0.012000000000000	1.721914849243577
0.013000000000000	1.726479637136729
0.014000000000000	2.217311303667103
0.015000000000000	2.819519762333246
0.016000000000000	6.566183077889245
0.017000000000000	2.435081487157575
0.018000000000000	1.187150492997632
0.019000000000000	0.793540800777039
0.020000000000000	0.259147426136713
0.021000000000000	0.045184805489600
0.022000000000000	0.000000000000000
0.023000000000000	0.000000000000000
0.024000000000000	0.000000000000000
0.025000000000000	0.000000000000000
