-0.025000000000000	0.000000000000000
-0.024000000000000	0.000000000000000
-0.023000000000000	0.000000000000000
-0.022000000000000	0.000000000000000
-0.021000000000000	0.000000000000000
-0.020000000000000	0.000000000000000
-0.019000000000000	0.000000000000000
-0.018000000000000	0.000000000000000
-0.017000000000000	0.000000000000000
-0.016000000000000	0.000000000000000
-0.015000000000000	0.000000000000000
-0.014000000000000	0.000000000000000
-0.013000000000000	0.000000000000000
-0.012000000000000	0.000000000000000
-0.011000000000000	0.000000000000000
-0.010000000000000	0.199004452395788
-0.009000000000000	0.895527281354774
-0.008000000000000	1.091788274922315
-0.007000000000000	0.907089272847371
-0.006000000000000	3.391281075873618
-0.005000000000000	10.997398342198924
-0.004000000000000	23.300963031915668
-0.003000000000000	35.617376028480741
-0.002000000000000	35.696264748155677
-0.001000000000000	26.815853556066909
0.000000000000000	20.153591528974570
0.001000000000000	18.445866989748598
0.002000000000000	14.650151330660078
0.003000000000000	7.884648492763235
0.004000000000000	8.284952439259390
0.005000000000000	7.630448828496646
0.006000000000000	7.461580080151496
0.007000000000000	8.228370046646894
0.008000000000000	6.836859845449910
0.009000000000000	1.274409517188610
0.010000000000000	0.930550085961392
0.011000000000000	0.631525741721453
0.012000000000000	0.455857897392128
0.013000000000000	0.535658281357525
0.014000000000000	0.747876585126169
0.015000000000000	0.591003801591640
0.016000000000000	0.326396567027928
0.017000000000000	0.679566914850939
0.018000000000000	0.427786862967612
0.019000000000000	0.537131286412809
0.020000000000000	0.164603271950998
0.021000000000000	0.000000000000000
0.022000000000000	0.000000000000000
0.023000000000000	0.000000000000000
0.024000000000000	0.000000000000000
0.025000000000000	0.000000000000000
