-0.025000000000000	0.000000000000000
-0.024000000000000	0.000000000000000
-0.023000000000000	0.000000000000000
-0.022000000000000	0.000000000000000
-0.021000000000000	0.000000000000000
-0.020000000000000	0.000000000000000
-0.019000000000000	0.000000000000000
-0.018000000000000	0.000000000000000
-0.017000000000000	0.000000000000000
-0.016000000000000	0.000000000000000
-0.015000000000000	0.000000000000000
-0.014000000000000	0.000000000000000
-0.013000000000000	0.000000000000000
-0.012000000000000	0.000000000000000
-0.011000000000000	0.000000000000000
-0.010000000000000	0.227064986925463
-0.009000000000000	2.183977806602075
-0.008000000000000	2.250431102175729
-0.007000000000000	3.730428978875922
-0.006000000000000	10.866734934085688
-0.005000000000000	17.645840005696130
-0.004000000000000	18.023274905571576
-0.003000000000000	31.283637292182824
-0.002000000000000	28.355174456678430
-0.001000000000000	21.824636082272214
0.000000000000000	15.273122637551131
0.001000000000000	16.535696908470463
0.002000000000000	16.675757116473960
0.003000000000000	10.867089439497228
0.004000000000000	12.183647536849943
0.005000000000000	11.288909215395732
0.006000000000000	12.235710663426074
0.007000000000000	5.961924824275897
0.008000000000000	2.758212411367311
0.009000000000000	2.163507503919117
0.010000000000000	2.205954719943883
0.011000000000000	2.129602571887364
0.012000000000000	0.688934718490595
0.013000000000000	0.273123070878922
0.014000000000000	0.805473995868168
0.015000000000000	1.204685987066525
0.016000000000000	0.298075253607095
0.017000000000000	0.288435655754424
0.018000000000000	0.645242536322402
0.019000000000000	0.595983727734321
0.020000000000000	0.017886099129421
0.021000000000000	0.000000000000000
0.022000000000000	0.000000000000000
0.023000000000000	0.000000000000000
0.024000000000000	0.000000000000000
0.025000000000000	0.000000000000000
