-0.025000000000000	0.000000000000000
-0.024000000000000	0.000000000000000
-0.023000000000000	0.000000000000000
-0.022000000000000	0.000000000000000
-0.021000000000000	0.000000000000000
-0.020000000000000	0.000000000000000
-0.019000000000000	0.000000000000000
-0.018000000000000	0.000000000000000
-0.017000000000000	0.000000000000000
-0.016000000000000	0.574921633277108
-0.015000000000000	1.292018881284776
-0.014000000000000	0.846197854678661
-0.013000000000000	1.519281593561730
-0.012000000000000	1.800124987286740
-0.011000000000000	2.435167990596179
-0.010000000000000	1.756501049901731
-0.009000000000000	1.914074150549142
-0.008000000000000	2.048762888167070
-0.007000000000000	2.371943021827856
-0.006000000000000	5.136131454595152
-0.005000000000000	9.127692373525981
-0.004000000000000	15.811232424594694
-0.003000000000000	24.447493834977735
-0.002000000000000	27.669691361964407
-0.001000000000000	24.120462680851990
0.000000000000000	22.241328789984184
0.001000000000000	23.388062315598070
0.002000000000000	18.108285124045086
0.003000000000000	7.635326231755587
0.004000000000000	5.622807820671770
0.005000000000000	4.642403323295147
0.006000000000000	5.042683111214813
0.007000000000000	3.947525637410488
0.008000000000000	3.794011681273883
0.009000000000000	4.162628075718357
0.010000000000000	3.890304538805279
0.011000000000000	3.651719810001947
0.012000000000000	3.637338726855764
0.013000000000000	2.744161971373619
0.014000000000000	2.613861282834817
0.015000000000000	1.118657706937495
0.016000000000000	0.310955486315762
0.017000000000000	0.000000000000000
0.018000000000000	0.000000000000000
0.019000000000000	0.000000000000000
0.020000000000000	0.000000000000000
0.021000000000000	0.000000000000000
0.022000000000000	0.000000000000000
0.023000000000000	0.000000000000000
0.024000000000000	0.000000000000000
0.025000000000000	0.000000000000000
