-0.025000000000000	0.000000000000000
-0.024000000000000	0.000000000000000
-0.023000000000000	0.000000000000000
-0.022000000000000	0.000000000000000
-0.021000000000000	0.000000000000000
-0.020000000000000	0.000000000000000
-0.019000000000000	0.000000000000000
-0.018000000000000	0.000000000000000
-0.017000000000000	0.000000000000000
-0.016000000000000	0.000000000000000
-0.015000000000000	0.189366517260896
-0.014000000000000	1.362110281904570
-0.013000000000000	1.387963212437149
-0.012000000000000	1.310846515436838
-0.011000000000000	1.205501715810357
-0.010000000000000	2.920126729280759
-0.009000000000000	2.814910755736340
-0.008000000000000	4.576220198679184
-0.007000000000000	6.374038174401280
-0.006000000000000	14.063498740997730
-0.005000000000000	23.358439879625820
-0.004000000000000	30.729882396905843
-0.003000000000000	36.520579586106138
-0.002000000000000	35.976465941528481
-0.001000000000000	36.223582046967117
0.000000000000000	27.930685464455966
0.001000000000000	19.885331839796596
0.002000000000000	12.908456653371225
0.003000000000000	7.017976892015212
0.004000000000000	6.108115375445324
0.005000000000000	3.235729679985504
0.006000000000000	3.883074418711127
0.007000000000000	3.878199443252177
0.008000000000000	3.065340807497066
0.009000000000000	3.841323424611523
0.010000000000000	2.886524518573516
0.011000000000000	3.473280607794649
0.012000000000000	3.590802690117938
0.013000000000000	2.903459922229569
0.014000000000000	3.640463154066099
0.015000000000000	6.343393676041192
0.016000000000000	10.767327267641281
0.017000000000000	2.806998417230116
0.018000000000000	1.017363770225173
0.019000000000000	0.000000000000000
0.020000000000000	0.000000000000000
0.021000000000000	0.000000000000000
0.022000000000000	0.000000000000000
0.023000000000000	0.000000000000000
0.024000000000000	0.000000000000000
0.025000000000000	0.000000000000000
