-0.025000000000000	0.000000000000000
-0.024000000000000	0.000000000000000
-0.023000000000000	0.000000000000000
-0.022000000000000	0.000000000000000
-0.021000000000000	0.000000000000000
-0.020000000000000	0.000000000000000
-0.019000000000000	0.000000000000000
-0.018000000000000	0.000000000000000
-0.017000000000000	0.000000000000000
-0.016000000000000	0.000000000000000
-0.015000000000000	0.000000000000000
-0.014000000000000	0.000000000000000
-0.013000000000000	0.000000000000000
-0.012000000000000	0.000000000000000
-0.011000000000000	0.000000000000000
-0.010000000000000	0.000000000000000
-0.009000000000000	0.000000000000000
-0.008000000000000	0.000000000000000
-0.007000000000000	0.000000000000000
-0.006000000000000	0.077246733377660
-0.005000000000000	6.311740096089922
-0.004000000000000	37.872887387438375
-0.003000000000000	39.728579677545710
-0.002000000000000	41.829633603189919
-0.001000000000000	34.728149422968151
0.000000000000000	25.411554973917603
0.001000000000000	17.723223664752251
0.002000000000000	3.773041912529320
0.003000000000000	2.161759297211027
0.004000000000000	2.727868386900065
0.005000000000000	2.154820658692233
0.006000000000000	2.403993931983919
0.007000000000000	2.329320555018422
0.008000000000000	2.667475672897902
0.009000000000000	2.212336346648921
0.010000000000000	1.616473651777262
0.011000000000000	2.180033543873837
0.012000000000000	2.615753771748692
0.013000000000000	1.761453462011732
0.014000000000000	1.032963275322175
0.015000000000000	2.121661619834195
0.016000000000000	4.019921905748601
0.017000000000000	3.621322577368304
0.018000000000000	1.498700090215207
0.019000000000000	0.223692161784558
0.020000000000000	0.000000000000000
0.021000000000000	0.000000000000000
0.022000000000000	0.000000000000000
0.023000000000000	0.000000000000000
0.024000000000000	0.000000000000000
0.025000000000000	0.000000000000000
