-0.025000000000000	0.000000000000000
-0.024000000000000	0.000000000000000
-0.023000000000000	0.000000000000000
-0.022000000000000	0.000000000000000
-0.021000000000000	0.000000000000000
-0.020000000000000	0.000000000000000
-0.019000000000000	0.000000000000000
-0.018000000000000	0.000000000000000
-0.017000000000000	0.000000000000000
-0.016000000000000	0.000000000000000
-0.015000000000000	0.000000000000000
-0.014000000000000	0.048879834482332
-0.013000000000000	0.571758932649466
-0.012000000000000	0.947234168510506
-0.011000000000000	0.949455231418076
-0.010000000000000	2.256774273235288
-0.009000000000000	3.522424246096008
-0.008000000000000	4.240788470147170
-0.007000000000000	4.384922399757366
-0.006000000000000	7.303347513220353
-0.005000000000000	12.872159124062273
-0.004000000000000	19.448714417200488
-0.003000000000000	30.723869248842917
-0.002000000000000	37.471042485863279
-0.001000000000000	30.992351002889183
0.000000000000000	27.528583059480489
0.001000000000000	22.788108891230760
0.002000000000000	19.557666372955939
0.003000000000000	8.274793041935832
0.004000000000000	4.445558067435183
0.005000000000000	3.220232128628031
0.006000000000000	3.164670625173482
0.007000000000000	2.918417653205384
0.008000000000000	2.515612557893110
0.009000000000000	2.319981688476728
0.010000000000000	2.046357741651798
0.011000000000000	2.199422475718322
0.012000000000000	1.940989532403349
0.013000000000000	2.046682549281571
0.014000000000000	1.771069660548524
0.015000000000000	3.168807559871259
0.016000000000000	6.213161484489233
0.017000000000000	1.758788926283942
0.018000000000000	0.526696631710099
0.019000000000000	0.749290684004369
0.020000000000000	0.452084973690165
0.021000000000000	0.180997957184089
0.022000000000000	0.000000000000000
0.023000000000000	0.000000000000000
0.024000000000000	0.000000000000000
0.025000000000000	0.000000000000000
