-0.025000000000000	0.000000000000000
-0.024000000000000	0.000000000000000
-0.023000000000000	0.000000000000000
-0.022000000000000	0.000000000000000
-0.021000000000000	0.000000000000000
-0.020000000000000	0.000000000000000
-0.019000000000000	0.000000000000000
-0.018000000000000	0.000000000000000
-0.017000000000000	0.000000000000000
-0.016000000000000	0.000000000000000
-0.015000000000000	0.000000000000000
-0.014000000000000	0.000000000000000
-0.013000000000000	0.000000000000000
-0.012000000000000	0.000927949969873
-0.011000000000000	0.818446641324874
-0.010000000000000	1.271561075803884
-0.009000000000000	1.613121583276127
-0.008000000000000	4.235174812329305
-0.007000000000000	8.290347164670170
-0.006000000000000	13.398643243668127
-0.005000000000000	16.095413261149488
-0.004000000000000	17.064882062787600
-0.003000000000000	25.900405223889571
-0.002000000000000	25.671605255383312
-0.001000000000000	27.155977974326230
0.000000000000000	25.460972482352872
0.001000000000000	30.752874723681732
0.002000000000000	21.271630481355935
0.003000000000000	7.577373067802682
0.004000000000000	4.072059549918353
0.005000000000000	4.655336287154650
0.006000000000000	5.740959266291466
0.007000000000000	6.945051008524646
0.008000000000000	9.600928726409196
0.009000000000000	4.477568590587191
0.010000000000000	4.458314396437262
0.011000000000000	4.239197959264768
0.012000000000000	2.872007085917470
0.013000000000000	1.246666339795853
0.014000000000000	1.335031082683938
0.015000000000000	0.951557981216970
0.016000000000000	0.239352988200352
0.017000000000000	0.000000000000000
0.018000000000000	0.000000000000000
0.019000000000000	0.000000000000000
0.020000000000000	0.000000000000000
0.021000000000000	0.000000000000000
0.022000000000000	0.000000000000000
0.023000000000000	0.000000000000000
0.024000000000000	0.000000000000000
0.025000000000000	0.000000000000000
