-0.025000000000000	0.000000000000000
-0.024000000000000	0.000000000000000
-0.023000000000000	0.000000000000000
-0.022000000000000	0.000000000000000
-0.021000000000000	0.000000000000000
-0.020000000000000	0.000000000000000
-0.019000000000000	0.000000000000000
-0.018000000000000	0.000000000000000
-0.017000000000000	0.000000000000000
-0.016000000000000	0.000000000000000
-0.015000000000000	0.000000000000000
-0.014000000000000	0.000000000000000
-0.013000000000000	0.000000000000000
-0.012000000000000	0.000000000000000
-0.011000000000000	0.000000000000000
-0.010000000000000	0.022140582675965
-0.009000000000000	1.375437893732009
-0.008000000000000	2.386837133696787
-0.007000000000000	2.946842709372558
-0.006000000000000	2.765054795259493
-0.005000000000000	4.480840688115382
-0.004000000000000	9.347511411829112
-0.003000000000000	22.866995036968707
-0.002000000000000	39.495246579098911
-0.001000000000000	58.554614994967814
0.000000000000000	48.366671455799533
0.001000000000000	36.180949635258486
0.002000000000000	23.748692978041944
0.003000000000000	7.685149493401154
0.004000000000000	2.612977873943990
0.005000000000000	1.814536175101030
0.006000000000000	2.291490368746086
0.007000000000000	2.038259627539055
0.008000000000000	1.524742329751228
0.009000000000000	1.849736660980176
0.010000000000000	1.301010841058883
0.011000000000000	1.158646106949386
0.012000000000000	1.802542008484897
0.013000000000000	1.111685229832290
0.014000000000000	0.416254249239068
0.015000000000000	0.969224964322059
0.016000000000000	0.630974939953485
0.017000000000000	0.658575093665609
0.018000000000000	0.494501458592869
0.019000000000000	0.734594134940972
0.020000000000000	0.597247992507771
0.021000000000000	0.591843625767559
0.022000000000000	0.090215959622704
0.023000000000000	0.000000000000000
0.024000000000000	0.000000000000000
0.025000000000000	0.000000000000000
