-0.025000000000000	0.000000000000000
-0.024000000000000	0.000000000000000
-0.023000000000000	0.000000000000000
-0.022000000000000	0.000000000000000
-0.021000000000000	0.000000000000000
-0.020000000000000	0.000000000000000
-0.019000000000000	0.004887285541290
-0.018000000000000	0.719892934085455
-0.017000000000000	1.013923441380296
-0.016000000000000	0.917560596750572
-0.015000000000000	0.879185232771164
-0.014000000000000	0.363956905279071
-0.013000000000000	0.784156800200815
-0.012000000000000	0.955323038008842
-0.011000000000000	1.701512447335682
-0.010000000000000	5.133136572669947
-0.009000000000000	7.461334968231913
-0.008000000000000	8.258276411183200
-0.007000000000000	13.451104225074596
-0.006000000000000	16.801943176196598
-0.005000000000000	13.882164262321648
-0.004000000000000	13.895000174015630
-0.003000000000000	12.697651030036003
-0.002000000000000	13.980808672637608
-0.001000000000000	13.035530379873027
0.000000000000000	11.489419791879554
0.001000000000000	7.768128307065893
0.002000000000000	7.086050871284571
0.003000000000000	6.202044260588494
0.004000000000000	5.459391669983560
0.005000000000000	5.574421900456111
0.006000000000000	5.809571445947753
0.007000000000000	4.672167945174224
0.008000000000000	5.168019113333600
0.009000000000000	5.193963866063703
0.010000000000000	4.432257836136913
0.011000000000000	5.179600970946100
0.012000000000000	6.600040609362538
0.013000000000000	4.914347752769352
0.014000000000000	2.601351881552683
0.015000000000000	4.341593814692781
0.016000000000000	4.620855475668136
0.017000000000000	0.760939008681177
0.018000000000000	0.460696781409307
0.019000000000000	0.168639248417310
0.020000000000000	0.000000000000000
0.021000000000000	0.000000000000000
0.022000000000000	0.000000000000000
0.023000000000000	0.000000000000000
0.024000000000000	0.000000000000000
0.025000000000000	0.000000000000000
