-0.025000000000000	0.000000000000000
-0.024000000000000	0.000000000000000
-0.023000000000000	0.000000000000000
-0.022000000000000	0.000000000000000
-0.021000000000000	0.000000000000000
-0.020000000000000	0.015007322999194
-0.019000000000000	0.836526415645900
-0.018000000000000	1.606408166625509
-0.017000000000000	2.686692623477574
-0.016000000000000	2.753474687159756
-0.015000000000000	1.676598909218101
-0.014000000000000	2.362397272479796
-0.013000000000000	1.755521822814670
-0.012000000000000	2.007655823234801
-0.011000000000000	1.986539077709712
-0.010000000000000	4.467731862840790
-0.009000000000000	3.601024316574136
-0.008000000000000	3.016236975508997
-0.007000000000000	4.057935936266666
-0.006000000000000	11.505128796846231
-0.005000000000000	18.841632991957383
-0.004000000000000	31.043706180281049
-0.003000000000000	41.819286416411906
-0.002000000000000	36.711483312773929
-0.001000000000000	30.297187396910392
0.000000000000000	17.396657045936408
0.001000000000000	11.898178969383341
0.002000000000000	10.496077225201947
0.003000000000000	6.717681243100133
0.004000000000000	7.507979647191047
0.005000000000000	5.773269623491866
0.006000000000000	6.376947709903584
0.007000000000000	4.937767225301807
0.008000000000000	5.750000546210430
0.009000000000000	5.375448726104883
0.010000000000000	4.955610237676115
0.011000000000000	5.103551114725682
0.012000000000000	6.838486427653457
0.013000000000000	6.950647251422539
0.014000000000000	6.948865938916564
0.015000000000000	7.934550531929627
0.016000000000000	4.643453354126828
0.017000000000000	2.058346541956754
0.018000000000000	1.129165040536390
0.019000000000000	0.096872338753948
0.020000000000000	0.000000000000000
0.021000000000000	0.000000000000000
0.022000000000000	0.000000000000000
0.023000000000000	0.000000000000000
0.024000000000000	0.000000000000000
0.025000000000000	0.000000000000000
