-0.025000000000000	0.000000000000000
-0.024000000000000	0.000000000000000
-0.023000000000000	0.000000000000000
-0.022000000000000	0.000000000000000
-0.021000000000000	0.000000000000000
-0.020000000000000	0.000000000000000
-0.019000000000000	0.000000000000000
-0.018000000000000	0.000000000000000
-0.017000000000000	0.000000000000000
-0.016000000000000	0.000000000000000
-0.015000000000000	0.000000000000000
-0.014000000000000	0.000000000000000
-0.013000000000000	0.000000000000000
-0.012000000000000	0.000000000000000
-0.011000000000000	1.148973245959772
-0.010000000000000	2.815648401779868
-0.009000000000000	2.427290194513786
-0.008000000000000	2.661776881055471
-0.007000000000000	2.585469810384960
-0.006000000000000	3.339863642844239
-0.005000000000000	3.020027348432142
-0.004000000000000	9.895212732763664
-0.003000000000000	22.020276547865798
-0.002000000000000	27.863510638641181
-0.001000000000000	27.388698050698633
0.000000000000000	24.045912403100854
0.001000000000000	20.848531917710218
0.002000000000000	20.124833314902201
0.003000000000000	9.020303755440489
0.004000000000000	2.873728739576733
0.005000000000000	2.477730150886858
0.006000000000000	2.093217369055580
0.007000000000000	2.738447928503454
0.008000000000000	1.645749936737546
0.009000000000000	2.244709628790920
0.010000000000000	1.937662121967129
0.011000000000000	1.364567069787111
0.012000000000000	1.811576198054011
0.013000000000000	1.351224806812378
0.014000000000000	1.239081619435459
0.015000000000000	2.253833682909346
0.016000000000000	1.291665240855739
0.017000000000000	0.244512293812758
0.018000000000000	0.000000000000000
0.019000000000000	0.000000000000000
0.020000000000000	0.000000000000000
0.021000000000000	0.000000000000000
0.022000000000000	0.000000000000000
0.023000000000000	0.000000000000000
0.024000000000000	0.000000000000000
0.025000000000000	0.000000000000000
