-0.025000000000000	0.000000000000000
-0.024000000000000	0.000000000000000
-0.023000000000000	0.000000000000000
-0.022000000000000	0.000000000000000
-0.021000000000000	0.000000000000000
-0.020000000000000	0.000000000000000
-0.019000000000000	0.000000000000000
-0.018000000000000	0.000000000000000
-0.017000000000000	0.000000000000000
-0.016000000000000	0.000000000000000
-0.015000000000000	0.000000000000000
-0.014000000000000	0.000000000000000
-0.013000000000000	0.000000000000000
-0.012000000000000	0.000000000000000
-0.011000000000000	0.000000000000000
-0.010000000000000	0.000000000000000
-0.009000000000000	0.000000000000000
-0.008000000000000	0.085861685841003
-0.007000000000000	3.441363041919582
-0.006000000000000	8.193018789183240
-0.005000000000000	13.791720069908687
-0.004000000000000	16.467641555615042
-0.003000000000000	23.601824669674240
-0.002000000000000	33.209149278368365
-0.001000000000000	38.330446716902607
0.000000000000000	28.617776468186435
0.001000000000000	25.015781607954469
0.002000000000000	19.728469145850493
0.003000000000000	15.757004308532279
0.004000000000000	5.798708047952519
0.005000000000000	3.201293624415892
0.006000000000000	2.515036659638896
0.007000000000000	2.427513554302433
0.008000000000000	1.459562224108893
0.009000000000000	2.076212819797592
0.010000000000000	2.265778318870276
0.011000000000000	1.248696326029738
0.012000000000000	1.594960877931489
0.013000000000000	1.665389699138656
0.014000000000000	0.681369383851291
0.015000000000000	1.799819980219237
0.016000000000000	1.067970670054180
0.017000000000000	1.107207293953473
0.018000000000000	0.968746407543383
0.019000000000000	0.184291535564116
0.020000000000000	0.000000000000000
0.021000000000000	0.000000000000000
0.022000000000000	0.000000000000000
0.023000000000000	0.000000000000000
0.024000000000000	0.000000000000000
0.025000000000000	0.000000000000000
