-0.025000000000000	0.000000000000000
-0.024000000000000	0.000000000000000
-0.023000000000000	0.000000000000000
-0.022000000000000	0.000000000000000
-0.021000000000000	0.000000000000000
-0.020000000000000	0.000000000000000
-0.019000000000000	0.000000000000000
-0.018000000000000	0.000000000000000
-0.017000000000000	0.000000000000000
-0.016000000000000	0.000000000000000
-0.015000000000000	0.000000000000000
-0.014000000000000	0.000000000000000
-0.013000000000000	0.000000000000000
-0.012000000000000	0.000000000000000
-0.011000000000000	0.000000000000000
-0.010000000000000	0.282630615313969
-0.009000000000000	1.937612813875287
-0.008000000000000	2.999473439565754
-0.007000000000000	3.148826021314714
-0.006000000000000	6.242604330827410
-0.005000000000000	12.342147616939258
-0.004000000000000	22.125859287653885
-0.003000000000000	29.416687038995484
-0.002000000000000	30.321425041366091
-0.001000000000000	28.855051170419433
0.000000000000000	24.566278691034711
0.001000000000000	18.236017056318616
0.002000000000000	14.031525635576029
0.003000000000000	10.702328355192845
0.004000000000000	6.795528833160478
0.005000000000000	2.712364497081823
0.006000000000000	3.131473472707770
0.007000000000000	3.834954293318469
0.008000000000000	4.213767760088768
0.009000000000000	3.648708468387531
0.010000000000000	2.819229093696900
0.011000000000000	1.890468294174515
0.012000000000000	1.666838653032997
0.013000000000000	2.373330956705769
0.014000000000000	1.870657646760055
0.015000000000000	1.807661963313876
0.016000000000000	0.848081915745219
0.017000000000000	0.610657432346669
0.018000000000000	0.567484036505951
0.019000000000000	0.415964365750672
0.020000000000000	0.156165032451892
0.021000000000000	0.000000000000000
0.022000000000000	0.000000000000000
0.023000000000000	0.000000000000000
0.024000000000000	0.000000000000000
0.025000000000000	0.000000000000000
