-0.025000000000000	0.000000000000000
-0.024000000000000	0.000000000000000
-0.023000000000000	0.000000000000000
-0.022000000000000	0.000000000000000
-0.021000000000000	0.000000000000000
-0.020000000000000	0.000000000000000
-0.019000000000000	0.000000000000000
-0.018000000000000	0.000000000000000
-0.017000000000000	0.000000000000000
-0.016000000000000	0.000000000000000
-0.015000000000000	0.000000000000000
-0.014000000000000	0.000000000000000
-0.013000000000000	0.000000000000000
-0.012000000000000	0.000000000000000
-0.011000000000000	0.000000000000000
-0.010000000000000	0.000000000000000
-0.009000000000000	0.000000000000000
-0.008000000000000	0.000000000000000
-0.007000000000000	0.067950010648260
-0.006000000000000	2.173366469409471
-0.005000000000000	13.963395420317623
-0.004000000000000	29.566950241863974
-0.003000000000000	24.895720799271533
-0.002000000000000	27.600165370550311
-0.001000000000000	29.456736067746970
0.000000000000000	27.343102792476898
0.001000000000000	16.780127024283633
0.002000000000000	6.083619629582484
0.003000000000000	4.538387265776382
0.004000000000000	4.088695479101082
0.005000000000000	4.421178529655444
0.006000000000000	3.649922202994297
0.007000000000000	4.721665561556460
0.008000000000000	3.625248299574723
0.009000000000000	3.147546171736070
0.010000000000000	2.455405191924417
0.011000000000000	3.610595551473323
0.012000000000000	2.548492577599313
0.013000000000000	2.756538601898007
0.014000000000000	1.169225265093657
0.015000000000000	0.252449545990689
0.016000000000000	0.189479928469650
0.017000000000000	0.456292893076245
0.018000000000000	0.397611784589333
0.019000000000000	0.024100935261525
0.020000000000000	0.000000000000000
0.021000000000000	0.000000000000000
0.022000000000000	0.000000000000000
0.023000000000000	0.000000000000000
0.024000000000000	0.000000000000000
0.025000000000000	0.000000000000000
