-0.025000000000000	0.000000000000000
-0.024000000000000	0.000000000000000
-0.023000000000000	0.000000000000000
-0.022000000000000	0.000000000000000
-0.021000000000000	0.000000000000000
-0.020000000000000	0.000000000000000
-0.019000000000000	0.000000000000000
-0.018000000000000	0.000000000000000
-0.017000000000000	0.000000000000000
-0.016000000000000	0.742211478675840
-0.015000000000000	1.351444581478114
-0.014000000000000	1.095772406473117
-0.013000000000000	0.956532185034469
-0.012000000000000	0.906672986940874
-0.011000000000000	0.838697645614073
-0.010000000000000	2.522237442375901
-0.009000000000000	4.429351124025574
-0.008000000000000	5.520352050238902
-0.007000000000000	6.668053954187087
-0.006000000000000	10.805399462239750
-0.005000000000000	16.703836671613292
-0.004000000000000	24.879235866734184
-0.003000000000000	21.309773287969406
-0.002000000000000	17.880687280618975
-0.001000000000000	15.529774103324685
0.000000000000000	13.956376487425770
0.001000000000000	13.248804479486621
0.002000000000000	13.002844792990924
0.003000000000000	17.334050688194647
0.004000000000000	13.483526139203256
0.005000000000000	9.639292168004914
0.006000000000000	6.387934482478315
0.007000000000000	3.075291352743767
0.008000000000000	3.138650069085226
0.009000000000000	3.464196807255668
0.010000000000000	3.737442136497378
0.011000000000000	2.931106998165419
0.012000000000000	2.352312552230836
0.013000000000000	1.993888486172475
0.014000000000000	2.632492610133116
0.015000000000000	2.057439742116154
0.016000000000000	1.780027389768919
0.017000000000000	1.189359491685020
0.018000000000000	1.132821046773297
0.019000000000000	0.871999426303616
0.020000000000000	0.507059482706567
0.021000000000000	0.132970814509332
0.022000000000000	0.000000000000000
0.023000000000000	0.000000000000000
0.024000000000000	0.000000000000000
0.025000000000000	0.000000000000000
