-0.025000000000000	0.000000000000000
-0.024000000000000	0.000000000000000
-0.023000000000000	0.000000000000000
-0.022000000000000	0.000000000000000
-0.021000000000000	0.000000000000000
-0.020000000000000	0.000000000000000
-0.019000000000000	0.000000000000000
-0.018000000000000	0.000000000000000
-0.017000000000000	0.000000000000000
-0.016000000000000	0.000000000000000
-0.015000000000000	0.000000000000000
-0.014000000000000	0.000000000000000
-0.013000000000000	0.000000000000000
-0.012000000000000	0.000000000000000
-0.011000000000000	0.000000000000000
-0.010000000000000	0.000000000000000
-0.009000000000000	0.000000000000000
-0.008000000000000	0.000000000000000
-0.007000000000000	0.685548592347584
-0.006000000000000	5.137105606702936
-0.005000000000000	11.786323475098770
-0.004000000000000	24.171679852041024
-0.003000000000000	28.265199661541679
-0.002000000000000	27.950671733829786
-0.001000000000000	24.195279254391121
0.000000000000000	21.079073881682529
0.001000000000000	15.397949874762620
0.002000000000000	8.438489637350775
0.003000000000000	11.698870728711761
0.004000000000000	9.019525277711336
0.005000000000000	3.191830516508736
0.006000000000000	2.501525690580986
0.007000000000000	2.662667522271340
0.008000000000000	1.356887121277923
0.009000000000000	1.765021773957911
0.010000000000000	2.156636024530802
0.011000000000000	1.643696168116685
0.012000000000000	1.000656301298521
0.013000000000000	1.506851590434597
0.014000000000000	1.733366641062751
0.015000000000000	1.180517751087557
0.016000000000000	1.129758881377801
0.017000000000000	0.966368614639458
0.018000000000000	0.989317380416964
0.019000000000000	0.519235613479731
0.020000000000000	0.036258801268939
0.021000000000000	0.000000000000000
0.022000000000000	0.000000000000000
0.023000000000000	0.000000000000000
0.024000000000000	0.000000000000000
0.025000000000000	0.000000000000000
