-0.025000000000000	0.000000000000000
-0.024000000000000	0.000000000000000
-0.023000000000000	0.000000000000000
-0.022000000000000	0.000000000000000
-0.021000000000000	0.000000000000000
-0.020000000000000	0.000000000000000
-0.019000000000000	0.000000000000000
-0.018000000000000	0.000000000000000
-0.017000000000000	0.000000000000000
-0.016000000000000	0.000000000000000
-0.015000000000000	0.000000000000000
-0.014000000000000	0.000000000000000
-0.013000000000000	0.000000000000000
-0.012000000000000	0.000000000000000
-0.011000000000000	0.000000000000000
-0.010000000000000	0.161201853561804
-0.009000000000000	0.754109527868598
-0.008000000000000	1.522350497951936
-0.007000000000000	6.245106475026249
-0.006000000000000	19.013543083231131
-0.005000000000000	22.175513028523827
-0.004000000000000	31.403917326554105
-0.003000000000000	33.695901141838725
-0.002000000000000	32.025673818880875
-0.001000000000000	23.342419802405427
0.000000000000000	16.040533094368321
0.001000000000000	8.913458752971879
0.002000000000000	6.072608559398446
0.003000000000000	7.184219675787731
0.004000000000000	6.212533805468106
0.005000000000000	4.717611461045031
0.006000000000000	4.638320417496578
0.007000000000000	5.880374238161301
0.008000000000000	3.715161048264081
0.009000000000000	3.355356557120544
0.010000000000000	3.349545151901136
0.011000000000000	3.857808712077437
0.012000000000000	5.226779864011697
0.013000000000000	9.314009752769305
0.014000000000000	3.807858329203398
0.015000000000000	1.819547947851757
0.016000000000000	0.955717951560327
0.017000000000000	0.694461066247410
0.018000000000000	0.729481021948367
0.019000000000000	0.324914673341102
0.020000000000000	0.057218887315574
0.021000000000000	0.000000000000000
0.022000000000000	0.000000000000000
0.023000000000000	0.000000000000000
0.024000000000000	0.000000000000000
0.025000000000000	0.000000000000000
