-0.025000000000000	0.000000000000000
-0.024000000000000	0.000000000000000
-0.023000000000000	0.000000000000000
-0.022000000000000	0.000000000000000
-0.021000000000000	0.000000000000000
-0.020000000000000	0.000000000000000
-0.019000000000000	0.000000000000000
-0.018000000000000	0.000000000000000
-0.017000000000000	0.000000000000000
-0.016000000000000	0.000000000000000
-0.015000000000000	0.000000000000000
-0.014000000000000	0.000000000000000
-0.013000000000000	0.000000000000000
-0.012000000000000	0.000000000000000
-0.011000000000000	0.000000000000000
-0.010000000000000	0.175746686811472
-0.009000000000000	1.974002176847150
-0.008000000000000	3.454730045766365
-0.007000000000000	8.969010771704559
-0.006000000000000	19.600275270530645
-0.005000000000000	24.070740997243426
-0.004000000000000	26.434308985674974
-0.003000000000000	35.670022341263170
-0.002000000000000	27.785095146649084
-0.001000000000000	21.459924312374891
0.000000000000000	19.109263407336023
0.001000000000000	20.397384045249044
0.002000000000000	20.042380092483597
0.003000000000000	8.814455286057191
0.004000000000000	2.900494640029883
0.005000000000000	4.122799335231460
0.006000000000000	3.838287726788433
0.007000000000000	4.513194294818898
0.008000000000000	5.604174058883793
0.009000000000000	5.359539644609606
0.010000000000000	5.836594046857506
0.011000000000000	5.255054158924073
0.012000000000000	4.157598807129705
0.013000000000000	5.416977118868492
0.014000000000000	4.911924301956519
0.015000000000000	2.969679868131044
0.016000000000000	0.547956728864952
0.017000000000000	0.419149072181374
0.018000000000000	0.261641949505722
0.019000000000000	0.000000000000000
0.020000000000000	0.000000000000000
0.021000000000000	0.000000000000000
0.022000000000000	0.000000000000000
0.023000000000000	0.000000000000000
0.024000000000000	0.000000000000000
0.025000000000000	0.000000000000000
