-0.025000000000000	0.000000000000000
-0.024000000000000	0.000000000000000
-0.023000000000000	0.000000000000000
-0.022000000000000	0.000000000000000
-0.021000000000000	0.000000000000000
-0.020000000000000	0.000000000000000
-0.019000000000000	0.000000000000000
-0.018000000000000	1.095455551493429
-0.017000000000000	1.658507598017877
-0.016000000000000	1.454516918113806
-0.015000000000000	1.430854245289140
-0.014000000000000	0.822221971981649
-0.013000000000000	2.544933528522448
-0.012000000000000	3.130762242947179
-0.011000000000000	5.656613257508855
-0.010000000000000	7.551606553640482
-0.009000000000000	9.094559793154540
-0.008000000000000	11.318481119910020
-0.007000000000000	15.087266332891515
-0.006000000000000	16.165023575644920
-0.005000000000000	26.359401391564237
-0.004000000000000	25.196210332441293
-0.003000000000000	22.471939824931514
-0.002000000000000	23.424684627989617
-0.001000000000000	21.112763964809602
0.000000000000000	15.665624912950953
0.001000000000000	11.212804203369183
0.002000000000000	10.063201542823345
0.003000000000000	8.644535112503137
0.004000000000000	6.748957399841288
0.005000000000000	7.348824359497678
0.006000000000000	5.949406496151845
0.007000000000000	4.617799402900621
0.008000000000000	5.853224369745577
0.009000000000000	5.201233014589745
0.010000000000000	5.536695299913957
0.011000000000000	6.109261788116426
0.012000000000000	8.237594948025482
0.013000000000000	7.263047693718068
0.014000000000000	6.781238739713189
0.015000000000000	8.035112455924967
0.016000000000000	6.859500699724230
0.017000000000000	3.607958778868078
0.018000000000000	1.510031753882842
0.019000000000000	1.265094685752548
0.020000000000000	0.947755279353880
0.021000000000000	0.295877356131353
0.022000000000000	0.000000000000000
0.023000000000000	0.000000000000000
0.024000000000000	0.000000000000000
0.025000000000000	0.000000000000000
