-0.025000000000000	0.000000000000000
-0.024000000000000	0.000000000000000
-0.023000000000000	0.000000000000000
-0.022000000000000	0.000000000000000
-0.021000000000000	0.000000000000000
-0.020000000000000	0.000000000000000
-0.019000000000000	0.000000000000000
-0.018000000000000	0.000000000000000
-0.017000000000000	0.000000000000000
-0.016000000000000	0.000000000000000
-0.015000000000000	0.000000000000000
-0.014000000000000	0.000000000000000
-0.013000000000000	0.000000000000000
-0.012000000000000	0.000000000000000
-0.011000000000000	0.000000000000000
-0.010000000000000	0.731897455875039
-0.009000000000000	3.321565415715041
-0.008000000000000	4.944936351042544
-0.007000000000000	11.405854702148977
-0.006000000000000	17.855690170656484
-0.005000000000000	25.316466008223959
-0.004000000000000	27.053382065090712
-0.003000000000000	28.801932993789780
-0.002000000000000	26.930987578814957
-0.001000000000000	22.282827886315019
0.000000000000000	19.626731758854351
0.001000000000000	10.518759703463459
0.002000000000000	9.555102444287890
0.003000000000000	7.552324126330543
0.004000000000000	8.211173954219083
0.005000000000000	7.366803778392329
0.006000000000000	5.935362880708038
0.007000000000000	7.559108982491546
0.008000000000000	8.011924083445674
0.009000000000000	5.251466417161227
0.010000000000000	6.079041878680282
0.011000000000000	10.874307115880917
0.012000000000000	8.862948723957189
0.013000000000000	2.334307653764815
0.014000000000000	0.534741911909600
0.015000000000000	0.261936379146060
0.016000000000000	0.299780943266526
0.017000000000000	0.446150482695402
0.018000000000000	0.000000000000000
0.019000000000000	0.000000000000000
0.020000000000000	0.000000000000000
0.021000000000000	0.000000000000000
0.022000000000000	0.000000000000000
0.023000000000000	0.000000000000000
0.024000000000000	0.000000000000000
0.025000000000000	0.000000000000000
