-0.025000000000000	0.000000000000000
-0.024000000000000	0.000000000000000
-0.023000000000000	0.000000000000000
-0.022000000000000	0.000000000000000
-0.021000000000000	0.000000000000000
-0.020000000000000	0.000000000000000
-0.019000000000000	0.000000000000000
-0.018000000000000	0.000000000000000
-0.017000000000000	0.000000000000000
-0.016000000000000	0.000000000000000
-0.015000000000000	0.000000000000000
-0.014000000000000	0.461168020068182
-0.013000000000000	1.116201751712303
-0.012000000000000	1.309024192814104
-0.011000000000000	2.495757611709367
-0.010000000000000	2.339413975179678
-0.009000000000000	2.508290860967466
-0.008000000000000	6.184357512585409
-0.007000000000000	7.547546999561424
-0.006000000000000	11.243678464282398
-0.005000000000000	18.084352948533592
-0.004000000000000	27.286027229242013
-0.003000000000000	25.392666464942639
-0.002000000000000	21.006942393046312
-0.001000000000000	17.614267067588429
0.000000000000000	15.100265451842599
0.001000000000000	6.972681162486571
0.002000000000000	6.228491904959079
0.003000000000000	6.016006891086175
0.004000000000000	5.122060585031515
0.005000000000000	3.358823948234634
0.006000000000000	3.530883105163622
0.007000000000000	2.428956789223748
0.008000000000000	2.844285238241024
0.009000000000000	1.304856412606785
0.010000000000000	1.935770250092842
0.011000000000000	2.702972484063853
0.012000000000000	2.823886956087461
0.013000000000000	2.254900581708255
0.014000000000000	3.383852461185651
0.015000000000000	6.587394004750766
0.016000000000000	9.122144387878752
0.017000000000000	3.259133201028958
0.018000000000000	0.480614977643425
0.019000000000000	0.000000000000000
0.020000000000000	0.000000000000000
0.021000000000000	0.000000000000000
0.022000000000000	0.000000000000000
0.023000000000000	0.000000000000000
0.024000000000000	0.000000000000000
0.025000000000000	0.000000000000000
