-0.025000000000000	0.000000000000000
-0.024000000000000	0.000000000000000
-0.023000000000000	0.000000000000000
-0.022000000000000	0.000000000000000
-0.021000000000000	0.000000000000000
-0.020000000000000	0.000000000000000
-0.019000000000000	0.000000000000000
-0.018000000000000	0.000000000000000
-0.017000000000000	0.000000000000000
-0.016000000000000	0.157666299191559
-0.015000000000000	1.496562813175421
-0.014000000000000	1.695434284035898
-0.013000000000000	1.632516989439698
-0.012000000000000	1.423464349323992
-0.011000000000000	3.073238654460759
-0.010000000000000	3.854195200936344
-0.009000000000000	3.847467253487161
-0.008000000000000	4.284900288381989
-0.007000000000000	6.473321848680067
-0.006000000000000	19.107678396184575
-0.005000000000000	26.867554012836347
-0.004000000000000	21.077914970857382
-0.003000000000000	22.723644589300399
-0.002000000000000	18.819072167419993
-0.001000000000000	13.568932696074700
0.000000000000000	14.224431620660015
0.001000000000000	11.425418675885764
0.002000000000000	11.976412832843296
0.003000000000000	12.042512947217240
0.004000000000000	13.711669732295023
0.005000000000000	13.483973170788701
0.006000000000000	11.903148676584287
0.007000000000000	6.132633292651646
0.008000000000000	4.326078119621477
0.009000000000000	4.917197295306049
0.010000000000000	5.652170017162345
0.011000000000000	4.729668511419603
0.012000000000000	3.289488029861538
0.013000000000000	4.764932465804252
0.014000000000000	4.398740787330791
0.015000000000000	2.762957613080721
0.016000000000000	1.419832006054625
0.017000000000000	0.000000000000000
0.018000000000000	0.000000000000000
0.019000000000000	0.000000000000000
0.020000000000000	0.000000000000000
0.021000000000000	0.000000000000000
0.022000000000000	0.000000000000000
0.023000000000000	0.000000000000000
0.024000000000000	0.000000000000000
0.025000000000000	0.000000000000000
