-0.025000000000000	0.000000000000000
-0.024000000000000	0.000000000000000
-0.023000000000000	0.000000000000000
-0.022000000000000	0.000000000000000
-0.021000000000000	0.000000000000000
-0.020000000000000	0.000000000000000
-0.019000000000000	0.000000000000000
-0.018000000000000	0.056001307213235
-0.017000000000000	1.861059922793764
-0.016000000000000	2.886579229528491
-0.015000000000000	2.909054095646948
-0.014000000000000	2.925783464205080
-0.013000000000000	3.231150481347357
-0.012000000000000	3.119032547120052
-0.011000000000000	2.811144282215627
-0.010000000000000	5.078517751286563
-0.009000000000000	5.852662762708931
-0.008000000000000	5.171746407521703
-0.007000000000000	5.570359390329768
-0.006000000000000	8.463623972364704
-0.005000000000000	12.795825678166988
-0.004000000000000	16.272929484127388
-0.003000000000000	25.900460207016060
-0.002000000000000	29.191425014512745
-0.001000000000000	22.949804025441281
0.000000000000000	19.542345903137782
0.001000000000000	14.646163194563478
0.002000000000000	13.702356613704707
0.003000000000000	10.532044655674808
0.004000000000000	5.838097278856576
0.005000000000000	5.199370437004268
0.006000000000000	5.047372420815726
0.007000000000000	5.119201675335598
0.008000000000000	3.740021778734997
0.009000000000000	3.117710554806980
0.010000000000000	4.145080973448548
0.011000000000000	4.280538285125997
0.012000000000000	5.130880255254276
0.013000000000000	4.891414241701459
0.014000000000000	7.006298003037222
0.015000000000000	9.525654137435181
0.016000000000000	2.899841639521006
0.017000000000000	2.450827404827864
0.018000000000000	0.296828158566401
0.019000000000000	0.000000000000000
0.020000000000000	0.000000000000000
0.021000000000000	0.000000000000000
0.022000000000000	0.000000000000000
0.023000000000000	0.000000000000000
0.024000000000000	0.000000000000000
0.025000000000000	0.000000000000000
