-0.025000000000000	0.000000000000000
-0.024000000000000	0.000000000000000
-0.023000000000000	0.000000000000000
-0.022000000000000	0.000000000000000
-0.021000000000000	0.000000000000000
-0.020000000000000	0.000000000000000
-0.019000000000000	0.000000000000000
-0.018000000000000	0.000000000000000
-0.017000000000000	0.000000000000000
-0.016000000000000	0.078500731585009
-0.015000000000000	0.868923009121953
-0.014000000000000	1.005109445023059
-0.013000000000000	0.907856335420542
-0.012000000000000	1.061129531492360
-0.011000000000000	1.515291621661878
-0.010000000000000	2.715742865961652
-0.009000000000000	2.078426465880937
-0.008000000000000	3.116597337549771
-0.007000000000000	3.866518606095502
-0.006000000000000	10.545419428178766
-0.005000000000000	24.767601273497711
-0.004000000000000	27.847881227985518
-0.003000000000000	21.127587322212882
-0.002000000000000	17.747555739337074
-0.001000000000000	15.968440007815804
0.000000000000000	14.706439919758065
0.001000000000000	14.643492147109008
0.002000000000000	10.895083001654250
0.003000000000000	12.333417748666777
0.004000000000000	12.434495444410764
0.005000000000000	13.794249244084186
0.006000000000000	15.057192115735807
0.007000000000000	4.145430900481800
0.008000000000000	2.985648119966748
0.009000000000000	3.092946753554575
0.010000000000000	2.542210793089998
0.011000000000000	2.925476075914192
0.012000000000000	1.823234582413369
0.013000000000000	2.218663469603150
0.014000000000000	1.941394898608444
0.015000000000000	1.647890957047303
0.016000000000000	2.862576116855156
0.017000000000000	0.723935231076453
0.018000000000000	0.000000000000000
0.019000000000000	0.000000000000000
0.020000000000000	0.000000000000000
0.021000000000000	0.000000000000000
0.022000000000000	0.000000000000000
0.023000000000000	0.000000000000000
0.024000000000000	0.000000000000000
0.025000000000000	0.000000000000000
