-0.025000000000000	0.000000000000000
-0.024000000000000	0.000000000000000
-0.023000000000000	0.000000000000000
-0.022000000000000	0.000000000000000
-0.021000000000000	0.000000000000000
-0.020000000000000	0.000000000000000
-0.019000000000000	0.000000000000000
-0.018000000000000	0.000000000000000
-0.017000000000000	0.557353863404605
-0.016000000000000	0.677077260136826
-0.015000000000000	1.236988330378067
-0.014000000000000	1.561745416148863
-0.013000000000000	1.256826027807737
-0.012000000000000	1.387597461822327
-0.011000000000000	2.217901166602389
-0.010000000000000	2.178398465991158
-0.009000000000000	3.038764341123403
-0.008000000000000	2.698189114479466
-0.007000000000000	3.182232226165663
-0.006000000000000	5.265190243933905
-0.005000000000000	7.753396262615499
-0.004000000000000	14.562403032013540
-0.003000000000000	20.465137680874641
-0.002000000000000	24.277856129682409
-0.001000000000000	18.804388969884158
0.000000000000000	17.514720156328668
0.001000000000000	13.037925078090369
0.002000000000000	8.555339294066391
0.003000000000000	11.156157932002774
0.004000000000000	10.899760029880008
0.005000000000000	11.207229024071363
0.006000000000000	11.323398959739304
0.007000000000000	8.118974553690107
0.008000000000000	3.113285172157096
0.009000000000000	3.105608633317181
0.010000000000000	1.629470338539119
0.011000000000000	2.371238833428417
0.012000000000000	2.492143037431000
0.013000000000000	0.706421943811730
0.014000000000000	0.364769215252380
0.015000000000000	0.190674752594618
0.016000000000000	0.553356428376794
0.017000000000000	0.660056644015389
0.018000000000000	0.212253568497411
0.019000000000000	0.422806791401660
0.020000000000000	0.192799514050354
0.021000000000000	0.000000000000000
0.022000000000000	0.000000000000000
0.023000000000000	0.000000000000000
0.024000000000000	0.000000000000000
0.025000000000000	0.000000000000000
