-0.025000000000000	0.000000000000000
-0.024000000000000	0.000000000000000
-0.023000000000000	0.000000000000000
-0.022000000000000	0.000000000000000
-0.021000000000000	0.000000000000000
-0.020000000000000	0.000000000000000
-0.019000000000000	0.000000000000000
-0.018000000000000	0.000000000000000
-0.017000000000000	0.000000000000000
-0.016000000000000	0.000000000000000
-0.015000000000000	0.000000000000000
-0.014000000000000	0.000000000000000
-0.013000000000000	0.000000000000000
-0.012000000000000	0.000000000000000
-0.011000000000000	0.000000000000000
-0.010000000000000	0.938014766564222
-0.009000000000000	2.667065158495412
-0.008000000000000	2.618367358469258
-0.007000000000000	3.357244692663920
-0.006000000000000	11.254935540284331
-0.005000000000000	21.689482122468398
-0.004000000000000	19.272353345245040
-0.003000000000000	25.586192986804388
-0.002000000000000	33.687502714593066
-0.001000000000000	21.387824001857613
0.000000000000000	15.280692098877374
0.001000000000000	14.286474480277978
0.002000000000000	9.848285410968527
0.003000000000000	11.303088517791467
0.004000000000000	12.573612102677005
0.005000000000000	12.203759993573565
0.006000000000000	13.555058433832485
0.007000000000000	8.197637844114121
0.008000000000000	4.270624123696867
0.009000000000000	2.662410174849407
0.010000000000000	2.474363177686168
0.011000000000000	0.660959582998322
0.012000000000000	0.722338742621683
0.013000000000000	1.093379795130352
0.014000000000000	0.241020320623527
0.015000000000000	0.284476102211653
0.016000000000000	0.825561884077103
0.017000000000000	0.592588029634802
0.018000000000000	0.452857598277593
0.019000000000000	0.409184156470095
0.020000000000000	0.688170878385312
0.021000000000000	0.249185686875840
0.022000000000000	0.038917631651831
0.023000000000000	0.000000000000000
0.024000000000000	0.000000000000000
0.025000000000000	0.000000000000000
