-0.025000000000000	0.000000000000000
-0.024000000000000	0.000000000000000
-0.023000000000000	0.000000000000000
-0.022000000000000	0.000000000000000
-0.021000000000000	0.000000000000000
-0.020000000000000	0.000000000000000
-0.019000000000000	0.000000000000000
-0.018000000000000	0.000000000000000
-0.017000000000000	0.001507961804956
-0.016000000000000	0.736970415866977
-0.015000000000000	0.955510225908257
-0.014000000000000	1.510379267119162
-0.013000000000000	1.598331707987705
-0.012000000000000	1.943574701395170
-0.011000000000000	3.184407316326808
-0.010000000000000	3.197956739536751
-0.009000000000000	3.991200788235377
-0.008000000000000	4.803095361712395
-0.007000000000000	6.803732490363600
-0.006000000000000	11.161823323322656
-0.005000000000000	13.133476181510833
-0.004000000000000	15.948805183357434
-0.003000000000000	22.354579915126312
-0.002000000000000	31.019768132557378
-0.001000000000000	29.875775806939082
0.000000000000000	24.216562202423017
0.001000000000000	22.745197199765585
0.002000000000000	20.473104005016047
0.003000000000000	10.497329978389859
0.004000000000000	6.340502413923711
0.005000000000000	6.631983564373889
0.006000000000000	6.289306156364570
0.007000000000000	5.831909397109085
0.008000000000000	4.841310684876102
0.009000000000000	4.497190400123221
0.010000000000000	4.815018790253666
0.011000000000000	4.372681654734002
0.012000000000000	5.130534096237986
0.013000000000000	3.115622359759713
0.014000000000000	3.823527607040473
0.015000000000000	2.429075308407518
0.016000000000000	0.782619959928157
0.017000000000000	0.476228803514413
0.018000000000000	0.263722944933371
0.019000000000000	0.565139925312359
0.020000000000000	0.006373348205892
0.021000000000000	0.000000000000000
0.022000000000000	0.000000000000000
0.023000000000000	0.000000000000000
0.024000000000000	0.000000000000000
0.025000000000000	0.000000000000000
