-0.025000000000000	0.000000000000000
-0.024000000000000	0.000000000000000
-0.023000000000000	0.000000000000000
-0.022000000000000	0.000000000000000
-0.021000000000000	0.000000000000000
-0.020000000000000	0.368012655329375
-0.019000000000000	1.969482792724197
-0.018000000000000	2.460599199424725
-0.017000000000000	1.652937273769183
-0.016000000000000	2.220333203173242
-0.015000000000000	1.514007839336284
-0.014000000000000	1.704517994863638
-0.013000000000000	0.894525450065029
-0.012000000000000	1.418672922198979
-0.011000000000000	1.776807625320791
-0.010000000000000	1.667330108480008
-0.009000000000000	1.054081578025529
-0.008000000000000	1.107141350499859
-0.007000000000000	1.267619325405343
-0.006000000000000	4.164580872047321
-0.005000000000000	15.017183453605117
-0.004000000000000	28.061575420912209
-0.003000000000000	29.957806134727260
-0.002000000000000	29.602807085343404
-0.001000000000000	23.358795087247810
0.000000000000000	19.358652434057763
0.001000000000000	9.879025256444709
0.002000000000000	7.225209444577784
0.003000000000000	6.165607209288776
0.004000000000000	5.842429586251220
0.005000000000000	5.361313735676933
0.006000000000000	5.850091864302397
0.007000000000000	5.284953821837893
0.008000000000000	6.285913713751150
0.009000000000000	7.404775194402510
0.010000000000000	6.081965532538511
0.011000000000000	4.920660142216298
0.012000000000000	7.513462661091216
0.013000000000000	5.715145903034303
0.014000000000000	2.788313736953060
0.015000000000000	2.080110152591512
0.016000000000000	0.488151520461370
0.017000000000000	1.289442058956231
0.018000000000000	0.496634841583489
0.019000000000000	0.191372893609860
0.020000000000000	0.000000000000000
0.021000000000000	0.000000000000000
0.022000000000000	0.000000000000000
0.023000000000000	0.000000000000000
0.024000000000000	0.000000000000000
0.025000000000000	0.000000000000000
