-0.025000000000000	0.000000000000000
-0.024000000000000	0.000000000000000
-0.023000000000000	0.000000000000000
-0.022000000000000	0.000000000000000
-0.021000000000000	0.000000000000000
-0.020000000000000	0.000000000000000
-0.019000000000000	0.000000000000000
-0.018000000000000	0.000000000000000
-0.017000000000000	0.000000000000000
-0.016000000000000	0.175869855541569
-0.015000000000000	1.105976285034691
-0.014000000000000	1.149248483479328
-0.013000000000000	0.784229829208638
-0.012000000000000	1.208133233466091
-0.011000000000000	1.407966479765532
-0.010000000000000	1.638002088921283
-0.009000000000000	1.578315301132078
-0.008000000000000	2.056573269831777
-0.007000000000000	1.916525378155470
-0.006000000000000	5.826869727148506
-0.005000000000000	16.181682224368949
-0.004000000000000	19.812787056742621
-0.003000000000000	25.320224257037644
-0.002000000000000	35.227939069723362
-0.001000000000000	29.776932167219233
0.000000000000000	23.910868481651161
0.001000000000000	18.779497670610880
0.002000000000000	17.247851467856144
0.003000000000000	7.315065662547165
0.004000000000000	4.960846393664078
0.005000000000000	4.793603676961122
0.006000000000000	4.049247022427321
0.007000000000000	3.754458269993827
0.008000000000000	2.600586407447406
0.009000000000000	3.340923359587441
0.010000000000000	3.573667672551891
0.011000000000000	3.123188149645347
0.012000000000000	2.892937763562425
0.013000000000000	4.277452682104018
0.014000000000000	3.813642995685756
0.015000000000000	4.226352967761636
0.016000000000000	0.721900291301300
0.017000000000000	0.000000000000000
0.018000000000000	0.000000000000000
0.019000000000000	0.000000000000000
0.020000000000000	0.000000000000000
0.021000000000000	0.000000000000000
0.022000000000000	0.000000000000000
0.023000000000000	0.000000000000000
0.024000000000000	0.000000000000000
0.025000000000000	0.000000000000000
