-0.025000000000000	0.000000000000000
-0.024000000000000	0.000000000000000
-0.023000000000000	0.000000000000000
-0.022000000000000	0.000000000000000
-0.021000000000000	0.000000000000000
-0.020000000000000	0.000000000000000
-0.019000000000000	0.000000000000000
-0.018000000000000	0.000000000000000
-0.017000000000000	0.000000000000000
-0.016000000000000	0.000000000000000
-0.015000000000000	0.000000000000000
-0.014000000000000	0.000000000000000
-0.013000000000000	0.008405774716874
-0.012000000000000	0.766819181440747
-0.011000000000000	1.219092253001385
-0.010000000000000	0.754894604239432
-0.009000000000000	1.554817930756523
-0.008000000000000	3.781122190193875
-0.007000000000000	13.096812197069065
-0.006000000000000	15.917713196375052
-0.005000000000000	15.927713744675208
-0.004000000000000	15.000860145728815
-0.003000000000000	16.926715604316033
-0.002000000000000	18.508147324893073
-0.001000000000000	19.424715127870776
0.000000000000000	19.102683549247267
0.001000000000000	17.095705890536305
0.002000000000000	19.352664718612839
0.003000000000000	13.936059572820749
0.004000000000000	8.399533606859171
0.005000000000000	11.536338418174454
0.006000000000000	8.986606757387511
0.007000000000000	13.323485639136464
0.008000000000000	9.710431345473662
0.009000000000000	3.888748839643529
0.010000000000000	2.771507534791618
0.011000000000000	2.536720220827100
0.012000000000000	0.360899440892949
0.013000000000000	0.000000000000000
0.014000000000000	0.000000000000000
0.015000000000000	0.000000000000000
0.016000000000000	0.000000000000000
0.017000000000000	0.000000000000000
0.018000000000000	0.000000000000000
0.019000000000000	0.000000000000000
0.020000000000000	0.000000000000000
0.021000000000000	0.000000000000000
0.022000000000000	0.000000000000000
0.023000000000000	0.000000000000000
0.024000000000000	0.000000000000000
0.025000000000000	0.000000000000000
