-0.025000000000000	0.000000000000000
-0.024000000000000	0.000000000000000
-0.023000000000000	0.000000000000000
-0.022000000000000	0.000000000000000
-0.021000000000000	0.000000000000000
-0.020000000000000	0.000000000000000
-0.019000000000000	0.845212003098610
-0.018000000000000	2.367069481267758
-0.017000000000000	2.203115649468289
-0.016000000000000	1.918781577445618
-0.015000000000000	1.167597920655001
-0.014000000000000	1.399366989802756
-0.013000000000000	2.223315590192283
-0.012000000000000	1.810301349511459
-0.011000000000000	2.605475904821179
-0.010000000000000	3.611670666302019
-0.009000000000000	3.817764840292279
-0.008000000000000	5.085003696038597
-0.007000000000000	9.034743736340120
-0.006000000000000	9.222691368393201
-0.005000000000000	13.129935590996903
-0.004000000000000	14.137042096202906
-0.003000000000000	16.497696636396153
-0.002000000000000	16.129997940725335
-0.001000000000000	14.566207726140858
0.000000000000000	14.646835315885697
0.001000000000000	15.463691785329672
0.002000000000000	16.062906158757119
0.003000000000000	16.868638513302376
0.004000000000000	12.173870090930460
0.005000000000000	9.097394040477546
0.006000000000000	6.631129628105423
0.007000000000000	5.325811608084257
0.008000000000000	4.993544290189958
0.009000000000000	5.048361372042430
0.010000000000000	4.681485331770341
0.011000000000000	4.227559691444671
0.012000000000000	5.690411209712416
0.013000000000000	4.705659551460085
0.014000000000000	2.122221559266639
0.015000000000000	2.111347060390489
0.016000000000000	1.318436486056166
0.017000000000000	0.575209765148879
0.018000000000000	0.822148906766397
0.019000000000000	0.345904265296085
0.020000000000000	0.061789143502933
0.021000000000000	0.000000000000000
0.022000000000000	0.000000000000000
0.023000000000000	0.000000000000000
0.024000000000000	0.000000000000000
0.025000000000000	0.000000000000000
