-0.025000000000000	0.000000000000000
-0.024000000000000	0.000000000000000
-0.023000000000000	0.000000000000000
-0.022000000000000	0.000000000000000
-0.021000000000000	0.000000000000000
-0.020000000000000	0.000000000000000
-0.019000000000000	0.000000000000000
-0.018000000000000	0.000000000000000
-0.017000000000000	0.000000000000000
-0.016000000000000	0.000000000000000
-0.015000000000000	0.000000000000000
-0.014000000000000	0.000000000000000
-0.013000000000000	0.157890727808713
-0.012000000000000	1.225692127813373
-0.011000000000000	3.660071266839209
-0.010000000000000	4.628630372106984
-0.009000000000000	8.977148997896158
-0.008000000000000	12.482523286631642
-0.007000000000000	16.629302700317758
-0.006000000000000	18.593033253254124
-0.005000000000000	18.467450373160606
-0.004000000000000	17.732531696333137
-0.003000000000000	20.609272879503120
-0.002000000000000	21.032814346415201
-0.001000000000000	26.730642901200536
0.000000000000000	22.412056055032764
0.001000000000000	12.015677371432375
0.002000000000000	7.388192480655034
0.003000000000000	6.590417388358206
0.004000000000000	6.321878561499401
0.005000000000000	7.761709676281597
0.006000000000000	7.698678908639986
0.007000000000000	11.371546868040047
0.008000000000000	9.958463519513987
0.009000000000000	7.369228132599321
0.010000000000000	6.720010573178260
0.011000000000000	7.474941176086277
0.012000000000000	4.500720379776433
0.013000000000000	3.484362251300337
0.014000000000000	3.467159331832113
0.015000000000000	5.608954408531858
0.016000000000000	1.881643644277021
0.017000000000000	0.813052266471742
0.018000000000000	0.000000000000000
0.019000000000000	0.000000000000000
0.020000000000000	0.000000000000000
0.021000000000000	0.000000000000000
0.022000000000000	0.000000000000000
0.023000000000000	0.000000000000000
0.024000000000000	0.000000000000000
0.025000000000000	0.000000000000000
