-0.025000000000000	0.000000000000000
-0.024000000000000	0.000000000000000
-0.023000000000000	0.000000000000000
-0.022000000000000	0.000000000000000
-0.021000000000000	0.000000000000000
-0.020000000000000	0.000000000000000
-0.019000000000000	0.000000000000000
-0.018000000000000	0.000000000000000
-0.017000000000000	0.000000000000000
-0.016000000000000	0.000000000000000
-0.015000000000000	0.000000000000000
-0.014000000000000	0.000000000000000
-0.013000000000000	0.000000000000000
-0.012000000000000	0.000000000000000
-0.011000000000000	0.000000000000000
-0.010000000000000	0.152422707687958
-0.009000000000000	0.906360388636039
-0.008000000000000	2.138577260238176
-0.007000000000000	7.809444162376317
-0.006000000000000	13.070758858894273
-0.005000000000000	16.800631167163040
-0.004000000000000	22.764580885865570
-0.003000000000000	19.607631192434312
-0.002000000000000	18.800851976414343
-0.001000000000000	19.208736092989835
0.000000000000000	21.627929065068120
0.001000000000000	19.843440010869649
0.002000000000000	19.189976802531245
0.003000000000000	15.861165551178587
0.004000000000000	7.600743200336304
0.005000000000000	5.774015819543614
0.006000000000000	4.093628623701530
0.007000000000000	3.174451104441420
0.008000000000000	2.997960219834057
0.009000000000000	2.381577501419712
0.010000000000000	1.197468165459834
0.011000000000000	1.420743302336051
0.012000000000000	1.464172166778721
0.013000000000000	1.435928416505546
0.014000000000000	2.189510696515970
0.015000000000000	1.232919178972427
0.016000000000000	0.755330223744153
0.017000000000000	1.483495407149889
0.018000000000000	1.191276614864807
0.019000000000000	0.742203803994392
0.020000000000000	0.310588579080389
0.021000000000000	0.130382459862439
0.022000000000000	0.000000000000000
0.023000000000000	0.000000000000000
0.024000000000000	0.000000000000000
0.025000000000000	0.000000000000000
