-0.025000000000000	0.000000000000000
-0.024000000000000	0.000000000000000
-0.023000000000000	0.000000000000000
-0.022000000000000	0.000000000000000
-0.021000000000000	0.000000000000000
-0.020000000000000	0.000000000000000
-0.019000000000000	0.000000000000000
-0.018000000000000	0.000000000000000
-0.017000000000000	0.000000000000000
-0.016000000000000	0.000000000000000
-0.015000000000000	0.000000000000000
-0.014000000000000	0.000000000000000
-0.013000000000000	0.000000000000000
-0.012000000000000	0.143019394654943
-0.011000000000000	2.369734110842056
-0.010000000000000	2.891117981874170
-0.009000000000000	2.625731539676202
-0.008000000000000	2.995952396312589
-0.007000000000000	3.101393038525336
-0.006000000000000	9.239022939431857
-0.005000000000000	15.706545122650260
-0.004000000000000	16.284887960171048
-0.003000000000000	21.944968430717491
-0.002000000000000	24.245887547168415
-0.001000000000000	22.636217171162325
0.000000000000000	20.859565137082122
0.001000000000000	15.426835120280725
0.002000000000000	12.260674952431625
0.003000000000000	8.987552505541505
0.004000000000000	10.721834556674802
0.005000000000000	10.035739096030177
0.006000000000000	10.662082957934754
0.007000000000000	5.468546455865860
0.008000000000000	1.165760429911475
0.009000000000000	0.988471539175478
0.010000000000000	1.010381306828222
0.011000000000000	1.249887353100723
0.012000000000000	1.489119502597820
0.013000000000000	0.948993156171758
0.014000000000000	0.870660979866424
0.015000000000000	1.650873965345806
0.016000000000000	1.410677235025519
0.017000000000000	2.316159508753556
0.018000000000000	1.536355945679286
0.019000000000000	0.000000000000000
0.020000000000000	0.000000000000000
0.021000000000000	0.000000000000000
0.022000000000000	0.000000000000000
0.023000000000000	0.000000000000000
0.024000000000000	0.000000000000000
0.025000000000000	0.000000000000000
