-0.025000000000000	0.000000000000000
-0.024000000000000	0.000000000000000
-0.023000000000000	0.000000000000000
-0.022000000000000	0.000000000000000
-0.021000000000000	0.000000000000000
-0.020000000000000	0.000000000000000
-0.019000000000000	0.000000000000000
-0.018000000000000	0.126547941523381
-0.017000000000000	1.098030984510597
-0.016000000000000	0.988843598317568
-0.015000000000000	1.153686226913812
-0.014000000000000	0.910724904792086
-0.013000000000000	0.927034504445037
-0.012000000000000	0.757544650483489
-0.011000000000000	1.200674010604804
-0.010000000000000	1.301147371294622
-0.009000000000000	2.020598540580026
-0.008000000000000	2.523568536250995
-0.007000000000000	3.516347620957676
-0.006000000000000	5.803055953251161
-0.005000000000000	10.477242607332204
-0.004000000000000	13.839208212228419
-0.003000000000000	23.411369114975951
-0.002000000000000	29.061262869575959
-0.001000000000000	25.351083186583551
0.000000000000000	23.471493118320513
0.001000000000000	22.370700808064470
0.002000000000000	18.382426970582120
0.003000000000000	10.077623795812599
0.004000000000000	11.329703782040669
0.005000000000000	12.596208524405329
0.006000000000000	11.938717677494449
0.007000000000000	4.761396137774685
0.008000000000000	1.453740190408222
0.009000000000000	2.630077029385196
0.010000000000000	2.328139366864460
0.011000000000000	2.535315949468705
0.012000000000000	1.846610396691595
0.013000000000000	0.449460247754545
0.014000000000000	0.419748200717402
0.015000000000000	0.969801550990445
0.016000000000000	0.283258719209110
0.017000000000000	0.345783759877599
0.018000000000000	0.299596468426157
0.019000000000000	0.716884939399902
0.020000000000000	0.168421059645427
0.021000000000000	0.041336691715023
0.022000000000000	0.000000000000000
0.023000000000000	0.000000000000000
0.024000000000000	0.000000000000000
0.025000000000000	0.000000000000000
