-0.025000000000000	0.000000000000000
-0.024000000000000	0.000000000000000
-0.023000000000000	0.000000000000000
-0.022000000000000	0.000000000000000
-0.021000000000000	0.000000000000000
-0.020000000000000	0.000000000000000
-0.019000000000000	0.000000000000000
-0.018000000000000	0.000000000000000
-0.017000000000000	0.000000000000000
-0.016000000000000	0.000000000000000
-0.015000000000000	0.804501871419550
-0.014000000000000	1.168070825966790
-0.013000000000000	1.151698913809952
-0.012000000000000	1.092571146410868
-0.011000000000000	0.696421790102255
-0.010000000000000	1.141415732879751
-0.009000000000000	1.583155395845999
-0.008000000000000	1.891107174080868
-0.007000000000000	2.590809810056692
-0.006000000000000	3.558959613686108
-0.005000000000000	11.618329163353753
-0.004000000000000	25.563134498120643
-0.003000000000000	31.440626497536552
-0.002000000000000	31.466455179035236
-0.001000000000000	31.686573341790574
0.000000000000000	29.934503724342413
0.001000000000000	25.327634011044182
0.002000000000000	13.363532220209368
0.003000000000000	7.739310929981299
0.004000000000000	5.564810691161919
0.005000000000000	4.292850760967234
0.006000000000000	6.128156648515681
0.007000000000000	4.283510704469562
0.008000000000000	3.734546266979817
0.009000000000000	3.528025318244250
0.010000000000000	3.305875143433844
0.011000000000000	2.808263475119629
0.012000000000000	3.605134439964136
0.013000000000000	2.662483091526155
0.014000000000000	1.428410999493792
0.015000000000000	1.771410272252844
0.016000000000000	2.624323856596961
0.017000000000000	0.854596428528055
0.018000000000000	0.000000000000000
0.019000000000000	0.000000000000000
0.020000000000000	0.000000000000000
0.021000000000000	0.000000000000000
0.022000000000000	0.000000000000000
0.023000000000000	0.000000000000000
0.024000000000000	0.000000000000000
0.025000000000000	0.000000000000000
