-0.025000000000000	0.000000000000000
-0.024000000000000	0.000000000000000
-0.023000000000000	0.000000000000000
-0.022000000000000	0.000000000000000
-0.021000000000000	0.000000000000000
-0.020000000000000	0.000000000000000
-0.019000000000000	0.000000000000000
-0.018000000000000	0.000000000000000
-0.017000000000000	0.000000000000000
-0.016000000000000	0.000000000000000
-0.015000000000000	0.041195251954760
-0.014000000000000	0.831629458959904
-0.013000000000000	1.137188045676189
-0.012000000000000	1.315408570084516
-0.011000000000000	1.723305972234833
-0.010000000000000	3.158883320382082
-0.009000000000000	6.288373794320870
-0.008000000000000	7.589024433414405
-0.007000000000000	15.140058059250377
-0.006000000000000	23.730470211180378
-0.005000000000000	29.510205781400959
-0.004000000000000	27.778115281132607
-0.003000000000000	20.891417454564674
-0.002000000000000	22.591413801538287
-0.001000000000000	16.179745228763945
0.000000000000000	13.555467205547004
0.001000000000000	13.929739559116051
0.002000000000000	8.726997127807778
0.003000000000000	7.682564897902643
0.004000000000000	7.652484987604206
0.005000000000000	6.939014766437190
0.006000000000000	7.476908163841433
0.007000000000000	7.730998140389944
0.008000000000000	8.524934435942258
0.009000000000000	8.024279764586369
0.010000000000000	7.573654352710117
0.011000000000000	7.429858895120938
0.012000000000000	6.919012422511467
0.013000000000000	7.079170487517736
0.014000000000000	5.579970506937750
0.015000000000000	2.609743487337712
0.016000000000000	2.081864307250033
0.017000000000000	0.102910161473745
0.018000000000000	0.000000000000000
0.019000000000000	0.000000000000000
0.020000000000000	0.000000000000000
0.021000000000000	0.000000000000000
0.022000000000000	0.000000000000000
0.023000000000000	0.000000000000000
0.024000000000000	0.000000000000000
0.025000000000000	0.000000000000000
