-0.025000000000000	0.000000000000000
-0.024000000000000	0.000000000000000
-0.023000000000000	0.000000000000000
-0.022000000000000	0.000000000000000
-0.021000000000000	0.000000000000000
-0.020000000000000	0.000000000000000
-0.019000000000000	0.000000000000000
-0.018000000000000	0.000000000000000
-0.017000000000000	0.446989154745995
-0.016000000000000	1.345289197440769
-0.015000000000000	1.145048493825633
-0.014000000000000	1.123631186695925
-0.013000000000000	0.890844706055298
-0.012000000000000	1.154459384262141
-0.011000000000000	0.701730938191028
-0.010000000000000	1.321537580271796
-0.009000000000000	1.913114925383588
-0.008000000000000	4.348605418133577
-0.007000000000000	12.036567845956782
-0.006000000000000	19.979649325451664
-0.005000000000000	25.477640657852533
-0.004000000000000	27.622825644628193
-0.003000000000000	22.506687470839843
-0.002000000000000	19.039685778794443
-0.001000000000000	20.325592526791617
0.000000000000000	19.625621116046709
0.001000000000000	18.384417190650343
0.002000000000000	15.725576118967448
0.003000000000000	7.659821905991359
0.004000000000000	5.174600715637619
0.005000000000000	5.982090214597257
0.006000000000000	7.053415529251121
0.007000000000000	10.135914710340339
0.008000000000000	9.831809702980406
0.009000000000000	6.593232504182557
0.010000000000000	5.585205840669208
0.011000000000000	6.634562313062789
0.012000000000000	4.847193074272565
0.013000000000000	2.857793491716704
0.014000000000000	3.912996367422217
0.015000000000000	3.465360899515453
0.016000000000000	1.113019415856872
0.017000000000000	0.000000000000000
0.018000000000000	0.000000000000000
0.019000000000000	0.000000000000000
0.020000000000000	0.000000000000000
0.021000000000000	0.000000000000000
0.022000000000000	0.000000000000000
0.023000000000000	0.000000000000000
0.024000000000000	0.000000000000000
0.025000000000000	0.000000000000000
