-0.025000000000000	0.000000000000000
-0.024000000000000	0.000000000000000
-0.023000000000000	0.000000000000000
-0.022000000000000	0.000000000000000
-0.021000000000000	0.000000000000000
-0.020000000000000	0.000000000000000
-0.019000000000000	0.094221222807628
-0.018000000000000	1.023228555628376
-0.017000000000000	0.812286472402579
-0.016000000000000	1.122644892148637
-0.015000000000000	0.433118492265369
-0.014000000000000	1.101393913108748
-0.013000000000000	0.600866262922337
-0.012000000000000	0.491836138747771
-0.011000000000000	1.912137295246235
-0.010000000000000	4.305870765760630
-0.009000000000000	4.585992547501557
-0.008000000000000	4.668670649034248
-0.007000000000000	5.232408806968809
-0.006000000000000	6.315190446820334
-0.005000000000000	9.513270495847724
-0.004000000000000	17.187638370361828
-0.003000000000000	33.820743902918828
-0.002000000000000	30.715093663826547
-0.001000000000000	29.552097197636343
0.000000000000000	27.145313568934739
0.001000000000000	22.730056758005240
0.002000000000000	20.046228615271087
0.003000000000000	6.800117404365702
0.004000000000000	5.234689836546133
0.005000000000000	5.374830984639983
0.006000000000000	4.978790189042197
0.007000000000000	4.536301987393112
0.008000000000000	5.105992322987330
0.009000000000000	4.114676418208250
0.010000000000000	3.639282033080046
0.011000000000000	4.442179918018993
0.012000000000000	6.114353111877850
0.013000000000000	4.457842833805307
0.014000000000000	1.473631475718866
0.015000000000000	4.257642054745850
0.016000000000000	2.001401549346497
0.017000000000000	0.506656640167299
0.018000000000000	0.000000000000000
0.019000000000000	0.000000000000000
0.020000000000000	0.000000000000000
0.021000000000000	0.000000000000000
0.022000000000000	0.000000000000000
0.023000000000000	0.000000000000000
0.024000000000000	0.000000000000000
0.025000000000000	0.000000000000000
