-0.025000000000000	0.000000000000000
-0.024000000000000	0.000000000000000
-0.023000000000000	0.000000000000000
-0.022000000000000	0.000000000000000
-0.021000000000000	0.000000000000000
-0.020000000000000	0.000000000000000
-0.019000000000000	0.000000000000000
-0.018000000000000	0.000000000000000
-0.017000000000000	0.000000000000000
-0.016000000000000	0.274748025596302
-0.015000000000000	1.291126668751764
-0.014000000000000	1.026399318148695
-0.013000000000000	1.373704546173522
-0.012000000000000	0.975065788039226
-0.011000000000000	1.067907693344843
-0.010000000000000	0.982111217819923
-0.009000000000000	1.260478869381782
-0.008000000000000	2.268496869162027
-0.007000000000000	3.207743992912218
-0.006000000000000	4.703556788534575
-0.005000000000000	7.700314749586419
-0.004000000000000	17.928116469660260
-0.003000000000000	17.158144403198499
-0.002000000000000	26.706006632496212
-0.001000000000000	24.695747689521522
0.000000000000000	21.973277490898784
0.001000000000000	13.447465180892209
0.002000000000000	8.375074452558144
0.003000000000000	7.316397452771752
0.004000000000000	7.980090055016091
0.005000000000000	10.032808158080890
0.006000000000000	9.307430577459993
0.007000000000000	8.497002546015265
0.008000000000000	7.636631305754287
0.009000000000000	3.291388316754802
0.010000000000000	0.586337003052112
0.011000000000000	0.997737125310301
0.012000000000000	0.509342738692575
0.013000000000000	0.478456297785651
0.014000000000000	0.641420284708010
0.015000000000000	0.421704907024541
0.016000000000000	0.541923017688740
0.017000000000000	0.344744913223096
0.018000000000000	0.386235817781122
0.019000000000000	0.018417225543679
0.020000000000000	0.000000000000000
0.021000000000000	0.000000000000000
0.022000000000000	0.000000000000000
0.023000000000000	0.000000000000000
0.024000000000000	0.000000000000000
0.025000000000000	0.000000000000000
