-0.025000000000000	0.000000000000000
-0.024000000000000	0.000000000000000
-0.023000000000000	0.000000000000000
-0.022000000000000	0.000000000000000
-0.021000000000000	0.000000000000000
-0.020000000000000	0.000000000000000
-0.019000000000000	0.000000000000000
-0.018000000000000	0.000000000000000
-0.017000000000000	0.000000000000000
-0.016000000000000	0.437016949181235
-0.015000000000000	1.079225572235980
-0.014000000000000	0.598158907732960
-0.013000000000000	0.684981082357714
-0.012000000000000	1.900156476802391
-0.011000000000000	4.192572382731450
-0.010000000000000	4.108803770885800
-0.009000000000000	4.118601696339857
-0.008000000000000	6.415404077045942
-0.007000000000000	13.127067358185917
-0.006000000000000	18.607458240068627
-0.005000000000000	17.873914023704515
-0.004000000000000	16.700799801015101
-0.003000000000000	17.644141440145798
-0.002000000000000	19.072156194339666
-0.001000000000000	14.532889364377262
0.000000000000000	10.928659607713932
0.001000000000000	10.345317747669814
0.002000000000000	8.275706869644646
0.003000000000000	8.519120176192281
0.004000000000000	9.047771614535982
0.005000000000000	7.201729137205962
0.006000000000000	5.657505088151876
0.007000000000000	8.130834816171442
0.008000000000000	5.468617131966218
0.009000000000000	6.676052149788622
0.010000000000000	5.068346304319304
0.011000000000000	4.991214710421878
0.012000000000000	5.999257191572865
0.013000000000000	5.809359850561997
0.014000000000000	5.098247471557094
0.015000000000000	3.726742172218202
0.016000000000000	0.289403991168037
0.017000000000000	0.000000000000000
0.018000000000000	0.000000000000000
0.019000000000000	0.000000000000000
0.020000000000000	0.000000000000000
0.021000000000000	0.000000000000000
0.022000000000000	0.000000000000000
0.023000000000000	0.000000000000000
0.024000000000000	0.000000000000000
0.025000000000000	0.000000000000000
