-0.025000000000000	0.000000000000000
-0.024000000000000	0.000000000000000
-0.023000000000000	0.000000000000000
-0.022000000000000	0.000000000000000
-0.021000000000000	0.000000000000000
-0.020000000000000	0.000000000000000
-0.019000000000000	0.012178902263120
-0.018000000000000	1.415745810034430
-0.017000000000000	1.578108447371139
-0.016000000000000	1.412205985681386
-0.015000000000000	0.863535829535236
-0.014000000000000	0.977392422120285
-0.013000000000000	1.383967904549938
-0.012000000000000	0.482397181041281
-0.011000000000000	1.027950229245270
-0.010000000000000	1.895523837173256
-0.009000000000000	1.996610425607278
-0.008000000000000	3.773566300573750
-0.007000000000000	5.244740072558218
-0.006000000000000	7.183111497085389
-0.005000000000000	7.934794068697053
-0.004000000000000	13.364680618827554
-0.003000000000000	22.474070585914561
-0.002000000000000	29.615116613052063
-0.001000000000000	28.983622725563450
0.000000000000000	27.947417943263673
0.001000000000000	23.462810029118248
0.002000000000000	21.778137222302334
0.003000000000000	15.574686764483133
0.004000000000000	8.724113290960869
0.005000000000000	4.517872213021827
0.006000000000000	3.116012412768361
0.007000000000000	3.312630873717897
0.008000000000000	2.778257261761737
0.009000000000000	2.854702017702007
0.010000000000000	3.563659137928441
0.011000000000000	5.320038661660360
0.012000000000000	2.976332761600401
0.013000000000000	3.308734042702253
0.014000000000000	2.416845282468991
0.015000000000000	1.707310760212603
0.016000000000000	1.425875565499843
0.017000000000000	0.892741141427191
0.018000000000000	0.079132931450389
0.019000000000000	0.000000000000000
0.020000000000000	0.000000000000000
0.021000000000000	0.000000000000000
0.022000000000000	0.000000000000000
0.023000000000000	0.000000000000000
0.024000000000000	0.000000000000000
0.025000000000000	0.000000000000000
