-0.025000000000000	0.000000000000000
-0.024000000000000	0.000000000000000
-0.023000000000000	0.000000000000000
-0.022000000000000	0.000000000000000
-0.021000000000000	0.000000000000000
-0.020000000000000	0.000000000000000
-0.019000000000000	0.882046548974530
-0.018000000000000	2.357869675084788
-0.017000000000000	1.537355201565739
-0.016000000000000	1.962462755578571
-0.015000000000000	1.518006623628935
-0.014000000000000	1.151968790403721
-0.013000000000000	1.533017124342674
-0.012000000000000	1.958465793358330
-0.011000000000000	2.406637868634609
-0.010000000000000	4.963570789453247
-0.009000000000000	5.487624672768393
-0.008000000000000	8.892904134437096
-0.007000000000000	14.755512255692166
-0.006000000000000	15.443712615675443
-0.005000000000000	13.825024686649007
-0.004000000000000	13.125380428205350
-0.003000000000000	13.218417334886299
-0.002000000000000	13.240910659823587
-0.001000000000000	11.562921896208744
0.000000000000000	11.346762605426170
0.001000000000000	10.918210657804226
0.002000000000000	8.725789656527045
0.003000000000000	8.240409444938093
0.004000000000000	7.510210145236992
0.005000000000000	8.533336528679003
0.006000000000000	8.597486059480874
0.007000000000000	9.666045318921874
0.008000000000000	13.269389966140285
0.009000000000000	6.776578495151075
0.010000000000000	6.143735899262590
0.011000000000000	8.574963380091027
0.012000000000000	11.060899711499527
0.013000000000000	4.516344631645056
0.014000000000000	0.698681350186673
0.015000000000000	0.703367970902768
0.016000000000000	0.487115626992313
0.017000000000000	0.149618673889835
0.018000000000000	0.000000000000000
0.019000000000000	0.000000000000000
0.020000000000000	0.000000000000000
0.021000000000000	0.000000000000000
0.022000000000000	0.000000000000000
0.023000000000000	0.000000000000000
0.024000000000000	0.000000000000000
0.025000000000000	0.000000000000000
