-0.025000000000000	0.000000000000000
-0.024000000000000	0.000000000000000
-0.023000000000000	0.000000000000000
-0.022000000000000	0.000000000000000
-0.021000000000000	0.000000000000000
-0.020000000000000	0.000000000000000
-0.019000000000000	0.000000000000000
-0.018000000000000	0.000000000000000
-0.017000000000000	0.000000000000000
-0.016000000000000	0.114335376068848
-0.015000000000000	1.030082418507208
-0.014000000000000	1.117297946013370
-0.013000000000000	1.697916859678215
-0.012000000000000	2.204303557320515
-0.011000000000000	2.426251184876190
-0.010000000000000	2.200433203997196
-0.009000000000000	3.534318038534020
-0.008000000000000	3.541560441823488
-0.007000000000000	6.238467650439567
-0.006000000000000	9.094667148318894
-0.005000000000000	14.996468945590866
-0.004000000000000	18.531759372133209
-0.003000000000000	24.961251099111344
-0.002000000000000	30.497551320936733
-0.001000000000000	26.181691114557879
0.000000000000000	22.387762794531636
0.001000000000000	19.644931939544257
0.002000000000000	16.550484026975639
0.003000000000000	8.873377480757462
0.004000000000000	5.601138511757582
0.005000000000000	4.414038360807312
0.006000000000000	3.624926002225163
0.007000000000000	4.210147771662580
0.008000000000000	4.494146011800665
0.009000000000000	4.046861226435727
0.010000000000000	3.440666707436559
0.011000000000000	3.757331798933488
0.012000000000000	5.586120560404514
0.013000000000000	4.449307259463901
0.014000000000000	6.991667485209584
0.015000000000000	3.567285508685698
0.016000000000000	0.037036597575135
0.017000000000000	0.000000000000000
0.018000000000000	0.000000000000000
0.019000000000000	0.000000000000000
0.020000000000000	0.000000000000000
0.021000000000000	0.000000000000000
0.022000000000000	0.000000000000000
0.023000000000000	0.000000000000000
0.024000000000000	0.000000000000000
0.025000000000000	0.000000000000000
