-0.025000000000000	0.000000000000000
-0.024000000000000	0.000000000000000
-0.023000000000000	0.000000000000000
-0.022000000000000	0.000000000000000
-0.021000000000000	0.000000000000000
-0.020000000000000	0.000000000000000
-0.019000000000000	0.000000000000000
-0.018000000000000	0.000000000000000
-0.017000000000000	0.000000000000000
-0.016000000000000	0.000000000000000
-0.015000000000000	0.000000000000000
-0.014000000000000	0.000000000000000
-0.013000000000000	0.000000000000000
-0.012000000000000	0.000000000000000
-0.011000000000000	0.000000000000000
-0.010000000000000	0.309696963396367
-0.009000000000000	1.202462687266164
-0.008000000000000	1.600823974666010
-0.007000000000000	2.954845991191516
-0.006000000000000	6.127124303753662
-0.005000000000000	11.749763677624747
-0.004000000000000	18.974175072070757
-0.003000000000000	29.176889629744601
-0.002000000000000	29.436458153525709
-0.001000000000000	23.442652142165368
0.000000000000000	16.371283372797755
0.001000000000000	13.438596059287457
0.002000000000000	10.538321752955619
0.003000000000000	12.367014762804141
0.004000000000000	7.618890222640821
0.005000000000000	4.050362279754828
0.006000000000000	2.439649038884556
0.007000000000000	2.669120818630828
0.008000000000000	2.379290208926341
0.009000000000000	1.478999094796030
0.010000000000000	1.199429439237819
0.011000000000000	2.567830829137342
0.012000000000000	1.622306669863287
0.013000000000000	0.806746638419629
0.014000000000000	1.753053465242488
0.015000000000000	1.692609870181390
0.016000000000000	1.064722770488090
0.017000000000000	1.085651027676892
0.018000000000000	1.775305221964118
0.019000000000000	0.631169449694776
0.020000000000000	0.068755267071911
0.021000000000000	0.000000000000000
0.022000000000000	0.000000000000000
0.023000000000000	0.000000000000000
0.024000000000000	0.000000000000000
0.025000000000000	0.000000000000000
