-0.025000000000000	0.000000000000000
-0.024000000000000	0.000000000000000
-0.023000000000000	0.000000000000000
-0.022000000000000	0.000000000000000
-0.021000000000000	0.000000000000000
-0.020000000000000	0.000000000000000
-0.019000000000000	0.000000000000000
-0.018000000000000	0.000000000000000
-0.017000000000000	0.000000000000000
-0.016000000000000	0.467568402553430
-0.015000000000000	1.119966749274874
-0.014000000000000	0.691365485326521
-0.013000000000000	0.702021075374571
-0.012000000000000	2.779896764451430
-0.011000000000000	5.634662134910793
-0.010000000000000	5.694947344648014
-0.009000000000000	6.175372437904607
-0.008000000000000	7.571362059968098
-0.007000000000000	6.191781957520862
-0.006000000000000	8.190050890545034
-0.005000000000000	16.686078169836168
-0.004000000000000	23.281243471081414
-0.003000000000000	23.369596805527202
-0.002000000000000	20.812579640652107
-0.001000000000000	21.931806643447270
0.000000000000000	21.850854387818597
0.001000000000000	13.949044038982930
0.002000000000000	6.215658566989003
0.003000000000000	6.370258486290463
0.004000000000000	5.946264599416499
0.005000000000000	4.634696363809590
0.006000000000000	6.100901766555832
0.007000000000000	4.134162604376555
0.008000000000000	4.228806308415344
0.009000000000000	5.716317206874726
0.010000000000000	5.357275299142782
0.011000000000000	5.153656833896516
0.012000000000000	6.413438578162337
0.013000000000000	5.728405635418453
0.014000000000000	8.287330074587370
0.015000000000000	5.082739310664776
0.016000000000000	1.008103029758687
0.017000000000000	0.016119641106141
0.018000000000000	0.000000000000000
0.019000000000000	0.000000000000000
0.020000000000000	0.000000000000000
0.021000000000000	0.000000000000000
0.022000000000000	0.000000000000000
0.023000000000000	0.000000000000000
0.024000000000000	0.000000000000000
0.025000000000000	0.000000000000000
