-0.025000000000000	0.000000000000000
-0.024000000000000	0.000000000000000
-0.023000000000000	0.000000000000000
-0.022000000000000	0.000000000000000
-0.021000000000000	0.000000000000000
-0.020000000000000	0.000000000000000
-0.019000000000000	0.000000000000000
-0.018000000000000	0.000000000000000
-0.017000000000000	0.000000000000000
-0.016000000000000	0.289637891759944
-0.015000000000000	1.306897043952507
-0.014000000000000	1.178809928563920
-0.013000000000000	2.329046542241566
-0.012000000000000	2.721911847239586
-0.011000000000000	1.928312696953717
-0.010000000000000	2.634618897881359
-0.009000000000000	3.404768182073424
-0.008000000000000	2.475553829826604
-0.007000000000000	3.916205159066053
-0.006000000000000	4.181282594802459
-0.005000000000000	7.932059255890151
-0.004000000000000	17.644039552581617
-0.003000000000000	25.303834053008462
-0.002000000000000	31.360414676209846
-0.001000000000000	27.731465852419465
0.000000000000000	25.350027501374061
0.001000000000000	21.521271926012655
0.002000000000000	15.009764149008509
0.003000000000000	7.598096140922084
0.004000000000000	7.004772772786968
0.005000000000000	5.601114616403049
0.006000000000000	4.745737289648280
0.007000000000000	5.868036580962549
0.008000000000000	4.566288735185504
0.009000000000000	4.538719982640144
0.010000000000000	4.680645942529310
0.011000000000000	3.852481968601673
0.012000000000000	4.298879070432931
0.013000000000000	3.300902697574148
0.014000000000000	3.711105623931227
0.015000000000000	1.159456667266398
0.016000000000000	0.025448919056843
0.017000000000000	0.000000000000000
0.018000000000000	0.000000000000000
0.019000000000000	0.000000000000000
0.020000000000000	0.000000000000000
0.021000000000000	0.000000000000000
0.022000000000000	0.000000000000000
0.023000000000000	0.000000000000000
0.024000000000000	0.000000000000000
0.025000000000000	0.000000000000000
