-0.025000000000000	0.000000000000000
-0.024000000000000	0.000000000000000
-0.023000000000000	0.000000000000000
-0.022000000000000	0.000000000000000
-0.021000000000000	0.000000000000000
-0.020000000000000	0.000000000000000
-0.019000000000000	0.000000000000000
-0.018000000000000	0.000000000000000
-0.017000000000000	0.000000000000000
-0.016000000000000	0.000000000000000
-0.015000000000000	0.000000000000000
-0.014000000000000	0.000000000000000
-0.013000000000000	0.000000000000000
-0.012000000000000	0.000000000000000
-0.011000000000000	0.000000000000000
-0.010000000000000	0.000000000000000
-0.009000000000000	0.000000000000000
-0.008000000000000	0.000000000000000
-0.007000000000000	0.000000000000000
-0.006000000000000	0.000000000000000
-0.005000000000000	0.827520736503777
-0.004000000000000	18.241986809104144
-0.003000000000000	41.623069729681518
-0.002000000000000	45.208130844500076
-0.001000000000000	29.558488216444587
0.000000000000000	25.147447567906088
0.001000000000000	21.801635631998035
0.002000000000000	11.029782585493772
0.003000000000000	3.978699243454574
0.004000000000000	3.118827454251665
0.005000000000000	2.657673787930212
0.006000000000000	2.880674328709470
0.007000000000000	2.479834172015874
0.008000000000000	1.770913325874201
0.009000000000000	2.146683909918595
0.010000000000000	2.194706896467344
0.011000000000000	1.927085269106079
0.012000000000000	1.657588121269018
0.013000000000000	2.306871557221863
0.014000000000000	2.024857201755332
0.015000000000000	0.709567704438960
0.016000000000000	0.436078384869978
0.017000000000000	0.538730337492086
0.018000000000000	0.683363998446790
0.019000000000000	0.300127540016375
0.020000000000000	0.362281049395857
0.021000000000000	0.000000000000000
0.022000000000000	0.000000000000000
0.023000000000000	0.000000000000000
0.024000000000000	0.000000000000000
0.025000000000000	0.000000000000000
