-0.025000000000000	0.000000000000000
-0.024000000000000	0.000000000000000
-0.023000000000000	0.000000000000000
-0.022000000000000	0.000000000000000
-0.021000000000000	0.000000000000000
-0.020000000000000	0.000000000000000
-0.019000000000000	0.000000000000000
-0.018000000000000	0.000000000000000
-0.017000000000000	0.014022943597404
-0.016000000000000	0.794347528372078
-0.015000000000000	0.957798522334266
-0.014000000000000	1.428396099773387
-0.013000000000000	0.652081635446050
-0.012000000000000	1.410311493203709
-0.011000000000000	2.404802598237103
-0.010000000000000	2.313142917763040
-0.009000000000000	3.424812623386573
-0.008000000000000	4.049707516440654
-0.007000000000000	5.972349791613381
-0.006000000000000	13.092778907117470
-0.005000000000000	18.316981383975534
-0.004000000000000	16.456762229073824
-0.003000000000000	14.442585656305470
-0.002000000000000	13.318313625323622
-0.001000000000000	10.485889858227102
0.000000000000000	9.041383025877025
0.001000000000000	6.775144204500849
0.002000000000000	6.291483479889015
0.003000000000000	5.479740452457547
0.004000000000000	5.560183024156192
0.005000000000000	5.109508400952395
0.006000000000000	4.819779750308213
0.007000000000000	4.825267338595374
0.008000000000000	4.374544521082950
0.009000000000000	4.495510193081036
0.010000000000000	3.907790657432338
0.011000000000000	5.619841717862885
0.012000000000000	4.815687030039614
0.013000000000000	4.798475442071879
0.014000000000000	5.040097986857545
0.015000000000000	1.931722802643302
0.016000000000000	0.030406877908686
0.017000000000000	0.000000000000000
0.018000000000000	0.000000000000000
0.019000000000000	0.000000000000000
0.020000000000000	0.000000000000000
0.021000000000000	0.000000000000000
0.022000000000000	0.000000000000000
0.023000000000000	0.000000000000000
0.024000000000000	0.000000000000000
0.025000000000000	0.000000000000000
