-0.025000000000000	0.000000000000000
-0.024000000000000	0.000000000000000
-0.023000000000000	0.000000000000000
-0.022000000000000	0.000000000000000
-0.021000000000000	0.000000000000000
-0.020000000000000	0.000000000000000
-0.019000000000000	0.000000000000000
-0.018000000000000	0.024533199635033
-0.017000000000000	1.673177745617551
-0.016000000000000	2.702087472318483
-0.015000000000000	3.127117469340365
-0.014000000000000	2.507194095380680
-0.013000000000000	3.436775833220834
-0.012000000000000	3.577271229831398
-0.011000000000000	3.926090729777934
-0.010000000000000	4.771150326632073
-0.009000000000000	7.273683085083194
-0.008000000000000	6.115189738385124
-0.007000000000000	7.601194894430344
-0.006000000000000	12.347594645779926
-0.005000000000000	15.670525964707640
-0.004000000000000	17.826913930331404
-0.003000000000000	20.008837322462227
-0.002000000000000	23.187934907304722
-0.001000000000000	21.003831706157268
0.000000000000000	23.270367450594904
0.001000000000000	23.227936110675341
0.002000000000000	16.046792187257708
0.003000000000000	9.859732431533690
0.004000000000000	8.110008456860143
0.005000000000000	5.935951196111077
0.006000000000000	5.886631181113729
0.007000000000000	6.978166439289913
0.008000000000000	5.234534818702706
0.009000000000000	5.063715459085521
0.010000000000000	4.482401763699044
0.011000000000000	5.228975945272333
0.012000000000000	5.972567396550645
0.013000000000000	5.781633471357503
0.014000000000000	8.287628653212993
0.015000000000000	9.201610849385514
0.016000000000000	1.825623590066526
0.017000000000000	0.000000000000000
0.018000000000000	0.000000000000000
0.019000000000000	0.000000000000000
0.020000000000000	0.000000000000000
0.021000000000000	0.000000000000000
0.022000000000000	0.000000000000000
0.023000000000000	0.000000000000000
0.024000000000000	0.000000000000000
0.025000000000000	0.000000000000000
