-0.025000000000000	0.000000000000000
-0.024000000000000	0.000000000000000
-0.023000000000000	0.000000000000000
-0.022000000000000	0.000000000000000
-0.021000000000000	0.000000000000000
-0.020000000000000	0.000000000000000
-0.019000000000000	0.000000000000000
-0.018000000000000	0.000000000000000
-0.017000000000000	0.325089055139999
-0.016000000000000	1.185416480236143
-0.015000000000000	1.183658021232824
-0.014000000000000	0.686742937657157
-0.013000000000000	1.328026524700316
-0.012000000000000	0.701120733630055
-0.011000000000000	1.079951736276473
-0.010000000000000	2.299279672809587
-0.009000000000000	2.509170640088566
-0.008000000000000	3.338829348379978
-0.007000000000000	2.952146422678054
-0.006000000000000	6.849665771604262
-0.005000000000000	11.665256650545382
-0.004000000000000	16.342273807460263
-0.003000000000000	15.816930986847940
-0.002000000000000	14.721108203596565
-0.001000000000000	11.782547042223920
0.000000000000000	7.913350491469457
0.001000000000000	6.911715519822247
0.002000000000000	6.352743481801746
0.003000000000000	5.695430999442401
0.004000000000000	6.123461758117497
0.005000000000000	4.856826663691971
0.006000000000000	4.421759193975829
0.007000000000000	4.775382332202060
0.008000000000000	3.526481103777201
0.009000000000000	2.195699822186412
0.010000000000000	2.336526129557849
0.011000000000000	2.591956149140808
0.012000000000000	2.880853492697014
0.013000000000000	2.133899765726827
0.014000000000000	2.388797582678350
0.015000000000000	2.153467847184513
0.016000000000000	2.578743574217056
0.017000000000000	0.787957320839114
0.018000000000000	0.239420585962920
0.019000000000000	0.131484758961328
0.020000000000000	0.000000000000000
0.021000000000000	0.000000000000000
0.022000000000000	0.000000000000000
0.023000000000000	0.000000000000000
0.024000000000000	0.000000000000000
0.025000000000000	0.000000000000000
