-0.025000000000000	0.000000000000000
-0.024000000000000	0.000000000000000
-0.023000000000000	0.000000000000000
-0.022000000000000	0.000000000000000
-0.021000000000000	0.000000000000000
-0.020000000000000	0.000000000000000
-0.019000000000000	0.000000000000000
-0.018000000000000	0.000000000000000
-0.017000000000000	0.000000000000000
-0.016000000000000	0.268661539992728
-0.015000000000000	0.844753775664596
-0.014000000000000	2.066504426354129
-0.013000000000000	1.651720701455188
-0.012000000000000	1.581110798123563
-0.011000000000000	2.126684381409577
-0.010000000000000	3.423845158344076
-0.009000000000000	5.496143254067177
-0.008000000000000	9.547228449747555
-0.007000000000000	13.731123947124912
-0.006000000000000	18.675748397562103
-0.005000000000000	22.360438111344976
-0.004000000000000	31.545636144767279
-0.003000000000000	36.450432277579679
-0.002000000000000	34.737225108738052
-0.001000000000000	29.711694225813101
0.000000000000000	24.467111679835842
0.001000000000000	16.618864594617268
0.002000000000000	12.600385363707641
0.003000000000000	12.898794225290588
0.004000000000000	8.453253850611608
0.005000000000000	8.942006780691226
0.006000000000000	10.530959493800040
0.007000000000000	8.654682375333948
0.008000000000000	12.176750729707541
0.009000000000000	9.065163351970218
0.010000000000000	8.757933313560413
0.011000000000000	6.896025075604449
0.012000000000000	3.192862941042186
0.013000000000000	3.842840592632724
0.014000000000000	4.351419284998567
0.015000000000000	5.316381469613045
0.016000000000000	3.741271464758090
0.017000000000000	0.951735773650637
0.018000000000000	0.000000000000000
0.019000000000000	0.000000000000000
0.020000000000000	0.000000000000000
0.021000000000000	0.000000000000000
0.022000000000000	0.000000000000000
0.023000000000000	0.000000000000000
0.024000000000000	0.000000000000000
0.025000000000000	0.000000000000000
