-0.025000000000000	0.000000000000000
-0.024000000000000	0.000000000000000
-0.023000000000000	0.000000000000000
-0.022000000000000	0.000000000000000
-0.021000000000000	0.000000000000000
-0.020000000000000	0.000000000000000
-0.019000000000000	0.000000000000000
-0.018000000000000	0.000000000000000
-0.017000000000000	0.000000000000000
-0.016000000000000	0.000000000000000
-0.015000000000000	0.000000000000000
-0.014000000000000	0.000000000000000
-0.013000000000000	0.000000000000000
-0.012000000000000	0.410693301370406
-0.011000000000000	2.372096161355733
-0.010000000000000	2.866990358216851
-0.009000000000000	3.550656364277833
-0.008000000000000	3.004560157529528
-0.007000000000000	5.996072073912913
-0.006000000000000	11.033257537651792
-0.005000000000000	15.959377987277190
-0.004000000000000	16.668468458618936
-0.003000000000000	22.105181584862923
-0.002000000000000	27.453734682543935
-0.001000000000000	27.273180678196791
0.000000000000000	22.802879775238555
0.001000000000000	20.782308749012245
0.002000000000000	18.244296423021549
0.003000000000000	8.463838958665631
0.004000000000000	5.363705906923519
0.005000000000000	4.721652644406555
0.006000000000000	4.746512422408079
0.007000000000000	4.764770146787074
0.008000000000000	4.205930803096820
0.009000000000000	4.720182843217909
0.010000000000000	4.873802198607189
0.011000000000000	3.971726962715209
0.012000000000000	3.858630484070883
0.013000000000000	3.446898036623027
0.014000000000000	2.992489662606298
0.015000000000000	1.629572419979139
0.016000000000000	0.100035272042622
0.017000000000000	0.000000000000000
0.018000000000000	0.000000000000000
0.019000000000000	0.000000000000000
0.020000000000000	0.000000000000000
0.021000000000000	0.000000000000000
0.022000000000000	0.000000000000000
0.023000000000000	0.000000000000000
0.024000000000000	0.000000000000000
0.025000000000000	0.000000000000000
