-0.025000000000000	0.000000000000000
-0.024000000000000	0.000000000000000
-0.023000000000000	0.000000000000000
-0.022000000000000	0.000000000000000
-0.021000000000000	0.000000000000000
-0.020000000000000	0.000000000000000
-0.019000000000000	0.000000000000000
-0.018000000000000	0.000000000000000
-0.017000000000000	0.033352031362481
-0.016000000000000	1.177052587676002
-0.015000000000000	2.073411597907646
-0.014000000000000	2.238357425739899
-0.013000000000000	2.463593778328802
-0.012000000000000	2.021394941117698
-0.011000000000000	2.909164464862213
-0.010000000000000	2.111530995279748
-0.009000000000000	2.502149562123566
-0.008000000000000	3.585685590834025
-0.007000000000000	5.547714046338281
-0.006000000000000	10.326577432227809
-0.005000000000000	15.517686398347241
-0.004000000000000	25.194123677714096
-0.003000000000000	34.263682184696748
-0.002000000000000	27.851221356478639
-0.001000000000000	24.555816496160858
0.000000000000000	19.155558591974234
0.001000000000000	18.245330577978539
0.002000000000000	14.193910281825316
0.003000000000000	9.162693193951903
0.004000000000000	6.216675642311631
0.005000000000000	5.521494324942566
0.006000000000000	5.713095063266775
0.007000000000000	5.398047230073526
0.008000000000000	6.075198464102732
0.009000000000000	4.168350400430825
0.010000000000000	4.281290426035629
0.011000000000000	4.272299532978653
0.012000000000000	6.217996266866006
0.013000000000000	4.637938501662584
0.014000000000000	6.211325487296143
0.015000000000000	3.504256790015837
0.016000000000000	2.679189940650589
0.017000000000000	0.513891050825048
0.018000000000000	0.000000000000000
0.019000000000000	0.000000000000000
0.020000000000000	0.000000000000000
0.021000000000000	0.000000000000000
0.022000000000000	0.000000000000000
0.023000000000000	0.000000000000000
0.024000000000000	0.000000000000000
0.025000000000000	0.000000000000000
