-0.025000000000000	0.000000000000000
-0.024000000000000	0.000000000000000
-0.023000000000000	0.000000000000000
-0.022000000000000	0.000000000000000
-0.021000000000000	0.000000000000000
-0.020000000000000	0.000000000000000
-0.019000000000000	0.000000000000000
-0.018000000000000	0.000000000000000
-0.017000000000000	0.000000000000000
-0.016000000000000	0.000000000000000
-0.015000000000000	0.000000000000000
-0.014000000000000	0.271358592707946
-0.013000000000000	1.170004092353561
-0.012000000000000	2.163038984394862
-0.011000000000000	2.338504262970921
-0.010000000000000	3.966307174148083
-0.009000000000000	3.449317309204309
-0.008000000000000	3.538196923001033
-0.007000000000000	3.142178678350869
-0.006000000000000	7.463417975063398
-0.005000000000000	14.985084421486260
-0.004000000000000	21.130012424473286
-0.003000000000000	29.624613275571203
-0.002000000000000	26.470443370772031
-0.001000000000000	19.967888230193395
0.000000000000000	16.337028440399703
0.001000000000000	11.168955312063870
0.002000000000000	12.260149868864351
0.003000000000000	12.946755122886010
0.004000000000000	17.848859038332790
0.005000000000000	17.039064814979469
0.006000000000000	9.973971990513057
0.007000000000000	4.790273735452208
0.008000000000000	3.719304039176232
0.009000000000000	2.847903945139468
0.010000000000000	2.586134221834602
0.011000000000000	3.070210078882481
0.012000000000000	1.972352007789875
0.013000000000000	1.481165613359155
0.014000000000000	1.254606863865526
0.015000000000000	1.842509731110409
0.016000000000000	0.873093052863082
0.017000000000000	0.092055998406142
0.018000000000000	0.377305185668849
0.019000000000000	0.550918694162459
0.020000000000000	0.000000000000000
0.021000000000000	0.000000000000000
0.022000000000000	0.000000000000000
0.023000000000000	0.000000000000000
0.024000000000000	0.000000000000000
0.025000000000000	0.000000000000000
