-0.025000000000000	0.000000000000000
-0.024000000000000	0.000000000000000
-0.023000000000000	0.000000000000000
-0.022000000000000	0.000000000000000
-0.021000000000000	0.000000000000000
-0.020000000000000	0.000000000000000
-0.019000000000000	0.000000000000000
-0.018000000000000	0.000000000000000
-0.017000000000000	0.000000000000000
-0.016000000000000	0.000000000000000
-0.015000000000000	0.000000000000000
-0.014000000000000	0.012388825255571
-0.013000000000000	2.597331543409188
-0.012000000000000	6.988741781857519
-0.011000000000000	8.033935515494536
-0.010000000000000	7.810732192300252
-0.009000000000000	9.205996100786773
-0.008000000000000	8.439717049297911
-0.007000000000000	10.399452621711536
-0.006000000000000	15.480820076837279
-0.005000000000000	14.245176625312016
-0.004000000000000	15.197011314495192
-0.003000000000000	15.089096080631483
-0.002000000000000	13.992739686051646
-0.001000000000000	13.876936166855435
0.000000000000000	13.785355986385072
0.001000000000000	11.197621020073610
0.002000000000000	10.746248901196280
0.003000000000000	9.499604489995292
0.004000000000000	11.494194674403616
0.005000000000000	7.159081410637280
0.006000000000000	7.762524713027003
0.007000000000000	4.605853394557052
0.008000000000000	6.394652576953537
0.009000000000000	5.574961333032403
0.010000000000000	5.679313612950287
0.011000000000000	6.576072407641081
0.012000000000000	8.773608917960363
0.013000000000000	8.341309724076428
0.014000000000000	5.408760513063359
0.015000000000000	4.040994445159416
0.016000000000000	0.680665294408493
0.017000000000000	0.000000000000000
0.018000000000000	0.000000000000000
0.019000000000000	0.000000000000000
0.020000000000000	0.000000000000000
0.021000000000000	0.000000000000000
0.022000000000000	0.000000000000000
0.023000000000000	0.000000000000000
0.024000000000000	0.000000000000000
0.025000000000000	0.000000000000000
