-0.025000000000000	0.000000000000000
-0.024000000000000	0.000000000000000
-0.023000000000000	0.000000000000000
-0.022000000000000	0.000000000000000
-0.021000000000000	0.000000000000000
-0.020000000000000	0.000000000000000
-0.019000000000000	0.000000000000000
-0.018000000000000	0.000000000000000
-0.017000000000000	0.000000000000000
-0.016000000000000	0.000000000000000
-0.015000000000000	0.000000000000000
-0.014000000000000	0.000000000000000
-0.013000000000000	0.000000000000000
-0.012000000000000	0.000000000000000
-0.011000000000000	0.167639685663718
-0.010000000000000	1.390201960092786
-0.009000000000000	2.113639049978731
-0.008000000000000	2.793813682118496
-0.007000000000000	6.270340236979500
-0.006000000000000	18.342014762941783
-0.005000000000000	24.617919292590859
-0.004000000000000	25.362504824314374
-0.003000000000000	24.453583806218294
-0.002000000000000	23.225300542643417
-0.001000000000000	15.274952062191895
0.000000000000000	13.992983401822260
0.001000000000000	9.542485926084908
0.002000000000000	11.187850991675630
0.003000000000000	10.905259895080313
0.004000000000000	12.117958626530811
0.005000000000000	11.692655935284400
0.006000000000000	10.491552356317838
0.007000000000000	6.480289388742606
0.008000000000000	4.480582710901304
0.009000000000000	6.206789951340695
0.010000000000000	2.957268231343669
0.011000000000000	1.666886867984473
0.012000000000000	1.670205873177915
0.013000000000000	2.654416311477764
0.014000000000000	2.419521352369968
0.015000000000000	0.745792721018344
0.016000000000000	0.506852239449896
0.017000000000000	0.736365767632670
0.018000000000000	0.539624843030683
0.019000000000000	0.629565616459308
0.020000000000000	0.408587837740291
0.021000000000000	0.029000725240365
0.022000000000000	0.000000000000000
0.023000000000000	0.000000000000000
0.024000000000000	0.000000000000000
0.025000000000000	0.000000000000000
