-0.025000000000000	0.000000000000000
-0.024000000000000	0.000000000000000
-0.023000000000000	0.000000000000000
-0.022000000000000	0.000000000000000
-0.021000000000000	0.000000000000000
-0.020000000000000	0.000000000000000
-0.019000000000000	0.000000000000000
-0.018000000000000	0.000000000000000
-0.017000000000000	0.000000000000000
-0.016000000000000	0.054408864708974
-0.015000000000000	1.060998696911009
-0.014000000000000	1.917382345587410
-0.013000000000000	1.879642209842775
-0.012000000000000	2.965385170604100
-0.011000000000000	6.627757541045511
-0.010000000000000	5.720232617054101
-0.009000000000000	10.286032390080406
-0.008000000000000	11.878401046247317
-0.007000000000000	16.979696893266933
-0.006000000000000	21.968940740020194
-0.005000000000000	22.672253902264160
-0.004000000000000	21.776003826836163
-0.003000000000000	20.751135367272610
-0.002000000000000	18.560360030581275
-0.001000000000000	15.394204024981722
0.000000000000000	13.962790253898087
0.001000000000000	14.144095020772278
0.002000000000000	14.283356887847781
0.003000000000000	12.950710493079841
0.004000000000000	10.212775112781499
0.005000000000000	9.562850612797295
0.006000000000000	9.730567674987242
0.007000000000000	8.147667016930349
0.008000000000000	6.075627551658750
0.009000000000000	5.857269058132126
0.010000000000000	5.936707463289003
0.011000000000000	4.184610701872082
0.012000000000000	5.452256735845811
0.013000000000000	5.979548123414027
0.014000000000000	5.847495418785615
0.015000000000000	5.210877602828469
0.016000000000000	2.289945957578159
0.017000000000000	1.988579442464171
0.018000000000000	2.556142004978863
0.019000000000000	1.911198085179659
0.020000000000000	1.665976266968252
0.021000000000000	0.093207043574474
0.022000000000000	0.000000000000000
0.023000000000000	0.000000000000000
0.024000000000000	0.000000000000000
0.025000000000000	0.000000000000000
