-0.025000000000000	0.000000000000000
-0.024000000000000	0.000000000000000
-0.023000000000000	0.000000000000000
-0.022000000000000	0.000000000000000
-0.021000000000000	0.000000000000000
-0.020000000000000	0.000000000000000
-0.019000000000000	0.000000000000000
-0.018000000000000	0.207509652308453
-0.017000000000000	1.250836253522146
-0.016000000000000	1.624458713422366
-0.015000000000000	2.240872814568238
-0.014000000000000	2.269508141596261
-0.013000000000000	1.858973153582086
-0.012000000000000	1.559971568770691
-0.011000000000000	2.505285213430144
-0.010000000000000	1.940324103495725
-0.009000000000000	3.436124290440183
-0.008000000000000	6.760867628966749
-0.007000000000000	9.658888295063896
-0.006000000000000	12.003557546570624
-0.005000000000000	14.497368887120407
-0.004000000000000	15.335415213324133
-0.003000000000000	10.876650288508195
-0.002000000000000	10.482271792915146
-0.001000000000000	8.575925205297835
0.000000000000000	9.559824461928297
0.001000000000000	11.369102410123743
0.002000000000000	13.298157368225286
0.003000000000000	12.031900431531925
0.004000000000000	9.161219485276094
0.005000000000000	7.598632616504411
0.006000000000000	6.434189513912036
0.007000000000000	5.587578575013077
0.008000000000000	5.580109400330869
0.009000000000000	5.381231532885326
0.010000000000000	4.885166922091503
0.011000000000000	5.464091016440007
0.012000000000000	2.974343075336777
0.013000000000000	2.518316857335379
0.014000000000000	2.267117105082971
0.015000000000000	2.178787852352324
0.016000000000000	1.011009678087868
0.017000000000000	0.514079048703511
0.018000000000000	0.466433102230425
0.019000000000000	0.858075785605449
0.020000000000000	0.529670980407212
0.021000000000000	0.329520289125791
0.022000000000000	0.000000000000000
0.023000000000000	0.000000000000000
0.024000000000000	0.000000000000000
0.025000000000000	0.000000000000000
