-0.025000000000000	0.000000000000000
-0.024000000000000	0.000000000000000
-0.023000000000000	0.000000000000000
-0.022000000000000	0.000000000000000
-0.021000000000000	0.000000000000000
-0.020000000000000	0.000000000000000
-0.019000000000000	0.000000000000000
-0.018000000000000	0.000000000000000
-0.017000000000000	0.000000000000000
-0.016000000000000	0.044049863713770
-0.015000000000000	0.892501294255308
-0.014000000000000	0.845375608029713
-0.013000000000000	1.234017266500026
-0.012000000000000	0.671522938973816
-0.011000000000000	0.739398889897231
-0.010000000000000	1.335083220780504
-0.009000000000000	2.808498146240701
-0.008000000000000	2.906563894282983
-0.007000000000000	8.284157652896781
-0.006000000000000	20.662249323544540
-0.005000000000000	24.004583858505072
-0.004000000000000	31.994974013509417
-0.003000000000000	36.200987117308280
-0.002000000000000	29.709229762539536
-0.001000000000000	21.098894954585095
0.000000000000000	13.191396195834804
0.001000000000000	9.349513179414426
0.002000000000000	7.187031757466510
0.003000000000000	5.059907182816780
0.004000000000000	3.835658990386121
0.005000000000000	5.514307786035491
0.006000000000000	5.674179597735468
0.007000000000000	6.378532312713245
0.008000000000000	6.891508256845272
0.009000000000000	6.644913053036065
0.010000000000000	6.407424725871540
0.011000000000000	6.839825747155218
0.012000000000000	6.563987332659076
0.013000000000000	5.678830879135591
0.014000000000000	6.110462362342409
0.015000000000000	2.621060546685684
0.016000000000000	0.815434600638794
0.017000000000000	0.318517067026739
0.018000000000000	0.591383066979130
0.019000000000000	0.603553554795827
0.020000000000000	0.263385713284866
0.021000000000000	0.000000000000000
0.022000000000000	0.000000000000000
0.023000000000000	0.000000000000000
0.024000000000000	0.000000000000000
0.025000000000000	0.000000000000000
