-0.025000000000000	0.000000000000000
-0.024000000000000	0.000000000000000
-0.023000000000000	0.000000000000000
-0.022000000000000	0.000000000000000
-0.021000000000000	0.000000000000000
-0.020000000000000	0.000000000000000
-0.019000000000000	0.000000000000000
-0.018000000000000	0.000000000000000
-0.017000000000000	0.000000000000000
-0.016000000000000	0.000000000000000
-0.015000000000000	0.150131146604706
-0.014000000000000	0.556747356064509
-0.013000000000000	0.835547693550018
-0.012000000000000	0.749057789420964
-0.011000000000000	2.693266955253863
-0.010000000000000	3.331572538680506
-0.009000000000000	3.991920485989986
-0.008000000000000	4.822266805800341
-0.007000000000000	5.693712990209861
-0.006000000000000	12.655386032046810
-0.005000000000000	24.720761040508691
-0.004000000000000	26.945840373656203
-0.003000000000000	25.412189449164071
-0.002000000000000	25.037538301047945
-0.001000000000000	23.632611462404103
0.000000000000000	17.357361999526400
0.001000000000000	15.393018738577167
0.002000000000000	10.619413132932422
0.003000000000000	8.042871076877196
0.004000000000000	6.418304216061955
0.005000000000000	6.623679305137777
0.006000000000000	4.941905294899058
0.007000000000000	7.048394072453462
0.008000000000000	9.270716115474018
0.009000000000000	7.698810279803093
0.010000000000000	6.535111046415711
0.011000000000000	6.337806285745232
0.012000000000000	4.036030760499004
0.013000000000000	3.493212174076040
0.014000000000000	1.660089616493162
0.015000000000000	2.028925980571707
0.016000000000000	1.719525548408376
0.017000000000000	0.628086784836617
0.018000000000000	0.246696751308979
0.019000000000000	0.000000000000000
0.020000000000000	0.000000000000000
0.021000000000000	0.000000000000000
0.022000000000000	0.000000000000000
0.023000000000000	0.000000000000000
0.024000000000000	0.000000000000000
0.025000000000000	0.000000000000000
