-0.025000000000000	0.000000000000000
-0.024000000000000	0.000000000000000
-0.023000000000000	0.000000000000000
-0.022000000000000	0.000000000000000
-0.021000000000000	0.000000000000000
-0.020000000000000	0.000000000000000
-0.019000000000000	0.000000000000000
-0.018000000000000	0.000000000000000
-0.017000000000000	0.000000000000000
-0.016000000000000	0.000000000000000
-0.015000000000000	0.000000000000000
-0.014000000000000	0.000000000000000
-0.013000000000000	0.000000000000000
-0.012000000000000	0.000000000000000
-0.011000000000000	0.027832964140973
-0.010000000000000	1.016428622627711
-0.009000000000000	1.476428546022925
-0.008000000000000	1.123649403291212
-0.007000000000000	2.365404324406029
-0.006000000000000	7.877487974238371
-0.005000000000000	12.157707246480813
-0.004000000000000	16.994563531797720
-0.003000000000000	33.963215540721762
-0.002000000000000	36.918822407482828
-0.001000000000000	36.337251504843621
0.000000000000000	36.263513861009386
0.001000000000000	29.842585078502534
0.002000000000000	21.825298405201060
0.003000000000000	8.028658140715430
0.004000000000000	2.858869951379908
0.005000000000000	3.355180745863839
0.006000000000000	2.326197183374533
0.007000000000000	2.757161745509178
0.008000000000000	2.592575643611810
0.009000000000000	2.705150152132145
0.010000000000000	2.242316329645400
0.011000000000000	1.921277762130847
0.012000000000000	1.392075910975629
0.013000000000000	2.615442116326226
0.014000000000000	2.117042286198815
0.015000000000000	3.095258801506722
0.016000000000000	2.971880500894744
0.017000000000000	0.752430544830152
0.018000000000000	0.282461434559404
0.019000000000000	0.022015332184008
0.020000000000000	0.000000000000000
0.021000000000000	0.000000000000000
0.022000000000000	0.000000000000000
0.023000000000000	0.000000000000000
0.024000000000000	0.000000000000000
0.025000000000000	0.000000000000000
