-0.025000000000000	0.000000000000000
-0.024000000000000	0.000000000000000
-0.023000000000000	0.000000000000000
-0.022000000000000	0.000000000000000
-0.021000000000000	0.000000000000000
-0.020000000000000	0.000000000000000
-0.019000000000000	0.000000000000000
-0.018000000000000	0.000000000000000
-0.017000000000000	0.331773546732990
-0.016000000000000	1.260074922476547
-0.015000000000000	1.542865563645911
-0.014000000000000	1.985531124332500
-0.013000000000000	2.541370260019720
-0.012000000000000	2.557946838057814
-0.011000000000000	4.013983112472098
-0.010000000000000	3.543345676417745
-0.009000000000000	4.350663121588751
-0.008000000000000	4.689647340070180
-0.007000000000000	4.351214554257156
-0.006000000000000	8.203999854424522
-0.005000000000000	17.820345419779290
-0.004000000000000	22.803544314909047
-0.003000000000000	15.936677138276551
-0.002000000000000	12.866948693500417
-0.001000000000000	10.828987000572569
0.000000000000000	10.171459605297109
0.001000000000000	7.233788995072248
0.002000000000000	6.500879724307764
0.003000000000000	6.345669521447984
0.004000000000000	6.261098574175993
0.005000000000000	6.765378145282328
0.006000000000000	6.307193010807028
0.007000000000000	6.481660273969383
0.008000000000000	5.316241437963064
0.009000000000000	5.033365603156517
0.010000000000000	4.675847024254813
0.011000000000000	5.811993831794111
0.012000000000000	5.820127337510323
0.013000000000000	4.340499074682182
0.014000000000000	4.063372361194978
0.015000000000000	2.920800704091519
0.016000000000000	1.874099172928107
0.017000000000000	0.064830159256726
0.018000000000000	0.000000000000000
0.019000000000000	0.000000000000000
0.020000000000000	0.000000000000000
0.021000000000000	0.000000000000000
0.022000000000000	0.000000000000000
0.023000000000000	0.000000000000000
0.024000000000000	0.000000000000000
0.025000000000000	0.000000000000000
