-0.025000000000000	0.000000000000000
-0.024000000000000	0.000000000000000
-0.023000000000000	0.000000000000000
-0.022000000000000	0.000000000000000
-0.021000000000000	0.000000000000000
-0.020000000000000	0.000000000000000
-0.019000000000000	0.000000000000000
-0.018000000000000	0.000000000000000
-0.017000000000000	0.000000000000000
-0.016000000000000	0.000000000000000
-0.015000000000000	0.000000000000000
-0.014000000000000	0.000000000000000
-0.013000000000000	0.000000000000000
-0.012000000000000	0.000000000000000
-0.011000000000000	0.502037828892977
-0.010000000000000	1.709467176112732
-0.009000000000000	2.410593386393301
-0.008000000000000	3.278537338989649
-0.007000000000000	11.326397098613267
-0.006000000000000	27.804872196572447
-0.005000000000000	22.242917748608939
-0.004000000000000	23.132287544461754
-0.003000000000000	23.483638666497853
-0.002000000000000	18.089515121177087
-0.001000000000000	14.135395560664156
0.000000000000000	13.183206013240151
0.001000000000000	13.423879196352662
0.002000000000000	8.205344702259199
0.003000000000000	7.287724670034995
0.004000000000000	7.444695454205275
0.005000000000000	9.281043593427651
0.006000000000000	9.744073269371977
0.007000000000000	9.012780802366157
0.008000000000000	5.339713327706071
0.009000000000000	3.257130907315409
0.010000000000000	3.806775204631768
0.011000000000000	3.069302953950360
0.012000000000000	2.985498539961463
0.013000000000000	3.463456735859741
0.014000000000000	4.158070701954915
0.015000000000000	3.119128079078218
0.016000000000000	1.583897946165710
0.017000000000000	0.416521709166735
0.018000000000000	0.743942643429206
0.019000000000000	0.458998130165400
0.020000000000000	0.331483450819161
0.021000000000000	0.000000000000000
0.022000000000000	0.000000000000000
0.023000000000000	0.000000000000000
0.024000000000000	0.000000000000000
0.025000000000000	0.000000000000000
