-0.025000000000000	0.000000000000000
-0.024000000000000	0.000000000000000
-0.023000000000000	0.000000000000000
-0.022000000000000	0.000000000000000
-0.021000000000000	0.000000000000000
-0.020000000000000	0.000000000000000
-0.019000000000000	0.000000000000000
-0.018000000000000	0.000000000000000
-0.017000000000000	0.000000000000000
-0.016000000000000	0.000000000000000
-0.015000000000000	0.724548487144363
-0.014000000000000	1.408098867726894
-0.013000000000000	0.827213269093256
-0.012000000000000	1.481729549021710
-0.011000000000000	3.834736880656338
-0.010000000000000	3.736118705458048
-0.009000000000000	5.056022898318118
-0.008000000000000	5.565628264102910
-0.007000000000000	8.593498943833900
-0.006000000000000	10.337287540277433
-0.005000000000000	10.723497214257936
-0.004000000000000	17.198685305372582
-0.003000000000000	28.023229029082970
-0.002000000000000	27.296948607260187
-0.001000000000000	25.263587358932199
0.000000000000000	22.961580430565153
0.001000000000000	23.269473168046265
0.002000000000000	19.704370278706332
0.003000000000000	14.808272464235646
0.004000000000000	11.899292961425811
0.005000000000000	11.802937756724901
0.006000000000000	13.542296578483402
0.007000000000000	8.204336814165607
0.008000000000000	5.726492291220090
0.009000000000000	3.256229735845731
0.010000000000000	2.939663491876194
0.011000000000000	3.536540155028814
0.012000000000000	2.748575860599094
0.013000000000000	2.953624958360743
0.014000000000000	1.289665759435881
0.015000000000000	0.539540639358133
0.016000000000000	1.153488177265883
0.017000000000000	0.687472139670247
0.018000000000000	0.725958509167196
0.019000000000000	0.113976292792033
0.020000000000000	0.000000000000000
0.021000000000000	0.000000000000000
0.022000000000000	0.000000000000000
0.023000000000000	0.000000000000000
0.024000000000000	0.000000000000000
0.025000000000000	0.000000000000000
