-0.025000000000000	0.000000000000000
-0.024000000000000	0.000000000000000
-0.023000000000000	0.000000000000000
-0.022000000000000	0.000000000000000
-0.021000000000000	0.000000000000000
-0.020000000000000	0.000000000000000
-0.019000000000000	0.000000000000000
-0.018000000000000	0.000000000000000
-0.017000000000000	0.000000000000000
-0.016000000000000	0.000000000000000
-0.015000000000000	0.000000000000000
-0.014000000000000	0.000000000000000
-0.013000000000000	0.000000000000000
-0.012000000000000	0.000000000000000
-0.011000000000000	0.000000000000000
-0.010000000000000	0.000000000000000
-0.009000000000000	0.078628191640037
-0.008000000000000	1.846337479824228
-0.007000000000000	3.447151595060070
-0.006000000000000	4.857267996773880
-0.005000000000000	12.819053803312078
-0.004000000000000	19.369725606700484
-0.003000000000000	20.911098134740879
-0.002000000000000	23.958158950842080
-0.001000000000000	27.176057326766646
0.000000000000000	31.462829817202234
0.001000000000000	27.488889878311380
0.002000000000000	16.243812507711667
0.003000000000000	5.415532409233433
0.004000000000000	3.532901662890738
0.005000000000000	3.615897162181887
0.006000000000000	2.311089978763265
0.007000000000000	2.711449496244993
0.008000000000000	2.561172048287409
0.009000000000000	2.206302860446650
0.010000000000000	2.202150924183708
0.011000000000000	2.546782883125785
0.012000000000000	2.971879475438262
0.013000000000000	3.369849718014719
0.014000000000000	1.665015404146474
0.015000000000000	0.937161138435335
0.016000000000000	0.031845826518729
0.017000000000000	0.000000000000000
0.018000000000000	0.000000000000000
0.019000000000000	0.000000000000000
0.020000000000000	0.000000000000000
0.021000000000000	0.000000000000000
0.022000000000000	0.000000000000000
0.023000000000000	0.000000000000000
0.024000000000000	0.000000000000000
0.025000000000000	0.000000000000000
