-0.025000000000000	0.000000000000000
-0.024000000000000	0.000000000000000
-0.023000000000000	0.000000000000000
-0.022000000000000	0.000000000000000
-0.021000000000000	0.000000000000000
-0.020000000000000	0.000000000000000
-0.019000000000000	0.000000000000000
-0.018000000000000	0.000000000000000
-0.017000000000000	0.000000000000000
-0.016000000000000	0.000000000000000
-0.015000000000000	0.000000000000000
-0.014000000000000	0.000000000000000
-0.013000000000000	0.000000000000000
-0.012000000000000	0.000000000000000
-0.011000000000000	0.960305844124624
-0.010000000000000	2.622312446971546
-0.009000000000000	2.496569935515334
-0.008000000000000	2.848858952561793
-0.007000000000000	3.222755702183609
-0.006000000000000	3.056493845504041
-0.005000000000000	3.710733732577992
-0.004000000000000	9.302126609895829
-0.003000000000000	15.180835510780701
-0.002000000000000	34.891056728612469
-0.001000000000000	45.706636506470048
0.000000000000000	33.175374117873034
0.001000000000000	25.012543129090041
0.002000000000000	19.783621339460794
0.003000000000000	7.365887275607345
0.004000000000000	2.503979206176605
0.005000000000000	2.636344065653637
0.006000000000000	2.459160561956247
0.007000000000000	1.899347702531115
0.008000000000000	1.913979268625914
0.009000000000000	1.684129749419950
0.010000000000000	1.848161382477074
0.011000000000000	2.069815939935877
0.012000000000000	0.805745358203241
0.013000000000000	1.094471038415095
0.014000000000000	1.573926339041211
0.015000000000000	1.305170323110961
0.016000000000000	1.828387728503005
0.017000000000000	2.031171519312101
0.018000000000000	0.120755247947333
0.019000000000000	0.000000000000000
0.020000000000000	0.000000000000000
0.021000000000000	0.000000000000000
0.022000000000000	0.000000000000000
0.023000000000000	0.000000000000000
0.024000000000000	0.000000000000000
0.025000000000000	0.000000000000000
