-0.025000000000000	0.000000000000000
-0.024000000000000	0.000000000000000
-0.023000000000000	0.000000000000000
-0.022000000000000	0.000000000000000
-0.021000000000000	0.000000000000000
-0.020000000000000	0.000000000000000
-0.019000000000000	0.000000000000000
-0.018000000000000	0.000000000000000
-0.017000000000000	0.000000000000000
-0.016000000000000	0.000000000000000
-0.015000000000000	0.000000000000000
-0.014000000000000	0.000000000000000
-0.013000000000000	0.000000000000000
-0.012000000000000	0.000000000000000
-0.011000000000000	0.138719191808353
-0.010000000000000	1.001856611012578
-0.009000000000000	1.246022719825275
-0.008000000000000	1.359333937636422
-0.007000000000000	3.775901482785785
-0.006000000000000	13.645496146514843
-0.005000000000000	25.835998870473343
-0.004000000000000	29.231614151714638
-0.003000000000000	29.331184163718781
-0.002000000000000	32.833320865077347
-0.001000000000000	21.902489212784268
0.000000000000000	16.848237117164707
0.001000000000000	13.720738267287020
0.002000000000000	11.430250647463405
0.003000000000000	11.815479344742812
0.004000000000000	11.518672285547961
0.005000000000000	12.551071502123493
0.006000000000000	6.390878588003392
0.007000000000000	4.085068559612821
0.008000000000000	4.194398920998668
0.009000000000000	4.009203731737008
0.010000000000000	3.438007169053245
0.011000000000000	2.775852591648304
0.012000000000000	3.020690772265114
0.013000000000000	3.720484096884670
0.014000000000000	2.373070118335169
0.015000000000000	1.490677687981183
0.016000000000000	0.734318237414134
0.017000000000000	0.429266482706653
0.018000000000000	0.612417338658823
0.019000000000000	0.497015041160467
0.020000000000000	0.123072578271965
0.021000000000000	0.000000000000000
0.022000000000000	0.000000000000000
0.023000000000000	0.000000000000000
0.024000000000000	0.000000000000000
0.025000000000000	0.000000000000000
