-0.025000000000000	0.000000000000000
-0.024000000000000	0.000000000000000
-0.023000000000000	0.000000000000000
-0.022000000000000	0.000000000000000
-0.021000000000000	0.000000000000000
-0.020000000000000	0.000000000000000
-0.019000000000000	0.000000000000000
-0.018000000000000	0.000000000000000
-0.017000000000000	1.139390576403808
-0.016000000000000	3.143219938699837
-0.015000000000000	2.674739599990599
-0.014000000000000	3.162153504330376
-0.013000000000000	4.236510397659464
-0.012000000000000	3.796480341324530
-0.011000000000000	3.238778451097067
-0.010000000000000	4.906356643685289
-0.009000000000000	7.391439351157722
-0.008000000000000	5.979124871853751
-0.007000000000000	6.303502772965922
-0.006000000000000	6.382348216909415
-0.005000000000000	13.426718270337185
-0.004000000000000	20.655281984043643
-0.003000000000000	27.779310138013777
-0.002000000000000	24.307443355357496
-0.001000000000000	21.670641732043059
0.000000000000000	18.753275522731474
0.001000000000000	16.164437082128671
0.002000000000000	13.160228975027856
0.003000000000000	10.743061398441480
0.004000000000000	9.534493212785106
0.005000000000000	5.851918156930611
0.006000000000000	6.087796395715638
0.007000000000000	6.124683288929601
0.008000000000000	4.154486374012849
0.009000000000000	4.738343627938875
0.010000000000000	5.486966317738564
0.011000000000000	4.453223056668126
0.012000000000000	4.537784144453685
0.013000000000000	4.630346402773570
0.014000000000000	8.200584729383982
0.015000000000000	10.965125329239793
0.016000000000000	2.799940846926166
0.017000000000000	0.066980054344083
0.018000000000000	0.000000000000000
0.019000000000000	0.000000000000000
0.020000000000000	0.000000000000000
0.021000000000000	0.000000000000000
0.022000000000000	0.000000000000000
0.023000000000000	0.000000000000000
0.024000000000000	0.000000000000000
0.025000000000000	0.000000000000000
