-0.025000000000000	0.000000000000000
-0.024000000000000	0.000000000000000
-0.023000000000000	0.000000000000000
-0.022000000000000	0.000000000000000
-0.021000000000000	0.000000000000000
-0.020000000000000	0.000000000000000
-0.019000000000000	0.000000000000000
-0.018000000000000	0.081653838611763
-0.017000000000000	1.356431437425924
-0.016000000000000	1.077852749625400
-0.015000000000000	1.501934213963498
-0.014000000000000	0.601188004138370
-0.013000000000000	0.501509770053524
-0.012000000000000	1.531847455656054
-0.011000000000000	2.985960033805897
-0.010000000000000	3.592471766868012
-0.009000000000000	3.250623139056003
-0.008000000000000	5.739445009899221
-0.007000000000000	9.697471910777338
-0.006000000000000	8.473678512645558
-0.005000000000000	7.015187802792147
-0.004000000000000	7.288697635811755
-0.003000000000000	6.733665916637669
-0.002000000000000	5.092718124617781
-0.001000000000000	3.631059796364173
0.000000000000000	4.278101207419545
0.001000000000000	4.039280854330276
0.002000000000000	4.097281729519474
0.003000000000000	3.661152528706717
0.004000000000000	4.146825638416813
0.005000000000000	3.809268371101909
0.006000000000000	3.114370558910446
0.007000000000000	2.717760365814910
0.008000000000000	3.270655667644525
0.009000000000000	3.513159239438304
0.010000000000000	3.530365431163007
0.011000000000000	1.814606338936319
0.012000000000000	2.277428804816024
0.013000000000000	2.381617521440607
0.014000000000000	6.534261566107293
0.015000000000000	4.008821974274734
0.016000000000000	1.233962186088490
0.017000000000000	0.566205755740507
0.018000000000000	0.447605055288770
0.019000000000000	0.027482040594305
0.020000000000000	0.000000000000000
0.021000000000000	0.000000000000000
0.022000000000000	0.000000000000000
0.023000000000000	0.000000000000000
0.024000000000000	0.000000000000000
0.025000000000000	0.000000000000000
