-0.025000000000000	0.000000000000000
-0.024000000000000	0.000000000000000
-0.023000000000000	0.000000000000000
-0.022000000000000	0.000000000000000
-0.021000000000000	0.000000000000000
-0.020000000000000	0.000000000000000
-0.019000000000000	0.000000000000000
-0.018000000000000	0.000000000000000
-0.017000000000000	0.000000000000000
-0.016000000000000	0.038531018352210
-0.015000000000000	0.771402603411008
-0.014000000000000	1.087551668180655
-0.013000000000000	1.005373635401261
-0.012000000000000	1.011603705872434
-0.011000000000000	2.167252657178158
-0.010000000000000	1.321990792698651
-0.009000000000000	2.376230677736979
-0.008000000000000	2.035604729780051
-0.007000000000000	2.595460886482598
-0.006000000000000	2.617472757714015
-0.005000000000000	10.394362572657098
-0.004000000000000	18.112394635964769
-0.003000000000000	20.444138835287465
-0.002000000000000	18.217183943863663
-0.001000000000000	13.042616423887683
0.000000000000000	9.633581137916666
0.001000000000000	5.190217757581308
0.002000000000000	4.049671774357269
0.003000000000000	3.711671103888069
0.004000000000000	3.174648709509063
0.005000000000000	3.086142038143778
0.006000000000000	2.888109461687148
0.007000000000000	3.321691295282049
0.008000000000000	1.956084336987794
0.009000000000000	1.737949657770952
0.010000000000000	1.853487572691734
0.011000000000000	3.018819726307448
0.012000000000000	2.502536731258534
0.013000000000000	2.197465865529772
0.014000000000000	3.623050801915312
0.015000000000000	4.586643295054682
0.016000000000000	2.503879666083837
0.017000000000000	0.119476769288550
0.018000000000000	0.000000000000000
0.019000000000000	0.000000000000000
0.020000000000000	0.000000000000000
0.021000000000000	0.000000000000000
0.022000000000000	0.000000000000000
0.023000000000000	0.000000000000000
0.024000000000000	0.000000000000000
0.025000000000000	0.000000000000000
