-0.025000000000000	0.000000000000000
-0.024000000000000	0.000000000000000
-0.023000000000000	0.000000000000000
-0.022000000000000	0.000000000000000
-0.021000000000000	0.000000000000000
-0.020000000000000	0.000000000000000
-0.019000000000000	0.038615527390262
-0.018000000000000	0.904123029520355
-0.017000000000000	1.214473983114197
-0.016000000000000	0.933289034011467
-0.015000000000000	1.512909288100977
-0.014000000000000	1.180615451168407
-0.013000000000000	1.686075012758412
-0.012000000000000	1.772573277493654
-0.011000000000000	2.696067459158582
-0.010000000000000	2.486917974224943
-0.009000000000000	2.495587626622972
-0.008000000000000	3.222762481534274
-0.007000000000000	3.957685799308288
-0.006000000000000	5.405834323524516
-0.005000000000000	13.363672882764115
-0.004000000000000	17.681623806976976
-0.003000000000000	19.731881239423547
-0.002000000000000	15.850093610992074
-0.001000000000000	15.016324567225325
0.000000000000000	17.085674967834514
0.001000000000000	11.306577008818612
0.002000000000000	10.310075028709257
0.003000000000000	11.520576628206816
0.004000000000000	12.343132189772183
0.005000000000000	12.809416887316187
0.006000000000000	10.677297228968630
0.007000000000000	6.745285232522165
0.008000000000000	4.370786273289217
0.009000000000000	2.919575416405205
0.010000000000000	3.099520244321731
0.011000000000000	3.286735426518330
0.012000000000000	2.165061030557437
0.013000000000000	1.500204828284917
0.014000000000000	1.156394725566159
0.015000000000000	1.657784262020288
0.016000000000000	1.671215874100747
0.017000000000000	0.307623926868850
0.018000000000000	0.000000000000000
0.019000000000000	0.000000000000000
0.020000000000000	0.000000000000000
0.021000000000000	0.000000000000000
0.022000000000000	0.000000000000000
0.023000000000000	0.000000000000000
0.024000000000000	0.000000000000000
0.025000000000000	0.000000000000000
