-0.025000000000000	0.000000000000000
-0.024000000000000	0.000000000000000
-0.023000000000000	0.000000000000000
-0.022000000000000	0.000000000000000
-0.021000000000000	0.000000000000000
-0.020000000000000	0.000000000000000
-0.019000000000000	0.000000000000000
-0.018000000000000	0.000000000000000
-0.017000000000000	0.000000000000000
-0.016000000000000	0.000000000000000
-0.015000000000000	0.000000000000000
-0.014000000000000	0.000000000000000
-0.013000000000000	0.000000000000000
-0.012000000000000	0.193707137214633
-0.011000000000000	2.353156088440957
-0.010000000000000	2.610505217097637
-0.009000000000000	2.799997321636890
-0.008000000000000	2.593610678478073
-0.007000000000000	2.964619046466003
-0.006000000000000	10.185986510776942
-0.005000000000000	17.825814916036020
-0.004000000000000	21.203240601155919
-0.003000000000000	19.268336754739241
-0.002000000000000	13.512882513101459
-0.001000000000000	14.432861122592604
0.000000000000000	10.773216842280709
0.001000000000000	12.888709497155473
0.002000000000000	13.345110526764353
0.003000000000000	12.242090243346736
0.004000000000000	12.077986343216411
0.005000000000000	12.173050971202789
0.006000000000000	8.531257538426381
0.007000000000000	5.528634523576141
0.008000000000000	4.459419466941071
0.009000000000000	2.624161073782632
0.010000000000000	1.865328226737123
0.011000000000000	1.064828734888957
0.012000000000000	1.054383389428509
0.013000000000000	1.581399423559304
0.014000000000000	1.002489821292060
0.015000000000000	1.522575190953870
0.016000000000000	1.187020778046906
0.017000000000000	0.192437571859548
0.018000000000000	0.000000000000000
0.019000000000000	0.000000000000000
0.020000000000000	0.000000000000000
0.021000000000000	0.000000000000000
0.022000000000000	0.000000000000000
0.023000000000000	0.000000000000000
0.024000000000000	0.000000000000000
0.025000000000000	0.000000000000000
