-0.025000000000000	0.000000000000000
-0.024000000000000	0.000000000000000
-0.023000000000000	0.000000000000000
-0.022000000000000	0.000000000000000
-0.021000000000000	0.000000000000000
-0.020000000000000	0.000000000000000
-0.019000000000000	0.000000000000000
-0.018000000000000	0.000000000000000
-0.017000000000000	0.000000000000000
-0.016000000000000	0.000000000000000
-0.015000000000000	0.000000000000000
-0.014000000000000	0.000000000000000
-0.013000000000000	0.000000000000000
-0.012000000000000	0.000000000000000
-0.011000000000000	0.000000000000000
-0.010000000000000	0.000000000000000
-0.009000000000000	0.000000000000000
-0.008000000000000	0.292286995132271
-0.007000000000000	3.701989176336405
-0.006000000000000	5.997323455813030
-0.005000000000000	7.469089826120529
-0.004000000000000	14.593759824254041
-0.003000000000000	21.217271003879343
-0.002000000000000	30.775932255773299
-0.001000000000000	27.123213553667924
0.000000000000000	25.653487696568806
0.001000000000000	23.272693254636756
0.002000000000000	13.098344467286340
0.003000000000000	15.134053645950416
0.004000000000000	5.571777011155731
0.005000000000000	3.030088055680016
0.006000000000000	2.781639065864136
0.007000000000000	1.565152471711575
0.008000000000000	2.208214300958892
0.009000000000000	2.017971033047599
0.010000000000000	1.263740004905035
0.011000000000000	1.468121046484683
0.012000000000000	1.281827880744546
0.013000000000000	1.373340922561535
0.014000000000000	0.599983121646004
0.015000000000000	0.846553110636802
0.016000000000000	0.797613137623612
0.017000000000000	0.590867135745911
0.018000000000000	0.563615781434150
0.019000000000000	0.093398223731176
0.020000000000000	0.000000000000000
0.021000000000000	0.000000000000000
0.022000000000000	0.000000000000000
0.023000000000000	0.000000000000000
0.024000000000000	0.000000000000000
0.025000000000000	0.000000000000000
