-0.025000000000000	0.000000000000000
-0.024000000000000	0.000000000000000
-0.023000000000000	0.000000000000000
-0.022000000000000	0.000000000000000
-0.021000000000000	0.000000000000000
-0.020000000000000	0.000000000000000
-0.019000000000000	0.000000000000000
-0.018000000000000	0.000000000000000
-0.017000000000000	0.000000000000000
-0.016000000000000	0.000000000000000
-0.015000000000000	0.000000000000000
-0.014000000000000	0.000000000000000
-0.013000000000000	0.000000000000000
-0.012000000000000	0.000000000000000
-0.011000000000000	0.426049036991122
-0.010000000000000	2.489236353405061
-0.009000000000000	2.479679502826976
-0.008000000000000	2.980698324122970
-0.007000000000000	3.299308219533949
-0.006000000000000	4.411396130654007
-0.005000000000000	4.538697241770801
-0.004000000000000	11.692049806154486
-0.003000000000000	14.761356987749759
-0.002000000000000	12.943777283364629
-0.001000000000000	9.692815136903924
0.000000000000000	8.699025077314401
0.001000000000000	9.418337129064442
0.002000000000000	7.236935919341267
0.003000000000000	2.839770629056336
0.004000000000000	2.093040427058048
0.005000000000000	2.434991474227693
0.006000000000000	1.929740545283951
0.007000000000000	2.114389722435614
0.008000000000000	2.229027084927910
0.009000000000000	1.594881426454402
0.010000000000000	0.990393921915424
0.011000000000000	2.318035661798112
0.012000000000000	1.784215624641434
0.013000000000000	1.095211835448936
0.014000000000000	1.622487433546493
0.015000000000000	1.846365503599688
0.016000000000000	2.370301360070157
0.017000000000000	0.226076388498637
0.018000000000000	0.000000000000000
0.019000000000000	0.000000000000000
0.020000000000000	0.000000000000000
0.021000000000000	0.000000000000000
0.022000000000000	0.000000000000000
0.023000000000000	0.000000000000000
0.024000000000000	0.000000000000000
0.025000000000000	0.000000000000000
