-0.025000000000000	0.000000000000000
-0.024000000000000	0.000000000000000
-0.023000000000000	0.000000000000000
-0.022000000000000	0.000000000000000
-0.021000000000000	0.000000000000000
-0.020000000000000	0.000000000000000
-0.019000000000000	0.000000000000000
-0.018000000000000	0.000000000000000
-0.017000000000000	0.000000000000000
-0.016000000000000	0.000000000000000
-0.015000000000000	0.395556602481014
-0.014000000000000	1.034541996038307
-0.013000000000000	0.986136710492359
-0.012000000000000	0.967614464278078
-0.011000000000000	0.808272421665772
-0.010000000000000	2.061762645446784
-0.009000000000000	2.200204267813004
-0.008000000000000	1.458526495027305
-0.007000000000000	3.060160659144926
-0.006000000000000	1.305688455732882
-0.005000000000000	3.392742679783221
-0.004000000000000	10.751635591673839
-0.003000000000000	18.140102404868291
-0.002000000000000	24.946708923034343
-0.001000000000000	23.535107530684368
0.000000000000000	19.084327273770604
0.001000000000000	12.776684885186084
0.002000000000000	5.762824673176546
0.003000000000000	3.763698785085548
0.004000000000000	2.222924273600552
0.005000000000000	2.772319369740960
0.006000000000000	1.505340872156954
0.007000000000000	1.926943890632565
0.008000000000000	2.697920416579099
0.009000000000000	1.750510955080142
0.010000000000000	1.837935462474352
0.011000000000000	1.500472611744359
0.012000000000000	1.617449604658861
0.013000000000000	2.311440124683590
0.014000000000000	1.928522693082410
0.015000000000000	2.691182816111625
0.016000000000000	1.089113165599220
0.017000000000000	0.522243403553379
0.018000000000000	0.565268624603299
0.019000000000000	0.332560452066220
0.020000000000000	0.456014508258800
0.021000000000000	0.108648499208624
0.022000000000000	0.000000000000000
0.023000000000000	0.000000000000000
0.024000000000000	0.000000000000000
0.025000000000000	0.000000000000000
