-0.025000000000000	0.000000000000000
-0.024000000000000	0.000000000000000
-0.023000000000000	0.000000000000000
-0.022000000000000	0.000000000000000
-0.021000000000000	0.000000000000000
-0.020000000000000	0.000000000000000
-0.019000000000000	0.000000000000000
-0.018000000000000	0.000000000000000
-0.017000000000000	0.000000000000000
-0.016000000000000	0.023490710513274
-0.015000000000000	0.633209158971716
-0.014000000000000	0.873122990930034
-0.013000000000000	0.954616902406610
-0.012000000000000	0.673786560316889
-0.011000000000000	0.939789085415818
-0.010000000000000	2.108894268538089
-0.009000000000000	2.241393320139542
-0.008000000000000	3.180963342548699
-0.007000000000000	3.695651963274742
-0.006000000000000	4.779692167750633
-0.005000000000000	12.816657000735034
-0.004000000000000	16.346483158928812
-0.003000000000000	15.010660795480359
-0.002000000000000	15.350988697201773
-0.001000000000000	15.557842160740840
0.000000000000000	12.489038748184333
0.001000000000000	10.573185979055342
0.002000000000000	9.268407455292630
0.003000000000000	4.471572787883090
0.004000000000000	2.598159437355691
0.005000000000000	2.528876738001279
0.006000000000000	2.923198429314907
0.007000000000000	2.039970710560274
0.008000000000000	2.867395302768811
0.009000000000000	2.956798990740832
0.010000000000000	2.030863777048914
0.011000000000000	2.699587459048892
0.012000000000000	2.370677452145575
0.013000000000000	2.818871272352146
0.014000000000000	2.676073035537383
0.015000000000000	1.951006829208267
0.016000000000000	2.209292828664649
0.017000000000000	0.802927515190629
0.018000000000000	0.620210621678823
0.019000000000000	0.100334081710338
0.020000000000000	0.142361772324993
0.021000000000000	0.000000000000000
0.022000000000000	0.000000000000000
0.023000000000000	0.000000000000000
0.024000000000000	0.000000000000000
0.025000000000000	0.000000000000000
