-0.025000000000000	0.000000000000000
-0.024000000000000	0.000000000000000
-0.023000000000000	0.000000000000000
-0.022000000000000	0.000000000000000
-0.021000000000000	0.000000000000000
-0.020000000000000	0.000000000000000
-0.019000000000000	0.000000000000000
-0.018000000000000	0.000000000000000
-0.017000000000000	0.000000000000000
-0.016000000000000	0.000000000000000
-0.015000000000000	0.000000000000000
-0.014000000000000	0.000000000000000
-0.013000000000000	0.000000000000000
-0.012000000000000	0.000000000000000
-0.011000000000000	0.000000000000000
-0.010000000000000	1.028490612892813
-0.009000000000000	2.727183175447130
-0.008000000000000	2.432730437140188
-0.007000000000000	2.334590698914242
-0.006000000000000	2.680618764409195
-0.005000000000000	2.658253304412852
-0.004000000000000	4.867085194828924
-0.003000000000000	7.343749586992576
-0.002000000000000	9.061265230230232
-0.001000000000000	7.585754098954289
0.000000000000000	7.358078055009522
0.001000000000000	7.275253864614932
0.002000000000000	1.221882683306640
0.003000000000000	1.318230025414343
0.004000000000000	0.877955543993835
0.005000000000000	0.979868068729648
0.006000000000000	0.690420737019982
0.007000000000000	0.900607289057945
0.008000000000000	0.641169149295903
0.009000000000000	0.860016768764165
0.010000000000000	1.039909177929488
0.011000000000000	0.566992485167180
0.012000000000000	0.381328520153822
0.013000000000000	0.423162871413951
0.014000000000000	0.771021893754318
0.015000000000000	0.973405633587694
0.016000000000000	0.664977445652849
0.017000000000000	0.386079175853197
0.018000000000000	0.458415132277225
0.019000000000000	0.992832510967102
0.020000000000000	0.488993450427722
0.021000000000000	0.612112056835831
0.022000000000000	0.109519757508096
0.023000000000000	0.000000000000000
0.024000000000000	0.000000000000000
0.025000000000000	0.000000000000000
