-0.025000000000000	0.000000000000000
-0.024000000000000	0.000000000000000
-0.023000000000000	0.000000000000000
-0.022000000000000	0.000000000000000
-0.021000000000000	0.000000000000000
-0.020000000000000	0.000000000000000
-0.019000000000000	0.000000000000000
-0.018000000000000	0.000000000000000
-0.017000000000000	0.000000000000000
-0.016000000000000	0.000000000000000
-0.015000000000000	0.000000000000000
-0.014000000000000	0.000000000000000
-0.013000000000000	0.000000000000000
-0.012000000000000	0.000000000000000
-0.011000000000000	0.000000000000000
-0.010000000000000	0.000000000000000
-0.009000000000000	0.000000000000000
-0.008000000000000	0.497139373071847
-0.007000000000000	4.968673065527327
-0.006000000000000	7.129040814283062
-0.005000000000000	11.405926199476557
-0.004000000000000	16.897112435028717
-0.003000000000000	24.430534307476329
-0.002000000000000	31.980658194822670
-0.001000000000000	32.561011702646070
0.000000000000000	25.808977811104519
0.001000000000000	22.573081928459665
0.002000000000000	18.820845244475873
0.003000000000000	16.903659525658679
0.004000000000000	10.428753652389357
0.005000000000000	4.476010786669466
0.006000000000000	3.208799524851809
0.007000000000000	3.883329961689360
0.008000000000000	3.211368723036200
0.009000000000000	3.350306261284227
0.010000000000000	1.823379543285452
0.011000000000000	1.464880301227363
0.012000000000000	1.403663817492022
0.013000000000000	0.869901524833983
0.014000000000000	1.314291645126621
0.015000000000000	0.527618705041292
0.016000000000000	0.200142952404244
0.017000000000000	0.439017758379774
0.018000000000000	0.054546848358899
0.019000000000000	0.000000000000000
0.020000000000000	0.000000000000000
0.021000000000000	0.000000000000000
0.022000000000000	0.000000000000000
0.023000000000000	0.000000000000000
0.024000000000000	0.000000000000000
0.025000000000000	0.000000000000000
