-0.025000000000000	0.000000000000000
-0.024000000000000	0.000000000000000
-0.023000000000000	0.000000000000000
-0.022000000000000	0.000000000000000
-0.021000000000000	0.000000000000000
-0.020000000000000	0.000000000000000
-0.019000000000000	0.000000000000000
-0.018000000000000	0.000000000000000
-0.017000000000000	0.675921415260101
-0.016000000000000	1.655028606344892
-0.015000000000000	1.691656835701894
-0.014000000000000	0.855823970028355
-0.013000000000000	1.310496504002943
-0.012000000000000	1.260386935784379
-0.011000000000000	2.155860612924746
-0.010000000000000	2.935909295832137
-0.009000000000000	6.036325574356073
-0.008000000000000	7.246692189588630
-0.007000000000000	6.930720367075496
-0.006000000000000	7.342242119521281
-0.005000000000000	16.855541184414250
-0.004000000000000	19.302453172157911
-0.003000000000000	19.461607468193236
-0.002000000000000	15.435563605471094
-0.001000000000000	14.686613113692168
0.000000000000000	15.888870241245419
0.001000000000000	11.747349158596865
0.002000000000000	9.636399930644405
0.003000000000000	10.035584428256712
0.004000000000000	8.996951910646390
0.005000000000000	7.769029038471655
0.006000000000000	6.693872925320124
0.007000000000000	6.376107349077439
0.008000000000000	4.520969308352274
0.009000000000000	2.845659031117251
0.010000000000000	3.362924283854944
0.011000000000000	2.837596268745973
0.012000000000000	5.179126876733078
0.013000000000000	6.705309543055511
0.014000000000000	2.175967353713591
0.015000000000000	1.472573752952039
0.016000000000000	1.665855752300529
0.017000000000000	1.252467690732205
0.018000000000000	1.202830991797528
0.019000000000000	0.804147645770823
0.020000000000000	0.041576375815797
0.021000000000000	0.000000000000000
0.022000000000000	0.000000000000000
0.023000000000000	0.000000000000000
0.024000000000000	0.000000000000000
0.025000000000000	0.000000000000000
