-0.025000000000000	0.000000000000000
-0.024000000000000	0.000000000000000
-0.023000000000000	0.000000000000000
-0.022000000000000	0.000000000000000
-0.021000000000000	0.000000000000000
-0.020000000000000	0.000000000000000
-0.019000000000000	0.000000000000000
-0.018000000000000	0.000000000000000
-0.017000000000000	0.000000000000000
-0.016000000000000	0.000000000000000
-0.015000000000000	0.000000000000000
-0.014000000000000	0.000000000000000
-0.013000000000000	0.000000000000000
-0.012000000000000	0.000000000000000
-0.011000000000000	1.453987564576855
-0.010000000000000	3.505122433217868
-0.009000000000000	5.327666638482388
-0.008000000000000	6.555785905035979
-0.007000000000000	6.687852113081226
-0.006000000000000	8.313499761235269
-0.005000000000000	11.549560288238107
-0.004000000000000	9.869529288909204
-0.003000000000000	7.406119859052970
-0.002000000000000	6.895928532169397
-0.001000000000000	3.702140843469688
0.000000000000000	2.945738988495328
0.001000000000000	2.487310421277675
0.002000000000000	3.042787406677712
0.003000000000000	2.344633482136740
0.004000000000000	2.215167188188680
0.005000000000000	2.835355199413844
0.006000000000000	2.427497459130319
0.007000000000000	2.868262386627377
0.008000000000000	3.666535083215716
0.009000000000000	4.093675219083310
0.010000000000000	3.667802473259802
0.011000000000000	3.919412821732648
0.012000000000000	3.721618139970128
0.013000000000000	3.398216684433328
0.014000000000000	2.174903037298650
0.015000000000000	0.440799298690101
0.016000000000000	0.411554481583170
0.017000000000000	0.524880966364256
0.018000000000000	0.737696171340207
0.019000000000000	0.374939602612104
0.020000000000000	0.142655024752568
0.021000000000000	0.000000000000000
0.022000000000000	0.000000000000000
0.023000000000000	0.000000000000000
0.024000000000000	0.000000000000000
0.025000000000000	0.000000000000000
