-0.025000000000000	0.000000000000000
-0.024000000000000	0.000000000000000
-0.023000000000000	0.000000000000000
-0.022000000000000	0.000000000000000
-0.021000000000000	0.000000000000000
-0.020000000000000	0.000000000000000
-0.019000000000000	0.000000000000000
-0.018000000000000	0.000000000000000
-0.017000000000000	0.676158366746531
-0.016000000000000	2.564898955943281
-0.015000000000000	1.791664259856143
-0.014000000000000	2.446052682710638
-0.013000000000000	1.794484167737847
-0.012000000000000	1.279233377528507
-0.011000000000000	1.982905353140657
-0.010000000000000	2.095046401305848
-0.009000000000000	1.940091055287658
-0.008000000000000	1.284962059342029
-0.007000000000000	3.246473334739617
-0.006000000000000	6.953127053879215
-0.005000000000000	15.025259973449044
-0.004000000000000	22.016589450076367
-0.003000000000000	24.254826458760970
-0.002000000000000	28.591664736437778
-0.001000000000000	26.511058360709903
0.000000000000000	20.778328333412418
0.001000000000000	19.568092812206526
0.002000000000000	16.320972031672287
0.003000000000000	5.672495086515791
0.004000000000000	5.543893951000808
0.005000000000000	5.695304091861388
0.006000000000000	4.965739735333442
0.007000000000000	3.709944662803986
0.008000000000000	3.201132859980469
0.009000000000000	4.606572926718020
0.010000000000000	4.574793914509775
0.011000000000000	2.589313126624019
0.012000000000000	2.669443383003238
0.013000000000000	3.887174874710556
0.014000000000000	4.355347346384756
0.015000000000000	3.719519956554086
0.016000000000000	5.025311657411357
0.017000000000000	0.635191446839163
0.018000000000000	0.000000000000000
0.019000000000000	0.000000000000000
0.020000000000000	0.000000000000000
0.021000000000000	0.000000000000000
0.022000000000000	0.000000000000000
0.023000000000000	0.000000000000000
0.024000000000000	0.000000000000000
0.025000000000000	0.000000000000000
