-0.025000000000000	0.000000000000000
-0.024000000000000	0.000000000000000
-0.023000000000000	0.000000000000000
-0.022000000000000	0.000000000000000
-0.021000000000000	0.000000000000000
-0.020000000000000	0.000000000000000
-0.019000000000000	0.000000000000000
-0.018000000000000	0.000000000000000
-0.017000000000000	0.000000000000000
-0.016000000000000	0.000000000000000
-0.015000000000000	0.000000000000000
-0.014000000000000	0.000000000000000
-0.013000000000000	0.075892648139554
-0.012000000000000	0.612360882100709
-0.011000000000000	0.762449238260071
-0.010000000000000	2.351067468052125
-0.009000000000000	1.903839882642403
-0.008000000000000	2.697131971944232
-0.007000000000000	4.609771725414872
-0.006000000000000	5.439005341215484
-0.005000000000000	11.272151141792598
-0.004000000000000	16.870174498029918
-0.003000000000000	22.161512562604713
-0.002000000000000	21.722363087325970
-0.001000000000000	26.081941450814476
0.000000000000000	25.292641486718345
0.001000000000000	13.511140628012758
0.002000000000000	6.120565881388817
0.003000000000000	6.323785277795282
0.004000000000000	5.053481211207289
0.005000000000000	4.379091823597530
0.006000000000000	3.338002663999728
0.007000000000000	2.736911428043557
0.008000000000000	3.741238073169255
0.009000000000000	3.210264359202355
0.010000000000000	3.710770271013970
0.011000000000000	2.638423696469327
0.012000000000000	2.010770371747848
0.013000000000000	2.296787418074191
0.014000000000000	2.936058676013532
0.015000000000000	2.213224975177150
0.016000000000000	1.351478123966860
0.017000000000000	0.195367014384863
0.018000000000000	0.000000000000000
0.019000000000000	0.000000000000000
0.020000000000000	0.000000000000000
0.021000000000000	0.000000000000000
0.022000000000000	0.000000000000000
0.023000000000000	0.000000000000000
0.024000000000000	0.000000000000000
0.025000000000000	0.000000000000000
