-0.025000000000000	0.000000000000000
-0.024000000000000	0.000000000000000
-0.023000000000000	0.000000000000000
-0.022000000000000	0.000000000000000
-0.021000000000000	0.000000000000000
-0.020000000000000	0.000000000000000
-0.019000000000000	0.000000000000000
-0.018000000000000	0.000000000000000
-0.017000000000000	0.000000000000000
-0.016000000000000	0.000000000000000
-0.015000000000000	0.102487685552542
-0.014000000000000	2.299124265316970
-0.013000000000000	3.470135244374646
-0.012000000000000	4.378877185356059
-0.011000000000000	3.346085938315911
-0.010000000000000	6.011168343532955
-0.009000000000000	6.902554667867028
-0.008000000000000	6.852059840947636
-0.007000000000000	7.306751288837606
-0.006000000000000	9.252984467246561
-0.005000000000000	13.841050432334447
-0.004000000000000	16.563802728441491
-0.003000000000000	18.154983773552317
-0.002000000000000	22.515448119181475
-0.001000000000000	16.749610236078517
0.000000000000000	15.170853779483480
0.001000000000000	14.794523049638027
0.002000000000000	11.759927973375145
0.003000000000000	11.935189961096881
0.004000000000000	7.755860282899534
0.005000000000000	5.959337740006352
0.006000000000000	4.711022123819571
0.007000000000000	5.504069744894915
0.008000000000000	4.845393593724300
0.009000000000000	4.306137463286331
0.010000000000000	3.114305497716109
0.011000000000000	2.363999762537116
0.012000000000000	2.817504382463824
0.013000000000000	2.233565311063409
0.014000000000000	2.846458318374033
0.015000000000000	5.983958571544331
0.016000000000000	5.575136446136948
0.017000000000000	2.911358065424078
0.018000000000000	0.570267967679261
0.019000000000000	0.733541371132655
0.020000000000000	0.504259843412454
0.021000000000000	0.184238723364564
0.022000000000000	0.000000000000000
0.023000000000000	0.000000000000000
0.024000000000000	0.000000000000000
0.025000000000000	0.000000000000000
