-0.025000000000000	0.000000000000000
-0.024000000000000	0.000000000000000
-0.023000000000000	0.000000000000000
-0.022000000000000	0.000000000000000
-0.021000000000000	0.000000000000000
-0.020000000000000	0.000000000000000
-0.019000000000000	0.000000000000000
-0.018000000000000	0.000000000000000
-0.017000000000000	0.000000000000000
-0.016000000000000	0.000000000000000
-0.015000000000000	0.000000000000000
-0.014000000000000	0.000000000000000
-0.013000000000000	0.000000000000000
-0.012000000000000	0.000000000000000
-0.011000000000000	0.032203452942230
-0.010000000000000	1.559872100184776
-0.009000000000000	2.518497908992583
-0.008000000000000	2.515011771539053
-0.007000000000000	7.530012714060935
-0.006000000000000	17.967887447697024
-0.005000000000000	17.727052725508937
-0.004000000000000	16.651075788837776
-0.003000000000000	17.872563166743014
-0.002000000000000	14.803305253763359
-0.001000000000000	14.201926269091443
0.000000000000000	11.662184606660603
0.001000000000000	12.352573171822614
0.002000000000000	16.049417581694549
0.003000000000000	14.687325156770873
0.004000000000000	14.557327276295998
0.005000000000000	4.979632206228909
0.006000000000000	2.738184974049456
0.007000000000000	1.569133744454502
0.008000000000000	2.978141984232486
0.009000000000000	2.104279132869961
0.010000000000000	1.975656099477918
0.011000000000000	2.526402026378964
0.012000000000000	3.172176940077530
0.013000000000000	5.146898366579969
0.014000000000000	1.246461727530414
0.015000000000000	0.547670278287751
0.016000000000000	0.414074986541175
0.017000000000000	0.881256203160941
0.018000000000000	0.547133113029082
0.019000000000000	0.654323371427999
0.020000000000000	0.447932492383312
0.021000000000000	0.012646150072315
0.022000000000000	0.000000000000000
0.023000000000000	0.000000000000000
0.024000000000000	0.000000000000000
0.025000000000000	0.000000000000000
