-0.025000000000000	0.000000000000000
-0.024000000000000	0.000000000000000
-0.023000000000000	0.000000000000000
-0.022000000000000	0.000000000000000
-0.021000000000000	0.000000000000000
-0.020000000000000	0.000000000000000
-0.019000000000000	0.000000000000000
-0.018000000000000	0.000000000000000
-0.017000000000000	0.000000000000000
-0.016000000000000	0.000000000000000
-0.015000000000000	0.000000000000000
-0.014000000000000	0.000000000000000
-0.013000000000000	0.000000000000000
-0.012000000000000	0.000000000000000
-0.011000000000000	0.000000000000000
-0.010000000000000	0.312438015805475
-0.009000000000000	1.563122733240420
-0.008000000000000	4.761514999230581
-0.007000000000000	13.909131973988469
-0.006000000000000	23.431032875042348
-0.005000000000000	21.838077682715337
-0.004000000000000	27.385749603914810
-0.003000000000000	26.772426526625075
-0.002000000000000	21.451721767560585
-0.001000000000000	21.031413647105218
0.000000000000000	20.031073043575152
0.001000000000000	14.873102807172529
0.002000000000000	12.043548051343215
0.003000000000000	9.887004173226256
0.004000000000000	11.833090012517131
0.005000000000000	11.917532082871702
0.006000000000000	11.946901890522630
0.007000000000000	8.568346047921946
0.008000000000000	5.742632383575499
0.009000000000000	2.862660164583100
0.010000000000000	3.297413021984643
0.011000000000000	3.816159159960045
0.012000000000000	2.959418548434155
0.013000000000000	3.355278440049977
0.014000000000000	4.179136394198300
0.015000000000000	2.884371825037376
0.016000000000000	1.246018845509889
0.017000000000000	0.034376073011178
0.018000000000000	0.000000000000000
0.019000000000000	0.000000000000000
0.020000000000000	0.000000000000000
0.021000000000000	0.000000000000000
0.022000000000000	0.000000000000000
0.023000000000000	0.000000000000000
0.024000000000000	0.000000000000000
0.025000000000000	0.000000000000000
