-0.025000000000000	0.000000000000000
-0.024000000000000	0.000000000000000
-0.023000000000000	0.000000000000000
-0.022000000000000	0.000000000000000
-0.021000000000000	0.000000000000000
-0.020000000000000	0.000000000000000
-0.019000000000000	0.000000000000000
-0.018000000000000	0.000000000000000
-0.017000000000000	0.000000000000000
-0.016000000000000	0.000000000000000
-0.015000000000000	0.021294895192309
-0.014000000000000	0.496966157299863
-0.013000000000000	0.875907302438531
-0.012000000000000	1.647138310555264
-0.011000000000000	3.117616358844575
-0.010000000000000	4.364383480232933
-0.009000000000000	4.133097986054215
-0.008000000000000	4.710575946777175
-0.007000000000000	4.255522798973407
-0.006000000000000	4.108192906248730
-0.005000000000000	6.890448758825062
-0.004000000000000	15.403342707624633
-0.003000000000000	23.753047856932852
-0.002000000000000	24.062471026784642
-0.001000000000000	19.033887282846258
0.000000000000000	13.856115672876600
0.001000000000000	7.536704195224439
0.002000000000000	3.879452375225249
0.003000000000000	3.287427297879850
0.004000000000000	3.919689806516859
0.005000000000000	2.742972457826999
0.006000000000000	2.540081200788039
0.007000000000000	2.214533588329278
0.008000000000000	2.019325175294771
0.009000000000000	2.319357812088291
0.010000000000000	2.678424406788096
0.011000000000000	2.676360667519335
0.012000000000000	2.838443332793831
0.013000000000000	2.124101714051529
0.014000000000000	2.207399204445047
0.015000000000000	5.508888591591218
0.016000000000000	4.905892362097938
0.017000000000000	1.436947902523862
0.018000000000000	0.341580867593031
0.019000000000000	0.613910209714518
0.020000000000000	0.218421624410354
0.021000000000000	0.051891643194114
0.022000000000000	0.000000000000000
0.023000000000000	0.000000000000000
0.024000000000000	0.000000000000000
0.025000000000000	0.000000000000000
