-0.025000000000000	0.000000000000000
-0.024000000000000	0.000000000000000
-0.023000000000000	0.000000000000000
-0.022000000000000	0.000000000000000
-0.021000000000000	0.000000000000000
-0.020000000000000	0.000000000000000
-0.019000000000000	0.000000000000000
-0.018000000000000	0.000000000000000
-0.017000000000000	0.000000000000000
-0.016000000000000	0.000000000000000
-0.015000000000000	0.000000000000000
-0.014000000000000	0.000000000000000
-0.013000000000000	0.401874336201525
-0.012000000000000	1.331533386696107
-0.011000000000000	1.262922546964940
-0.010000000000000	2.231403171747903
-0.009000000000000	2.422683494668437
-0.008000000000000	2.461933643671486
-0.007000000000000	2.412935491709494
-0.006000000000000	3.047902960634969
-0.005000000000000	5.285124564667961
-0.004000000000000	18.865960280272226
-0.003000000000000	34.305350086992966
-0.002000000000000	40.959789670906204
-0.001000000000000	32.883002416466148
0.000000000000000	28.757069456629122
0.001000000000000	21.709323075791936
0.002000000000000	15.592954942694812
0.003000000000000	6.517131998467752
0.004000000000000	4.777491847059873
0.005000000000000	3.890021967256001
0.006000000000000	3.152486415817915
0.007000000000000	4.010825810057288
0.008000000000000	2.720298713260705
0.009000000000000	2.523302748072096
0.010000000000000	2.866706593475713
0.011000000000000	1.784268891795318
0.012000000000000	1.403917821435614
0.013000000000000	2.010478287814661
0.014000000000000	1.706832318509936
0.015000000000000	1.423031954730202
0.016000000000000	0.564182280208525
0.017000000000000	1.053259089446851
0.018000000000000	1.097375040474649
0.019000000000000	1.207061502813176
0.020000000000000	0.760335651466926
0.021000000000000	0.919383652108501
0.022000000000000	0.414715381168195
0.023000000000000	0.000000000000000
0.024000000000000	0.000000000000000
0.025000000000000	0.000000000000000
