-0.025000000000000	0.000000000000000
-0.024000000000000	0.000000000000000
-0.023000000000000	0.000000000000000
-0.022000000000000	0.000000000000000
-0.021000000000000	0.000000000000000
-0.020000000000000	0.000000000000000
-0.019000000000000	0.000000000000000
-0.018000000000000	0.000000000000000
-0.017000000000000	0.000000000000000
-0.016000000000000	0.000000000000000
-0.015000000000000	0.000000000000000
-0.014000000000000	0.000000000000000
-0.013000000000000	0.000000000000000
-0.012000000000000	0.000000000000000
-0.011000000000000	0.000000000000000
-0.010000000000000	0.000000000000000
-0.009000000000000	0.010514420938913
-0.008000000000000	0.710441709398930
-0.007000000000000	1.183869892523908
-0.006000000000000	5.361167262761178
-0.005000000000000	21.419785533497301
-0.004000000000000	31.905530635241668
-0.003000000000000	35.000667035541575
-0.002000000000000	28.898422965163554
-0.001000000000000	29.923541542723335
0.000000000000000	19.378676471802695
0.001000000000000	9.590460106273147
0.002000000000000	8.707819797860152
0.003000000000000	5.652139004126281
0.004000000000000	4.921399641834769
0.005000000000000	3.775588172924186
0.006000000000000	2.864864321623556
0.007000000000000	4.367173100088483
0.008000000000000	5.562390803323029
0.009000000000000	4.319707653038782
0.010000000000000	2.684360908018432
0.011000000000000	2.184489132570608
0.012000000000000	2.992332058435875
0.013000000000000	2.583553541281522
0.014000000000000	2.321038296354108
0.015000000000000	2.684446277500563
0.016000000000000	2.741686896655150
0.017000000000000	1.219334392672820
0.018000000000000	0.012485847161521
0.019000000000000	0.000000000000000
0.020000000000000	0.000000000000000
0.021000000000000	0.000000000000000
0.022000000000000	0.000000000000000
0.023000000000000	0.000000000000000
0.024000000000000	0.000000000000000
0.025000000000000	0.000000000000000
