-0.025000000000000	0.000000000000000
-0.024000000000000	0.000000000000000
-0.023000000000000	0.000000000000000
-0.022000000000000	0.000000000000000
-0.021000000000000	0.000000000000000
-0.020000000000000	0.000000000000000
-0.019000000000000	0.000000000000000
-0.018000000000000	0.000000000000000
-0.017000000000000	0.000000000000000
-0.016000000000000	0.000000000000000
-0.015000000000000	0.000000000000000
-0.014000000000000	0.000000000000000
-0.013000000000000	0.183140839543584
-0.012000000000000	1.179870078752857
-0.011000000000000	2.884842359684645
-0.010000000000000	3.078049620806128
-0.009000000000000	5.058736016748526
-0.008000000000000	5.742076204739049
-0.007000000000000	8.451262060820198
-0.006000000000000	12.587565559853374
-0.005000000000000	18.752199309612394
-0.004000000000000	19.619064851140237
-0.003000000000000	17.833119243448213
-0.002000000000000	16.810780602858934
-0.001000000000000	14.022675810573407
0.000000000000000	14.171363262880824
0.001000000000000	16.869856201034040
0.002000000000000	9.554901379221029
0.003000000000000	7.772183358957252
0.004000000000000	6.495039608990628
0.005000000000000	5.656735434461572
0.006000000000000	5.852049378536582
0.007000000000000	6.213959908724108
0.008000000000000	4.745099700624702
0.009000000000000	5.052352517421325
0.010000000000000	3.564149046376220
0.011000000000000	4.094999933572175
0.012000000000000	2.999531775866515
0.013000000000000	3.606540571330900
0.014000000000000	3.707656272634214
0.015000000000000	2.356132901807983
0.016000000000000	2.168977541017717
0.017000000000000	1.026375691742750
0.018000000000000	0.000000000000000
0.019000000000000	0.000000000000000
0.020000000000000	0.000000000000000
0.021000000000000	0.000000000000000
0.022000000000000	0.000000000000000
0.023000000000000	0.000000000000000
0.024000000000000	0.000000000000000
0.025000000000000	0.000000000000000
