-0.025000000000000	0.000000000000000
-0.024000000000000	0.000000000000000
-0.023000000000000	0.000000000000000
-0.022000000000000	0.000000000000000
-0.021000000000000	0.000000000000000
-0.020000000000000	0.000000000000000
-0.019000000000000	0.000000000000000
-0.018000000000000	0.000000000000000
-0.017000000000000	0.000000000000000
-0.016000000000000	0.000000000000000
-0.015000000000000	0.000000000000000
-0.014000000000000	0.000000000000000
-0.013000000000000	0.000000000000000
-0.012000000000000	0.000000000000000
-0.011000000000000	0.341591124064467
-0.010000000000000	2.084058539772865
-0.009000000000000	5.958586777227015
-0.008000000000000	6.129315144711629
-0.007000000000000	11.769809345225120
-0.006000000000000	26.046751421834074
-0.005000000000000	26.615984397289026
-0.004000000000000	24.834035469077186
-0.003000000000000	27.312474229050672
-0.002000000000000	30.780096009825659
-0.001000000000000	23.008067952854582
0.000000000000000	13.683162783793053
0.001000000000000	11.002516819798796
0.002000000000000	7.020306409449311
0.003000000000000	6.969414484306552
0.004000000000000	6.550972381881823
0.005000000000000	3.807436737939796
0.006000000000000	4.413302101079815
0.007000000000000	7.032229285403012
0.008000000000000	6.249877332105129
0.009000000000000	6.826573531775406
0.010000000000000	6.815822976584389
0.011000000000000	5.893044252832047
0.012000000000000	4.735735888130107
0.013000000000000	5.783078659419160
0.014000000000000	5.238621051937866
0.015000000000000	3.638549840242796
0.016000000000000	1.569578428371727
0.017000000000000	0.941596423475026
0.018000000000000	1.041875824507127
0.019000000000000	0.116844658287949
0.020000000000000	1.048160147375732
0.021000000000000	0.359620234174028
0.022000000000000	0.159546963851895
0.023000000000000	0.000000000000000
0.024000000000000	0.000000000000000
0.025000000000000	0.000000000000000
