-0.025000000000000	0.000000000000000
-0.024000000000000	0.000000000000000
-0.023000000000000	0.000000000000000
-0.022000000000000	0.000000000000000
-0.021000000000000	0.000000000000000
-0.020000000000000	0.000000000000000
-0.019000000000000	0.000000000000000
-0.018000000000000	0.000000000000000
-0.017000000000000	0.000000000000000
-0.016000000000000	0.000000000000000
-0.015000000000000	0.000000000000000
-0.014000000000000	0.000000000000000
-0.013000000000000	0.000000000000000
-0.012000000000000	0.000000000000000
-0.011000000000000	0.000000000000000
-0.010000000000000	0.208327475339804
-0.009000000000000	2.150232475378614
-0.008000000000000	2.356254231431761
-0.007000000000000	2.760493199202573
-0.006000000000000	2.427827327743568
-0.005000000000000	3.663721754038658
-0.004000000000000	3.197323127155342
-0.003000000000000	16.571898554841749
-0.002000000000000	35.315656495157178
-0.001000000000000	44.611294910072282
0.000000000000000	32.583830043342445
0.001000000000000	25.279106399748969
0.002000000000000	23.553936183854844
0.003000000000000	13.917033324219808
0.004000000000000	2.053302001604406
0.005000000000000	1.037638725651552
0.006000000000000	1.553548077784676
0.007000000000000	0.606800355681792
0.008000000000000	0.806210543316562
0.009000000000000	0.987234720235854
0.010000000000000	0.822144765242444
0.011000000000000	1.001588583218862
0.012000000000000	0.247674469071862
0.013000000000000	0.637996513598427
0.014000000000000	0.586441121794950
0.015000000000000	0.882643049130101
0.016000000000000	0.582676616030066
0.017000000000000	0.318702956510095
0.018000000000000	0.575113307700682
0.019000000000000	0.493324316237878
0.020000000000000	0.670448006601307
0.021000000000000	0.400211645369112
0.022000000000000	0.236628865995329
0.023000000000000	0.000000000000000
0.024000000000000	0.000000000000000
0.025000000000000	0.000000000000000
