-0.025000000000000	0.000000000000000
-0.024000000000000	0.000000000000000
-0.023000000000000	0.000000000000000
-0.022000000000000	0.000000000000000
-0.021000000000000	0.000000000000000
-0.020000000000000	0.000000000000000
-0.019000000000000	0.000000000000000
-0.018000000000000	0.000000000000000
-0.017000000000000	0.000000000000000
-0.016000000000000	0.000000000000000
-0.015000000000000	0.000000000000000
-0.014000000000000	0.000000000000000
-0.013000000000000	0.000000000000000
-0.012000000000000	0.000000000000000
-0.011000000000000	0.000000000000000
-0.010000000000000	0.000000000000000
-0.009000000000000	0.000000000000000
-0.008000000000000	0.000000000000000
-0.007000000000000	1.770454655573293
-0.006000000000000	6.181186881054714
-0.005000000000000	18.705310291577039
-0.004000000000000	27.440659318867716
-0.003000000000000	25.297230756055864
-0.002000000000000	21.371028131328679
-0.001000000000000	20.226597167410919
0.000000000000000	22.000932376220771
0.001000000000000	11.618398360438228
0.002000000000000	5.384380051343228
0.003000000000000	4.989579215484281
0.004000000000000	4.736531028694383
0.005000000000000	4.190865157336087
0.006000000000000	4.323180119538657
0.007000000000000	3.613724145933180
0.008000000000000	3.857700157314196
0.009000000000000	2.854022212559196
0.010000000000000	2.907781641449572
0.011000000000000	3.357886897591201
0.012000000000000	2.868036327151603
0.013000000000000	3.061523450613360
0.014000000000000	0.917626482917592
0.015000000000000	0.275545725480681
0.016000000000000	0.462861374852052
0.017000000000000	0.728289242875231
0.018000000000000	0.696518503710691
0.019000000000000	0.351295186731880
0.020000000000000	0.565669025695731
0.021000000000000	0.021091401536111
0.022000000000000	0.000000000000000
0.023000000000000	0.000000000000000
0.024000000000000	0.000000000000000
0.025000000000000	0.000000000000000
