-0.025000000000000	0.000000000000000
-0.024000000000000	0.000000000000000
-0.023000000000000	0.000000000000000
-0.022000000000000	0.000000000000000
-0.021000000000000	0.000000000000000
-0.020000000000000	0.000000000000000
-0.019000000000000	0.000000000000000
-0.018000000000000	0.000000000000000
-0.017000000000000	0.000000000000000
-0.016000000000000	0.000000000000000
-0.015000000000000	0.000000000000000
-0.014000000000000	0.000000000000000
-0.013000000000000	0.046480827686232
-0.012000000000000	1.124929628837240
-0.011000000000000	1.573237049938273
-0.010000000000000	1.374173539242294
-0.009000000000000	2.977240318665657
-0.008000000000000	7.144714838905836
-0.007000000000000	11.590771792061259
-0.006000000000000	16.757141539642525
-0.005000000000000	17.834025328208828
-0.004000000000000	25.984338794548979
-0.003000000000000	28.628316505239731
-0.002000000000000	23.680291756330760
-0.001000000000000	22.426247044449084
0.000000000000000	22.262967568270394
0.001000000000000	21.551193463509655
0.002000000000000	11.227353163186512
0.003000000000000	4.267209750711833
0.004000000000000	4.131614879318463
0.005000000000000	3.923111913110105
0.006000000000000	3.778931219248965
0.007000000000000	5.316120367394020
0.008000000000000	4.299797035118059
0.009000000000000	4.264820785017794
0.010000000000000	7.635283222826308
0.011000000000000	7.061427617505699
0.012000000000000	6.542820780882575
0.013000000000000	6.157209544255041
0.014000000000000	3.554049713884406
0.015000000000000	2.620985931621088
0.016000000000000	1.736599908795674
0.017000000000000	0.202598575600867
0.018000000000000	0.000000000000000
0.019000000000000	0.000000000000000
0.020000000000000	0.000000000000000
0.021000000000000	0.000000000000000
0.022000000000000	0.000000000000000
0.023000000000000	0.000000000000000
0.024000000000000	0.000000000000000
0.025000000000000	0.000000000000000
