-0.025000000000000	0.000000000000000
-0.024000000000000	0.000000000000000
-0.023000000000000	0.000000000000000
-0.022000000000000	0.000000000000000
-0.021000000000000	0.000000000000000
-0.020000000000000	0.000000000000000
-0.019000000000000	0.000000000000000
-0.018000000000000	0.000000000000000
-0.017000000000000	0.000000000000000
-0.016000000000000	0.000000000000000
-0.015000000000000	0.000000000000000
-0.014000000000000	0.000000000000000
-0.013000000000000	0.000000000000000
-0.012000000000000	0.000000000000000
-0.011000000000000	0.000000000000000
-0.010000000000000	0.040276577827552
-0.009000000000000	1.299834782260708
-0.008000000000000	2.408508823926939
-0.007000000000000	2.562649243428377
-0.006000000000000	3.351847793181013
-0.005000000000000	6.352926884441733
-0.004000000000000	23.316006525669632
-0.003000000000000	34.022488775349878
-0.002000000000000	28.104461745603793
-0.001000000000000	22.711736010172601
0.000000000000000	21.169430555305741
0.001000000000000	20.664185542056920
0.002000000000000	11.868136042531422
0.003000000000000	4.723782811473309
0.004000000000000	4.194799567241149
0.005000000000000	2.649324365137190
0.006000000000000	2.689227421008397
0.007000000000000	3.072423619570384
0.008000000000000	2.424371389468499
0.009000000000000	2.177595383328379
0.010000000000000	1.673559620677322
0.011000000000000	1.954712051689787
0.012000000000000	2.263461768213035
0.013000000000000	1.426402460090517
0.014000000000000	0.962508272832011
0.015000000000000	1.813491217012172
0.016000000000000	1.679471413555209
0.017000000000000	1.043596443859195
0.018000000000000	1.290790190302715
0.019000000000000	0.787104017669449
0.020000000000000	0.123882112421346
0.021000000000000	0.000000000000000
0.022000000000000	0.000000000000000
0.023000000000000	0.000000000000000
0.024000000000000	0.000000000000000
0.025000000000000	0.000000000000000
