-0.025000000000000	0.000000000000000
-0.024000000000000	0.000000000000000
-0.023000000000000	0.000000000000000
-0.022000000000000	0.000000000000000
-0.021000000000000	0.000000000000000
-0.020000000000000	0.000000000000000
-0.019000000000000	0.000000000000000
-0.018000000000000	0.000000000000000
-0.017000000000000	0.635053409788173
-0.016000000000000	2.433936390550088
-0.015000000000000	1.954384895104629
-0.014000000000000	2.244517203938604
-0.013000000000000	1.486610744003329
-0.012000000000000	1.995096556608653
-0.011000000000000	2.165714241094900
-0.010000000000000	2.570189749471104
-0.009000000000000	1.950353189963941
-0.008000000000000	2.350267952767599
-0.007000000000000	3.378794308538696
-0.006000000000000	8.710111758867209
-0.005000000000000	18.682230563717592
-0.004000000000000	25.132428362238226
-0.003000000000000	34.344169730658209
-0.002000000000000	30.232006782113121
-0.001000000000000	22.784213379852801
0.000000000000000	18.397894368255120
0.001000000000000	16.948349975450157
0.002000000000000	15.973923014636950
0.003000000000000	8.797893803345604
0.004000000000000	7.127031043025436
0.005000000000000	6.130173029618457
0.006000000000000	5.823903633311114
0.007000000000000	4.760825904571033
0.008000000000000	5.865431038179041
0.009000000000000	6.108421899273001
0.010000000000000	4.496299810229170
0.011000000000000	4.392607876199387
0.012000000000000	3.990078687157123
0.013000000000000	4.605203305852816
0.014000000000000	3.997951596060747
0.015000000000000	2.825722653893887
0.016000000000000	2.474502984886197
0.017000000000000	2.849385825862424
0.018000000000000	0.236234506268580
0.019000000000000	0.000000000000000
0.020000000000000	0.000000000000000
0.021000000000000	0.000000000000000
0.022000000000000	0.000000000000000
0.023000000000000	0.000000000000000
0.024000000000000	0.000000000000000
0.025000000000000	0.000000000000000
