-0.025000000000000	0.000000000000000
-0.024000000000000	0.000000000000000
-0.023000000000000	0.000000000000000
-0.022000000000000	0.000000000000000
-0.021000000000000	0.000000000000000
-0.020000000000000	0.000000000000000
-0.019000000000000	0.000000000000000
-0.018000000000000	0.000000000000000
-0.017000000000000	0.000000000000000
-0.016000000000000	0.000000000000000
-0.015000000000000	0.000000000000000
-0.014000000000000	0.000000000000000
-0.013000000000000	0.000000000000000
-0.012000000000000	0.000000000000000
-0.011000000000000	0.000000000000000
-0.010000000000000	1.002752344890489
-0.009000000000000	3.731095284360405
-0.008000000000000	4.750679109124119
-0.007000000000000	7.437622310370849
-0.006000000000000	20.524998501711590
-0.005000000000000	25.649351332775343
-0.004000000000000	24.453639502646375
-0.003000000000000	24.765494716498658
-0.002000000000000	23.841966256373443
-0.001000000000000	17.721001803658631
0.000000000000000	12.787334738250925
0.001000000000000	14.160138481360427
0.002000000000000	11.955614200094427
0.003000000000000	3.945111531503632
0.004000000000000	3.765642645884481
0.005000000000000	3.342377240893587
0.006000000000000	4.351015390166413
0.007000000000000	5.301378049530000
0.008000000000000	5.362789713539482
0.009000000000000	6.330547013448025
0.010000000000000	5.766018078327907
0.011000000000000	4.439060102953451
0.012000000000000	4.858680634609502
0.013000000000000	4.843219849006814
0.014000000000000	4.006764317377549
0.015000000000000	3.219862321283999
0.016000000000000	0.724265067240997
0.017000000000000	0.692488205685822
0.018000000000000	0.437989271351822
0.019000000000000	0.581139804095839
0.020000000000000	0.098652401804593
0.021000000000000	0.000000000000000
0.022000000000000	0.000000000000000
0.023000000000000	0.000000000000000
0.024000000000000	0.000000000000000
0.025000000000000	0.000000000000000
