-0.025000000000000	0.000000000000000
-0.024000000000000	0.000000000000000
-0.023000000000000	0.000000000000000
-0.022000000000000	0.000000000000000
-0.021000000000000	0.000000000000000
-0.020000000000000	0.000000000000000
-0.019000000000000	0.000000000000000
-0.018000000000000	0.000000000000000
-0.017000000000000	0.000000000000000
-0.016000000000000	0.000000000000000
-0.015000000000000	0.000000000000000
-0.014000000000000	0.000000000000000
-0.013000000000000	0.000000000000000
-0.012000000000000	0.000000000000000
-0.011000000000000	0.028143716970492
-0.010000000000000	0.989467909549723
-0.009000000000000	2.139488432300422
-0.008000000000000	3.257736156746426
-0.007000000000000	3.220794983039161
-0.006000000000000	3.850899112162347
-0.005000000000000	9.065958198920642
-0.004000000000000	34.931417109924354
-0.003000000000000	38.647219589645076
-0.002000000000000	35.050931551713198
-0.001000000000000	28.824766112395867
0.000000000000000	27.586561968995618
0.001000000000000	27.289459532872989
0.002000000000000	17.963391052514506
0.003000000000000	5.950277195309157
0.004000000000000	4.238798280841656
0.005000000000000	4.495872215193359
0.006000000000000	2.900716716804248
0.007000000000000	2.205910956614318
0.008000000000000	2.266910839021072
0.009000000000000	2.713686372392084
0.010000000000000	1.790993226880494
0.011000000000000	2.648390048281875
0.012000000000000	2.020872143816386
0.013000000000000	2.742699062561953
0.014000000000000	2.880403637941841
0.015000000000000	3.277919876718361
0.016000000000000	5.327738484049529
0.017000000000000	1.240099971797463
0.018000000000000	0.000000000000000
0.019000000000000	0.000000000000000
0.020000000000000	0.000000000000000
0.021000000000000	0.000000000000000
0.022000000000000	0.000000000000000
0.023000000000000	0.000000000000000
0.024000000000000	0.000000000000000
0.025000000000000	0.000000000000000
