-0.025000000000000	0.000000000000000
-0.024000000000000	0.000000000000000
-0.023000000000000	0.000000000000000
-0.022000000000000	0.000000000000000
-0.021000000000000	0.000000000000000
-0.020000000000000	0.000000000000000
-0.019000000000000	0.000000000000000
-0.018000000000000	0.000000000000000
-0.017000000000000	0.000000000000000
-0.016000000000000	0.000000000000000
-0.015000000000000	0.000000000000000
-0.014000000000000	0.000000000000000
-0.013000000000000	0.000000000000000
-0.012000000000000	0.000000000000000
-0.011000000000000	0.000000000000000
-0.010000000000000	0.663792826385371
-0.009000000000000	3.298002358146916
-0.008000000000000	4.065662993625333
-0.007000000000000	3.917950373398244
-0.006000000000000	4.655828345195520
-0.005000000000000	12.903116888323066
-0.004000000000000	15.762455288021261
-0.003000000000000	28.234548347342017
-0.002000000000000	40.072456668442008
-0.001000000000000	38.742848139579003
0.000000000000000	28.817160939843181
0.001000000000000	21.673357027204080
0.002000000000000	12.566369228750620
0.003000000000000	7.812868551875229
0.004000000000000	5.529536403719788
0.005000000000000	3.916257207251518
0.006000000000000	3.510887244852732
0.007000000000000	3.912091102634844
0.008000000000000	1.998396937733642
0.009000000000000	2.646458484191407
0.010000000000000	2.803856589168404
0.011000000000000	2.405271856685208
0.012000000000000	2.065896373109644
0.013000000000000	1.956241884997625
0.014000000000000	2.083541419028866
0.015000000000000	1.190422814411284
0.016000000000000	0.920670746748011
0.017000000000000	1.323737950989212
0.018000000000000	1.466480200975682
0.019000000000000	0.721640769712279
0.020000000000000	0.758449100509315
0.021000000000000	0.526903656392424
0.022000000000000	0.158830837408848
0.023000000000000	0.000000000000000
0.024000000000000	0.000000000000000
0.025000000000000	0.000000000000000
