-0.025000000000000	0.000000000000000
-0.024000000000000	0.000000000000000
-0.023000000000000	0.000000000000000
-0.022000000000000	0.000000000000000
-0.021000000000000	0.000000000000000
-0.020000000000000	0.000000000000000
-0.019000000000000	0.000000000000000
-0.018000000000000	0.000000000000000
-0.017000000000000	0.000000000000000
-0.016000000000000	0.000000000000000
-0.015000000000000	0.000000000000000
-0.014000000000000	0.000000000000000
-0.013000000000000	0.000000000000000
-0.012000000000000	0.000000000000000
-0.011000000000000	0.071942781997468
-0.010000000000000	1.143495408356385
-0.009000000000000	1.288477373881302
-0.008000000000000	2.387409499251720
-0.007000000000000	5.478993225922093
-0.006000000000000	12.958609946781026
-0.005000000000000	20.311367902235467
-0.004000000000000	30.738177938217699
-0.003000000000000	28.005469027284516
-0.002000000000000	23.543157216459637
-0.001000000000000	19.121230918691882
0.000000000000000	22.341545420018637
0.001000000000000	16.112193245902947
0.002000000000000	16.926858212007193
0.003000000000000	14.893289900561157
0.004000000000000	8.188698643667582
0.005000000000000	5.963631553442506
0.006000000000000	6.399792804296433
0.007000000000000	4.895958715104780
0.008000000000000	5.606602543498758
0.009000000000000	5.238550579921176
0.010000000000000	2.840224355815050
0.011000000000000	1.545735785559166
0.012000000000000	1.751365913765594
0.013000000000000	1.379275772892212
0.014000000000000	1.678398410639091
0.015000000000000	1.460358600017303
0.016000000000000	1.387607089311082
0.017000000000000	1.450973320291391
0.018000000000000	0.946437886700982
0.019000000000000	0.682571692448612
0.020000000000000	0.242424363606757
0.021000000000000	0.000000000000000
0.022000000000000	0.000000000000000
0.023000000000000	0.000000000000000
0.024000000000000	0.000000000000000
0.025000000000000	0.000000000000000
