-0.025000000000000	0.000000000000000
-0.024000000000000	0.000000000000000
-0.023000000000000	0.000000000000000
-0.022000000000000	0.000000000000000
-0.021000000000000	0.000000000000000
-0.020000000000000	0.000000000000000
-0.019000000000000	0.000000000000000
-0.018000000000000	0.000000000000000
-0.017000000000000	0.000000000000000
-0.016000000000000	0.350233418737578
-0.015000000000000	1.137523543101445
-0.014000000000000	0.942369273701184
-0.013000000000000	1.013735054404004
-0.012000000000000	0.773124144868149
-0.011000000000000	2.498302509913630
-0.010000000000000	3.643346947466135
-0.009000000000000	4.324032530144613
-0.008000000000000	5.557014970679645
-0.007000000000000	6.207485904091462
-0.006000000000000	8.578046629254942
-0.005000000000000	16.205956685180976
-0.004000000000000	26.980729505524017
-0.003000000000000	24.529758636040388
-0.002000000000000	18.016649477826981
-0.001000000000000	13.758658034875999
0.000000000000000	11.541437786606814
0.001000000000000	9.322624107164525
0.002000000000000	8.144569136442694
0.003000000000000	7.788656001516799
0.004000000000000	6.951577044614072
0.005000000000000	6.030310379455143
0.006000000000000	6.735621999336757
0.007000000000000	6.078820415276047
0.008000000000000	4.987833015664481
0.009000000000000	4.454082339442502
0.010000000000000	4.618284835602904
0.011000000000000	3.435753443269370
0.012000000000000	3.797315225215010
0.013000000000000	3.314390623947091
0.014000000000000	3.454196252383113
0.015000000000000	3.994303783781176
0.016000000000000	3.634387042099672
0.017000000000000	0.324656509734568
0.018000000000000	0.000000000000000
0.019000000000000	0.000000000000000
0.020000000000000	0.000000000000000
0.021000000000000	0.000000000000000
0.022000000000000	0.000000000000000
0.023000000000000	0.000000000000000
0.024000000000000	0.000000000000000
0.025000000000000	0.000000000000000
