-0.025000000000000	0.000000000000000
-0.024000000000000	0.000000000000000
-0.023000000000000	0.000000000000000
-0.022000000000000	0.000000000000000
-0.021000000000000	0.000000000000000
-0.020000000000000	0.000000000000000
-0.019000000000000	0.000000000000000
-0.018000000000000	0.000000000000000
-0.017000000000000	0.113953776006998
-0.016000000000000	0.885844566815676
-0.015000000000000	0.517066686424443
-0.014000000000000	1.063077026635729
-0.013000000000000	0.507654463448662
-0.012000000000000	0.378190564441027
-0.011000000000000	1.114097540722363
-0.010000000000000	1.127885715699690
-0.009000000000000	1.791271776449264
-0.008000000000000	1.814796572734616
-0.007000000000000	3.871138390836848
-0.006000000000000	6.153247329466913
-0.005000000000000	8.069242633497383
-0.004000000000000	16.989223859619198
-0.003000000000000	27.230484528378458
-0.002000000000000	22.699604739863201
-0.001000000000000	19.108414054815839
0.000000000000000	17.546846814603970
0.001000000000000	19.318198776313633
0.002000000000000	20.086621536943611
0.003000000000000	15.618467603509465
0.004000000000000	9.264671305665702
0.005000000000000	4.256137534605528
0.006000000000000	3.624164773348451
0.007000000000000	3.479423384660370
0.008000000000000	3.951238076978642
0.009000000000000	3.134269117780748
0.010000000000000	3.901789118691489
0.011000000000000	2.841442025215381
0.012000000000000	1.853662144158846
0.013000000000000	1.566737480510196
0.014000000000000	1.216007798532656
0.015000000000000	1.273164289924397
0.016000000000000	0.211329436537419
0.017000000000000	0.000000000000000
0.018000000000000	0.000000000000000
0.019000000000000	0.000000000000000
0.020000000000000	0.000000000000000
0.021000000000000	0.000000000000000
0.022000000000000	0.000000000000000
0.023000000000000	0.000000000000000
0.024000000000000	0.000000000000000
0.025000000000000	0.000000000000000
