-0.025000000000000	0.000000000000000
-0.024000000000000	0.000000000000000
-0.023000000000000	0.000000000000000
-0.022000000000000	0.000000000000000
-0.021000000000000	0.000000000000000
-0.020000000000000	0.000000000000000
-0.019000000000000	0.000000000000000
-0.018000000000000	0.041761785783922
-0.017000000000000	0.882392688758284
-0.016000000000000	1.045642953804762
-0.015000000000000	1.134767903506362
-0.014000000000000	0.901298119223639
-0.013000000000000	0.817100631034576
-0.012000000000000	0.960929233035155
-0.011000000000000	1.254424512920105
-0.010000000000000	0.855623137100371
-0.009000000000000	0.582843174471819
-0.008000000000000	1.697622614366466
-0.007000000000000	2.367520511044872
-0.006000000000000	4.446333604222067
-0.005000000000000	5.835362573632532
-0.004000000000000	15.735279158668058
-0.003000000000000	29.822861275727938
-0.002000000000000	29.803805270413246
-0.001000000000000	23.507718581552894
0.000000000000000	18.789190351845175
0.001000000000000	14.677721462926378
0.002000000000000	8.729611401305155
0.003000000000000	7.702395092141090
0.004000000000000	8.610167954139397
0.005000000000000	10.612814847879125
0.006000000000000	8.805346397094009
0.007000000000000	6.622753216662885
0.008000000000000	1.995089683126338
0.009000000000000	1.892927093814812
0.010000000000000	2.643853046529435
0.011000000000000	2.321409931309822
0.012000000000000	2.633650847552524
0.013000000000000	0.692298000087374
0.014000000000000	0.316714864164101
0.015000000000000	0.724224075402840
0.016000000000000	0.631256648501283
0.017000000000000	0.614641009997830
0.018000000000000	0.344154918913731
0.019000000000000	0.636600921510451
0.020000000000000	0.443262033274914
0.021000000000000	0.044941276805133
0.022000000000000	0.000000000000000
0.023000000000000	0.000000000000000
0.024000000000000	0.000000000000000
0.025000000000000	0.000000000000000
