-0.025000000000000	0.000000000000000
-0.024000000000000	0.000000000000000
-0.023000000000000	0.000000000000000
-0.022000000000000	0.000000000000000
-0.021000000000000	0.000000000000000
-0.020000000000000	0.000000000000000
-0.019000000000000	0.000000000000000
-0.018000000000000	0.000000000000000
-0.017000000000000	0.402314746108830
-0.016000000000000	1.738877439372742
-0.015000000000000	1.578737433833683
-0.014000000000000	0.977377467494351
-0.013000000000000	1.283382250718148
-0.012000000000000	0.985912925454154
-0.011000000000000	1.041642439525453
-0.010000000000000	0.837254540268836
-0.009000000000000	2.714090543100354
-0.008000000000000	5.637885675435022
-0.007000000000000	4.957166935968087
-0.006000000000000	4.101782660189198
-0.005000000000000	3.801925622781300
-0.004000000000000	7.751968639284438
-0.003000000000000	16.147227694282769
-0.002000000000000	24.054791021936392
-0.001000000000000	29.990016359008177
0.000000000000000	28.422569857408597
0.001000000000000	22.124956592298766
0.002000000000000	14.049216957462235
0.003000000000000	6.928416057935920
0.004000000000000	5.075600038324434
0.005000000000000	4.828763504674268
0.006000000000000	3.844824135224535
0.007000000000000	2.495677135704581
0.008000000000000	3.112595797221104
0.009000000000000	1.947219157017429
0.010000000000000	0.990507242816745
0.011000000000000	2.490100927401660
0.012000000000000	2.089961238829434
0.013000000000000	1.497239416676928
0.014000000000000	1.098329269507628
0.015000000000000	1.342378621919116
0.016000000000000	1.771454741830356
0.017000000000000	1.064333499742994
0.018000000000000	1.239987698505181
0.019000000000000	1.291848085272874
0.020000000000000	0.822049981529743
0.021000000000000	0.077351995569952
0.022000000000000	0.000000000000000
0.023000000000000	0.000000000000000
0.024000000000000	0.000000000000000
0.025000000000000	0.000000000000000
