-0.025000000000000	0.000000000000000
-0.024000000000000	0.000000000000000
-0.023000000000000	0.000000000000000
-0.022000000000000	0.000000000000000
-0.021000000000000	0.000000000000000
-0.020000000000000	0.000000000000000
-0.019000000000000	0.000000000000000
-0.018000000000000	0.000000000000000
-0.017000000000000	0.000000000000000
-0.016000000000000	0.000000000000000
-0.015000000000000	0.000000000000000
-0.014000000000000	0.000000000000000
-0.013000000000000	0.000000000000000
-0.012000000000000	0.000000000000000
-0.011000000000000	0.000000000000000
-0.010000000000000	0.000000000000000
-0.009000000000000	0.000000000000000
-0.008000000000000	0.506224285568262
-0.007000000000000	3.672464643527184
-0.006000000000000	7.358080760910494
-0.005000000000000	12.920430651995634
-0.004000000000000	22.294627771368983
-0.003000000000000	31.290441889054978
-0.002000000000000	30.085768305278023
-0.001000000000000	33.631857780554931
0.000000000000000	31.096114429446661
0.001000000000000	22.490109843392347
0.002000000000000	13.346328957085573
0.003000000000000	8.821071456214389
0.004000000000000	6.200528939909062
0.005000000000000	6.783206058431920
0.006000000000000	5.661331896832357
0.007000000000000	3.158195980268612
0.008000000000000	3.017808768689623
0.009000000000000	2.941015233466952
0.010000000000000	2.258338193114260
0.011000000000000	1.438391866505873
0.012000000000000	1.663672918038380
0.013000000000000	1.684755914581941
0.014000000000000	1.021318981815742
0.015000000000000	1.168649338618583
0.016000000000000	1.620091867036847
0.017000000000000	1.109885021398008
0.018000000000000	0.271086909475952
0.019000000000000	0.530042110098897
0.020000000000000	0.256499780381599
0.021000000000000	0.000000000000000
0.022000000000000	0.000000000000000
0.023000000000000	0.000000000000000
0.024000000000000	0.000000000000000
0.025000000000000	0.000000000000000
