-0.025000000000000	0.000000000000000
-0.024000000000000	0.000000000000000
-0.023000000000000	0.000000000000000
-0.022000000000000	0.000000000000000
-0.021000000000000	0.000000000000000
-0.020000000000000	0.000000000000000
-0.019000000000000	0.000000000000000
-0.018000000000000	0.000000000000000
-0.017000000000000	0.000000000000000
-0.016000000000000	0.000000000000000
-0.015000000000000	0.000000000000000
-0.014000000000000	0.000000000000000
-0.013000000000000	0.000000000000000
-0.012000000000000	0.000000000000000
-0.011000000000000	0.000000000000000
-0.010000000000000	0.000000000000000
-0.009000000000000	0.000000000000000
-0.008000000000000	0.000000000000000
-0.007000000000000	0.000000000000000
-0.006000000000000	1.941865162850143
-0.005000000000000	14.079696093438162
-0.004000000000000	34.443570319780740
-0.003000000000000	28.342254102199448
-0.002000000000000	51.315356951696742
-0.001000000000000	52.611343772184171
0.000000000000000	54.797881452836386
0.001000000000000	43.260123558884253
0.002000000000000	9.970839021206231
0.003000000000000	6.188544070881033
0.004000000000000	5.277780002119514
0.005000000000000	4.187799006082269
0.006000000000000	4.271925534839483
0.007000000000000	3.673316559483625
0.008000000000000	2.877151150405851
0.009000000000000	3.251025164568739
0.010000000000000	2.725403335639185
0.011000000000000	2.499794998277988
0.012000000000000	2.093884154320203
0.013000000000000	1.722810783006558
0.014000000000000	1.903492745702169
0.015000000000000	2.127193413274254
0.016000000000000	1.538865033204966
0.017000000000000	1.319009690727810
0.018000000000000	1.098188752266618
0.019000000000000	0.031470423210158
0.020000000000000	0.000000000000000
0.021000000000000	0.000000000000000
0.022000000000000	0.000000000000000
0.023000000000000	0.000000000000000
0.024000000000000	0.000000000000000
0.025000000000000	0.000000000000000
