-0.025000000000000	0.000000000000000
-0.024000000000000	0.000000000000000
-0.023000000000000	0.000000000000000
-0.022000000000000	0.000000000000000
-0.021000000000000	0.000000000000000
-0.020000000000000	0.000000000000000
-0.019000000000000	0.000000000000000
-0.018000000000000	0.000000000000000
-0.017000000000000	0.006745282842030
-0.016000000000000	0.706901783194876
-0.015000000000000	0.937924742191687
-0.014000000000000	0.796767482398817
-0.013000000000000	1.027071644979246
-0.012000000000000	0.445566724448226
-0.011000000000000	2.267021568284122
-0.010000000000000	5.745128046978795
-0.009000000000000	7.521082459362949
-0.008000000000000	9.131491192694282
-0.007000000000000	10.048008179443766
-0.006000000000000	14.327673163399599
-0.005000000000000	18.323652239037269
-0.004000000000000	17.598463376128063
-0.003000000000000	14.527161442197986
-0.002000000000000	13.224568684818466
-0.001000000000000	9.615212822587660
0.000000000000000	11.407952073707067
0.001000000000000	10.544661869632646
0.002000000000000	8.359629221402876
0.003000000000000	6.125457743611028
0.004000000000000	3.868441955037801
0.005000000000000	3.628121926177375
0.006000000000000	4.218341343269871
0.007000000000000	4.615030133977820
0.008000000000000	4.107317324953081
0.009000000000000	3.538777708906079
0.010000000000000	3.458308650910336
0.011000000000000	5.315255481127144
0.012000000000000	4.605500274109302
0.013000000000000	8.192816126377103
0.014000000000000	7.531515578718584
0.015000000000000	3.224686064651924
0.016000000000000	0.891820662428631
0.017000000000000	0.909613327192612
0.018000000000000	0.870734813675949
0.019000000000000	0.271350424210552
0.020000000000000	0.750526759669568
0.021000000000000	0.002048003837817
0.022000000000000	0.000000000000000
0.023000000000000	0.000000000000000
0.024000000000000	0.000000000000000
0.025000000000000	0.000000000000000
