-0.025000000000000	0.000000000000000
-0.024000000000000	0.000000000000000
-0.023000000000000	0.000000000000000
-0.022000000000000	0.000000000000000
-0.021000000000000	0.000000000000000
-0.020000000000000	0.000000000000000
-0.019000000000000	0.000000000000000
-0.018000000000000	0.000000000000000
-0.017000000000000	0.000000000000000
-0.016000000000000	0.000000000000000
-0.015000000000000	0.000000000000000
-0.014000000000000	0.000000000000000
-0.013000000000000	0.000000000000000
-0.012000000000000	0.000000000000000
-0.011000000000000	0.000000000000000
-0.010000000000000	0.000000000000000
-0.009000000000000	0.000000000000000
-0.008000000000000	0.000000000000000
-0.007000000000000	1.310442069726984
-0.006000000000000	11.875755378121800
-0.005000000000000	22.679613168881289
-0.004000000000000	26.191807594713897
-0.003000000000000	26.406034137946246
-0.002000000000000	33.027604034898673
-0.001000000000000	25.482106965916330
0.000000000000000	26.992531054699867
0.001000000000000	22.705194889260017
0.002000000000000	10.982799626247347
0.003000000000000	12.658562438299711
0.004000000000000	12.686832334947885
0.005000000000000	13.906746910549847
0.006000000000000	14.099335642312418
0.007000000000000	4.707738328180459
0.008000000000000	3.581793948673858
0.009000000000000	2.057604065718427
0.010000000000000	2.763782395373257
0.011000000000000	1.860730437722101
0.012000000000000	1.189617159368995
0.013000000000000	0.579907168198248
0.014000000000000	0.265503386991410
0.015000000000000	0.506870787227185
0.016000000000000	0.479737706481944
0.017000000000000	0.497086588912569
0.018000000000000	0.190779410968741
0.019000000000000	0.041952924210581
0.020000000000000	0.000000000000000
0.021000000000000	0.000000000000000
0.022000000000000	0.000000000000000
0.023000000000000	0.000000000000000
0.024000000000000	0.000000000000000
0.025000000000000	0.000000000000000
