-0.025000000000000	0.000000000000000
-0.024000000000000	0.000000000000000
-0.023000000000000	0.000000000000000
-0.022000000000000	0.000000000000000
-0.021000000000000	0.000000000000000
-0.020000000000000	0.000000000000000
-0.019000000000000	0.000000000000000
-0.018000000000000	0.000000000000000
-0.017000000000000	0.000000000000000
-0.016000000000000	0.000000000000000
-0.015000000000000	0.000000000000000
-0.014000000000000	0.000000000000000
-0.013000000000000	0.041822127378645
-0.012000000000000	0.492261402013282
-0.011000000000000	0.545328529665619
-0.010000000000000	0.400356311266637
-0.009000000000000	0.861128209083973
-0.008000000000000	0.745765862977162
-0.007000000000000	0.210717919276060
-0.006000000000000	0.752995751449106
-0.005000000000000	3.644564113869461
-0.004000000000000	13.596654587871019
-0.003000000000000	21.823847477461690
-0.002000000000000	25.687132227515452
-0.001000000000000	18.655645301796437
0.000000000000000	20.503515336597133
0.001000000000000	11.134860588597828
0.002000000000000	3.249068186517421
0.003000000000000	2.448609852040353
0.004000000000000	2.253073439089346
0.005000000000000	2.039535232664119
0.006000000000000	2.068345482426911
0.007000000000000	1.554377122207669
0.008000000000000	1.870212369446163
0.009000000000000	1.423402906933265
0.010000000000000	1.521787494075998
0.011000000000000	1.639323946316396
0.012000000000000	1.509266362942963
0.013000000000000	1.664661567814830
0.014000000000000	1.856976659535447
0.015000000000000	2.170193251011307
0.016000000000000	1.146261125115878
0.017000000000000	0.000000000000000
0.018000000000000	0.000000000000000
0.019000000000000	0.000000000000000
0.020000000000000	0.000000000000000
0.021000000000000	0.000000000000000
0.022000000000000	0.000000000000000
0.023000000000000	0.000000000000000
0.024000000000000	0.000000000000000
0.025000000000000	0.000000000000000
