-0.025000000000000	0.000000000000000
-0.024000000000000	0.000000000000000
-0.023000000000000	0.000000000000000
-0.022000000000000	0.000000000000000
-0.021000000000000	0.000000000000000
-0.020000000000000	0.000000000000000
-0.019000000000000	0.000000000000000
-0.018000000000000	0.000000000000000
-0.017000000000000	0.000000000000000
-0.016000000000000	0.000000000000000
-0.015000000000000	0.000000000000000
-0.014000000000000	0.000000000000000
-0.013000000000000	0.425099966014833
-0.012000000000000	3.155722639727091
-0.011000000000000	3.046359063639330
-0.010000000000000	3.249025494542250
-0.009000000000000	2.668631671152616
-0.008000000000000	3.808951749779622
-0.007000000000000	2.618899406759919
-0.006000000000000	5.043783581056983
-0.005000000000000	15.200460143996535
-0.004000000000000	15.618377503758875
-0.003000000000000	14.480961566021879
-0.002000000000000	14.282722027999256
-0.001000000000000	13.374466973406600
0.000000000000000	9.018480757536715
0.001000000000000	6.459598222343928
0.002000000000000	7.033161820802257
0.003000000000000	6.784053555634485
0.004000000000000	7.777292233469582
0.005000000000000	9.090937677737395
0.006000000000000	11.912054495867055
0.007000000000000	11.947434248169495
0.008000000000000	3.349462993524608
0.009000000000000	1.510269937987175
0.010000000000000	1.089524574533766
0.011000000000000	1.574257785353393
0.012000000000000	1.622227335273856
0.013000000000000	1.324016769428069
0.014000000000000	1.590137380953992
0.015000000000000	1.977006006219856
0.016000000000000	0.399761401084544
0.017000000000000	0.000000000000000
0.018000000000000	0.000000000000000
0.019000000000000	0.000000000000000
0.020000000000000	0.000000000000000
0.021000000000000	0.000000000000000
0.022000000000000	0.000000000000000
0.023000000000000	0.000000000000000
0.024000000000000	0.000000000000000
0.025000000000000	0.000000000000000
