-0.025000000000000	0.000000000000000
-0.024000000000000	0.000000000000000
-0.023000000000000	0.000000000000000
-0.022000000000000	0.000000000000000
-0.021000000000000	0.000000000000000
-0.020000000000000	0.000000000000000
-0.019000000000000	0.000000000000000
-0.018000000000000	0.000000000000000
-0.017000000000000	0.000000000000000
-0.016000000000000	0.229665098358149
-0.015000000000000	1.121467238014347
-0.014000000000000	0.751466366249639
-0.013000000000000	1.133283079919170
-0.012000000000000	0.936255585706574
-0.011000000000000	0.683403774204308
-0.010000000000000	0.912514712733482
-0.009000000000000	1.237720725408209
-0.008000000000000	5.471124382971111
-0.007000000000000	14.133306485619114
-0.006000000000000	18.075008181439486
-0.005000000000000	22.109195797756549
-0.004000000000000	24.550626173457093
-0.003000000000000	27.666949050263764
-0.002000000000000	21.414939098475983
-0.001000000000000	19.840531774578615
0.000000000000000	20.310609529231535
0.001000000000000	22.087044133855066
0.002000000000000	11.363848424290513
0.003000000000000	7.752423739172277
0.004000000000000	6.387521121227824
0.005000000000000	6.025508107772980
0.006000000000000	6.085195455570671
0.007000000000000	5.536753848148000
0.008000000000000	5.182455531229345
0.009000000000000	4.825802699266276
0.010000000000000	5.821327748147965
0.011000000000000	5.605580297735388
0.012000000000000	6.098560316164841
0.013000000000000	4.458161685443318
0.014000000000000	2.255271582725256
0.015000000000000	2.942784600661387
0.016000000000000	2.949795657702601
0.017000000000000	1.733144044188749
0.018000000000000	0.119299329647005
0.019000000000000	0.000000000000000
0.020000000000000	0.000000000000000
0.021000000000000	0.000000000000000
0.022000000000000	0.000000000000000
0.023000000000000	0.000000000000000
0.024000000000000	0.000000000000000
0.025000000000000	0.000000000000000
