-0.025000000000000	0.000000000000000
-0.024000000000000	0.000000000000000
-0.023000000000000	0.000000000000000
-0.022000000000000	0.000000000000000
-0.021000000000000	0.000000000000000
-0.020000000000000	0.000000000000000
-0.019000000000000	0.000000000000000
-0.018000000000000	0.000000000000000
-0.017000000000000	0.000000000000000
-0.016000000000000	0.000000000000000
-0.015000000000000	0.000000000000000
-0.014000000000000	0.000000000000000
-0.013000000000000	0.000000000000000
-0.012000000000000	0.000000000000000
-0.011000000000000	0.025202948913205
-0.010000000000000	1.102160368642410
-0.009000000000000	1.903843165280780
-0.008000000000000	2.387965096382793
-0.007000000000000	4.545584700602092
-0.006000000000000	14.944670943013262
-0.005000000000000	25.300050673373896
-0.004000000000000	24.436309867561278
-0.003000000000000	28.353869460902743
-0.002000000000000	30.818945207842766
-0.001000000000000	25.778985321164523
0.000000000000000	15.959450975931041
0.001000000000000	15.338701066847671
0.002000000000000	10.755709734530086
0.003000000000000	10.243465407684202
0.004000000000000	11.114418865523506
0.005000000000000	12.782292037540309
0.006000000000000	11.887665266066399
0.007000000000000	2.851261375142080
0.008000000000000	1.902819230790849
0.009000000000000	1.225842233215896
0.010000000000000	2.024532453995592
0.011000000000000	1.909645656285737
0.012000000000000	2.495705854803575
0.013000000000000	2.168984548981492
0.014000000000000	2.018612335021731
0.015000000000000	3.089013581910883
0.016000000000000	3.139553657817429
0.017000000000000	0.757488168329611
0.018000000000000	0.623302330282208
0.019000000000000	0.362624244011139
0.020000000000000	0.419761818179592
0.021000000000000	0.354488409015980
0.022000000000000	0.000000000000000
0.023000000000000	0.000000000000000
0.024000000000000	0.000000000000000
0.025000000000000	0.000000000000000
