-0.025000000000000	0.000000000000000
-0.024000000000000	0.000000000000000
-0.023000000000000	0.000000000000000
-0.022000000000000	0.000000000000000
-0.021000000000000	0.000000000000000
-0.020000000000000	0.000000000000000
-0.019000000000000	0.000000000000000
-0.018000000000000	0.000000000000000
-0.017000000000000	0.000000000000000
-0.016000000000000	0.000000000000000
-0.015000000000000	0.000000000000000
-0.014000000000000	0.000000000000000
-0.013000000000000	0.290593108976654
-0.012000000000000	2.875946160072888
-0.011000000000000	3.557129071896199
-0.010000000000000	6.654139620776867
-0.009000000000000	7.638505899278656
-0.008000000000000	15.007232343483340
-0.007000000000000	19.232183547552001
-0.006000000000000	16.742751791175948
-0.005000000000000	15.127304245640483
-0.004000000000000	22.643293045349331
-0.003000000000000	20.776225887477310
-0.002000000000000	15.739014407138647
-0.001000000000000	14.872194676761429
0.000000000000000	15.515209998765329
0.001000000000000	17.401787674090176
0.002000000000000	13.317553387807095
0.003000000000000	6.822687282139387
0.004000000000000	6.168282647329281
0.005000000000000	8.304473893016795
0.006000000000000	6.910632411015353
0.007000000000000	9.058375467903844
0.008000000000000	9.932392544323253
0.009000000000000	10.203537026527311
0.010000000000000	9.001574182118411
0.011000000000000	8.594125335062825
0.012000000000000	7.789597896929318
0.013000000000000	3.771771845088341
0.014000000000000	1.581126152900060
0.015000000000000	2.016132310565132
0.016000000000000	2.479582421294960
0.017000000000000	0.689372909074172
0.018000000000000	0.000000000000000
0.019000000000000	0.000000000000000
0.020000000000000	0.000000000000000
0.021000000000000	0.000000000000000
0.022000000000000	0.000000000000000
0.023000000000000	0.000000000000000
0.024000000000000	0.000000000000000
0.025000000000000	0.000000000000000
