-0.025000000000000	0.000000000000000
-0.024000000000000	0.000000000000000
-0.023000000000000	0.000000000000000
-0.022000000000000	0.000000000000000
-0.021000000000000	0.000000000000000
-0.020000000000000	0.000000000000000
-0.019000000000000	0.000000000000000
-0.018000000000000	0.000000000000000
-0.017000000000000	0.000000000000000
-0.016000000000000	0.734039164104223
-0.015000000000000	2.256686114211818
-0.014000000000000	3.442991915050507
-0.013000000000000	3.518404353797987
-0.012000000000000	3.454701335148957
-0.011000000000000	3.417423791289366
-0.010000000000000	4.461566844754802
-0.009000000000000	5.848033653802310
-0.008000000000000	5.165894814437083
-0.007000000000000	5.338323049132979
-0.006000000000000	5.949264565723640
-0.005000000000000	5.654940810985747
-0.004000000000000	6.253358851163259
-0.003000000000000	11.377142097217803
-0.002000000000000	22.868864582253078
-0.001000000000000	20.673907064230594
0.000000000000000	15.167830189913307
0.001000000000000	11.466922271009935
0.002000000000000	8.227106571628571
0.003000000000000	5.640916237040069
0.004000000000000	5.564400075859592
0.005000000000000	6.744113267138818
0.006000000000000	6.326655147615293
0.007000000000000	4.106293451675647
0.008000000000000	5.099174186099843
0.009000000000000	5.081288964578721
0.010000000000000	4.031333092915568
0.011000000000000	4.791071714497475
0.012000000000000	3.764778149330562
0.013000000000000	1.519501174906507
0.014000000000000	1.276834596765987
0.015000000000000	1.318196388926169
0.016000000000000	1.382007064875622
0.017000000000000	1.778829282468394
0.018000000000000	1.420059916254866
0.019000000000000	0.769128333128763
0.020000000000000	1.160373301786371
0.021000000000000	0.569599344165050
0.022000000000000	0.221490254181459
0.023000000000000	0.000000000000000
0.024000000000000	0.000000000000000
0.025000000000000	0.000000000000000
