-0.025000000000000	0.000000000000000
-0.024000000000000	0.000000000000000
-0.023000000000000	0.000000000000000
-0.022000000000000	0.000000000000000
-0.021000000000000	0.000000000000000
-0.020000000000000	0.000000000000000
-0.019000000000000	0.045137170690113
-0.018000000000000	0.933199260595362
-0.017000000000000	1.157434295190002
-0.016000000000000	0.970669299939074
-0.015000000000000	1.415918718375786
-0.014000000000000	1.899524926334804
-0.013000000000000	2.275518818533159
-0.012000000000000	1.922124591658827
-0.011000000000000	3.806088998440005
-0.010000000000000	3.941515627540681
-0.009000000000000	4.557477564761705
-0.008000000000000	4.470274047583622
-0.007000000000000	6.807862356498561
-0.006000000000000	10.697748432482335
-0.005000000000000	10.181620750146660
-0.004000000000000	8.735874662731359
-0.003000000000000	7.388683534494511
-0.002000000000000	7.791767564195467
-0.001000000000000	7.371917406881914
0.000000000000000	7.051827276124453
0.001000000000000	7.309758967244765
0.002000000000000	9.290433378176106
0.003000000000000	10.446575201191981
0.004000000000000	13.956372817006617
0.005000000000000	11.821680791540285
0.006000000000000	10.784004559092441
0.007000000000000	6.349810699161975
0.008000000000000	3.760374408385160
0.009000000000000	3.531189709723646
0.010000000000000	3.848508364048727
0.011000000000000	3.957006532643824
0.012000000000000	2.852542430426365
0.013000000000000	1.999080054807524
0.014000000000000	1.799553325835214
0.015000000000000	1.558930101779393
0.016000000000000	0.772388237325703
0.017000000000000	0.282776583593814
0.018000000000000	0.039375749937435
0.019000000000000	0.000000000000000
0.020000000000000	0.000000000000000
0.021000000000000	0.000000000000000
0.022000000000000	0.000000000000000
0.023000000000000	0.000000000000000
0.024000000000000	0.000000000000000
0.025000000000000	0.000000000000000
