-0.025000000000000	0.000000000000000
-0.024000000000000	0.000000000000000
-0.023000000000000	0.000000000000000
-0.022000000000000	0.000000000000000
-0.021000000000000	0.000000000000000
-0.020000000000000	0.000000000000000
-0.019000000000000	0.000000000000000
-0.018000000000000	0.000000000000000
-0.017000000000000	0.000000000000000
-0.016000000000000	0.000000000000000
-0.015000000000000	0.000000000000000
-0.014000000000000	0.000000000000000
-0.013000000000000	0.000000000000000
-0.012000000000000	0.000000000000000
-0.011000000000000	0.000000000000000
-0.010000000000000	0.678176829319550
-0.009000000000000	2.016006527370270
-0.008000000000000	4.603264196426380
-0.007000000000000	7.849247248392958
-0.006000000000000	14.397337344614959
-0.005000000000000	24.419413349049425
-0.004000000000000	26.653744500640816
-0.003000000000000	23.998686507884440
-0.002000000000000	18.841385755812546
-0.001000000000000	19.028937252972881
0.000000000000000	16.419576584255712
0.001000000000000	15.110888942769433
0.002000000000000	8.572022905223923
0.003000000000000	6.221458521370381
0.004000000000000	4.533380207353924
0.005000000000000	4.884477582860325
0.006000000000000	4.948100090911860
0.007000000000000	4.735523740017166
0.008000000000000	4.442853048046767
0.009000000000000	4.865620068611525
0.010000000000000	5.057883872279492
0.011000000000000	4.862619035583309
0.012000000000000	4.810568296903688
0.013000000000000	3.366902930971492
0.014000000000000	1.728295259530542
0.015000000000000	1.460028012196501
0.016000000000000	1.667055195687619
0.017000000000000	0.834979424029604
0.018000000000000	0.605951469014637
0.019000000000000	0.792158493216073
0.020000000000000	0.233234237335159
0.021000000000000	0.000000000000000
0.022000000000000	0.000000000000000
0.023000000000000	0.000000000000000
0.024000000000000	0.000000000000000
0.025000000000000	0.000000000000000
