-0.025000000000000	0.000000000000000
-0.024000000000000	0.000000000000000
-0.023000000000000	0.000000000000000
-0.022000000000000	0.000000000000000
-0.021000000000000	0.000000000000000
-0.020000000000000	0.000000000000000
-0.019000000000000	0.159814326666907
-0.018000000000000	1.165327498956488
-0.017000000000000	1.245237268712941
-0.016000000000000	1.134592061675823
-0.015000000000000	1.128676184231989
-0.014000000000000	0.902800398740436
-0.013000000000000	0.996217121419797
-0.012000000000000	0.910506447609784
-0.011000000000000	1.268211973213437
-0.010000000000000	1.945266975175084
-0.009000000000000	3.801874271006799
-0.008000000000000	5.268707754039116
-0.007000000000000	7.925375506067905
-0.006000000000000	9.723239331355638
-0.005000000000000	10.568976267387702
-0.004000000000000	13.004439271680864
-0.003000000000000	12.413234417794888
-0.002000000000000	12.229447560471222
-0.001000000000000	14.029583178651649
0.000000000000000	13.373867154696020
0.001000000000000	13.511241838651948
0.002000000000000	15.346984406198420
0.003000000000000	18.786037782374336
0.004000000000000	9.407717638781369
0.005000000000000	3.719758214208486
0.006000000000000	4.083776087121542
0.007000000000000	3.949321229160607
0.008000000000000	2.890867870999639
0.009000000000000	4.218943820833599
0.010000000000000	3.636630104702846
0.011000000000000	2.525269966134279
0.012000000000000	2.800376241521271
0.013000000000000	4.832105310639660
0.014000000000000	2.385129366583508
0.015000000000000	0.051167188766999
0.016000000000000	0.712427878717475
0.017000000000000	0.980014880909380
0.018000000000000	0.496032030400428
0.019000000000000	0.307804648407441
0.020000000000000	0.610287809969328
0.021000000000000	0.000000000000000
0.022000000000000	0.000000000000000
0.023000000000000	0.000000000000000
0.024000000000000	0.000000000000000
0.025000000000000	0.000000000000000
