-0.025000000000000	0.000000000000000
-0.024000000000000	0.000000000000000
-0.023000000000000	0.000000000000000
-0.022000000000000	0.000000000000000
-0.021000000000000	0.000000000000000
-0.020000000000000	0.000000000000000
-0.019000000000000	0.000000000000000
-0.018000000000000	0.000000000000000
-0.017000000000000	0.000000000000000
-0.016000000000000	0.000000000000000
-0.015000000000000	0.000000000000000
-0.014000000000000	0.000000000000000
-0.013000000000000	0.000000000000000
-0.012000000000000	0.000000000000000
-0.011000000000000	0.000000000000000
-0.010000000000000	0.785270157909575
-0.009000000000000	2.533503717885258
-0.008000000000000	2.760731558043199
-0.007000000000000	4.182605930193224
-0.006000000000000	13.478547789395652
-0.005000000000000	20.157325947777746
-0.004000000000000	21.678088064051281
-0.003000000000000	22.390446788568454
-0.002000000000000	24.659630339744862
-0.001000000000000	24.704726608731200
0.000000000000000	22.649779585709634
0.001000000000000	18.499766691107435
0.002000000000000	18.055592040689689
0.003000000000000	14.176862103345098
0.004000000000000	12.597289822239652
0.005000000000000	11.639033787533707
0.006000000000000	8.778235431354215
0.007000000000000	5.389578723510377
0.008000000000000	3.320697326348534
0.009000000000000	3.449818498554134
0.010000000000000	2.970706527360487
0.011000000000000	1.281648483647604
0.012000000000000	0.831913869544620
0.013000000000000	0.935602005995298
0.014000000000000	0.426373746196542
0.015000000000000	0.430044545629791
0.016000000000000	0.411816908536188
0.017000000000000	0.841466687370108
0.018000000000000	0.358535946791317
0.019000000000000	0.478817544586906
0.020000000000000	0.732827501695285
0.021000000000000	0.246410233527456
0.022000000000000	0.093206102657288
0.023000000000000	0.000000000000000
0.024000000000000	0.000000000000000
0.025000000000000	0.000000000000000
