-0.025000000000000	0.000000000000000
-0.024000000000000	0.000000000000000
-0.023000000000000	0.000000000000000
-0.022000000000000	0.000000000000000
-0.021000000000000	0.000000000000000
-0.020000000000000	0.000000000000000
-0.019000000000000	0.000000000000000
-0.018000000000000	0.000000000000000
-0.017000000000000	0.000000000000000
-0.016000000000000	0.000000000000000
-0.015000000000000	0.000000000000000
-0.014000000000000	0.000000000000000
-0.013000000000000	0.622467499840862
-0.012000000000000	1.936161978389593
-0.011000000000000	2.119168974210877
-0.010000000000000	2.444860182856857
-0.009000000000000	4.116751151765854
-0.008000000000000	3.633501163969333
-0.007000000000000	3.371166772957460
-0.006000000000000	3.752558448299544
-0.005000000000000	11.310432808306983
-0.004000000000000	28.844096011745030
-0.003000000000000	35.055223842454943
-0.002000000000000	32.134519509996352
-0.001000000000000	28.588686094067295
0.000000000000000	24.336267853495070
0.001000000000000	20.221489463180824
0.002000000000000	10.338628365506844
0.003000000000000	11.997004669278644
0.004000000000000	9.433334191414357
0.005000000000000	6.129563859225371
0.006000000000000	5.236389065881660
0.007000000000000	5.125033091252408
0.008000000000000	5.159628836313550
0.009000000000000	5.033103102744321
0.010000000000000	3.214835956865688
0.011000000000000	4.399912489088186
0.012000000000000	4.211712975638060
0.013000000000000	1.044706325134066
0.014000000000000	1.219212629009097
0.015000000000000	1.882527837629508
0.016000000000000	1.477677580112075
0.017000000000000	0.744104796327339
0.018000000000000	1.408477498132344
0.019000000000000	0.664375013635459
0.020000000000000	0.004682359540923
0.021000000000000	0.000000000000000
0.022000000000000	0.000000000000000
0.023000000000000	0.000000000000000
0.024000000000000	0.000000000000000
0.025000000000000	0.000000000000000
