-0.025000000000000	0.000000000000000
-0.024000000000000	0.000000000000000
-0.023000000000000	0.000000000000000
-0.022000000000000	0.000000000000000
-0.021000000000000	0.000000000000000
-0.020000000000000	0.000000000000000
-0.019000000000000	0.000000000000000
-0.018000000000000	0.000000000000000
-0.017000000000000	0.114548410206245
-0.016000000000000	0.565457461528792
-0.015000000000000	1.026661494216821
-0.014000000000000	1.328945193613472
-0.013000000000000	1.239667857415516
-0.012000000000000	1.259491893766614
-0.011000000000000	1.820964509877829
-0.010000000000000	2.170867249708307
-0.009000000000000	2.703028988353221
-0.008000000000000	3.070870049257364
-0.007000000000000	3.952294921478598
-0.006000000000000	5.273175661182491
-0.005000000000000	8.937067720526011
-0.004000000000000	16.625250941465829
-0.003000000000000	22.952269120206882
-0.002000000000000	27.439748472181957
-0.001000000000000	24.571588682473489
0.000000000000000	21.466899865294117
0.001000000000000	21.294201424265694
0.002000000000000	14.307470602773805
0.003000000000000	10.332875495175200
0.004000000000000	11.744751877820743
0.005000000000000	10.568580944686804
0.006000000000000	10.762606845504139
0.007000000000000	9.052704468283171
0.008000000000000	4.134434601167019
0.009000000000000	2.308103609781891
0.010000000000000	2.648675241131004
0.011000000000000	2.172491935650854
0.012000000000000	2.923343141913560
0.013000000000000	0.298279628661528
0.014000000000000	0.669766029805170
0.015000000000000	0.744491785584899
0.016000000000000	0.324115642800307
0.017000000000000	0.318754717220606
0.018000000000000	0.000000000000000
0.019000000000000	0.000000000000000
0.020000000000000	0.000000000000000
0.021000000000000	0.000000000000000
0.022000000000000	0.000000000000000
0.023000000000000	0.000000000000000
0.024000000000000	0.000000000000000
0.025000000000000	0.000000000000000
