-0.025000000000000	0.000000000000000
-0.024000000000000	0.000000000000000
-0.023000000000000	0.000000000000000
-0.022000000000000	0.000000000000000
-0.021000000000000	0.000000000000000
-0.020000000000000	0.000000000000000
-0.019000000000000	0.000000000000000
-0.018000000000000	0.000000000000000
-0.017000000000000	0.000000000000000
-0.016000000000000	0.000000000000000
-0.015000000000000	0.000000000000000
-0.014000000000000	0.000000000000000
-0.013000000000000	0.000000000000000
-0.012000000000000	0.000000000000000
-0.011000000000000	0.000000000000000
-0.010000000000000	0.265428621732666
-0.009000000000000	1.078723495677275
-0.008000000000000	1.164614539439687
-0.007000000000000	1.583480861011842
-0.006000000000000	5.022352351095865
-0.005000000000000	23.317285443834390
-0.004000000000000	32.374824131701637
-0.003000000000000	31.952966698001976
-0.002000000000000	25.713104180430104
-0.001000000000000	20.886350342223679
0.000000000000000	15.687357410144408
0.001000000000000	11.982658573637055
0.002000000000000	8.166223529627388
0.003000000000000	8.002223456901735
0.004000000000000	13.130840787673769
0.005000000000000	9.125386975770883
0.006000000000000	4.426444494732021
0.007000000000000	2.561373674829590
0.008000000000000	2.853273041181091
0.009000000000000	2.426230533896441
0.010000000000000	1.557139262004606
0.011000000000000	1.797292587444451
0.012000000000000	2.534921759180155
0.013000000000000	1.257497326505944
0.014000000000000	1.433419220669430
0.015000000000000	1.527988079492366
0.016000000000000	1.733527686584775
0.017000000000000	1.167867010776084
0.018000000000000	1.688676470682951
0.019000000000000	1.128435247215887
0.020000000000000	0.591199449049215
0.021000000000000	0.007964318150321
0.022000000000000	0.000000000000000
0.023000000000000	0.000000000000000
0.024000000000000	0.000000000000000
0.025000000000000	0.000000000000000
