-0.025000000000000	0.000000000000000
-0.024000000000000	0.000000000000000
-0.023000000000000	0.000000000000000
-0.022000000000000	0.000000000000000
-0.021000000000000	0.000000000000000
-0.020000000000000	0.000000000000000
-0.019000000000000	0.000000000000000
-0.018000000000000	0.000000000000000
-0.017000000000000	0.000000000000000
-0.016000000000000	0.000000000000000
-0.015000000000000	0.000000000000000
-0.014000000000000	0.000000000000000
-0.013000000000000	0.000000000000000
-0.012000000000000	0.000000000000000
-0.011000000000000	0.000000000000000
-0.010000000000000	0.221853808873852
-0.009000000000000	1.269661254104631
-0.008000000000000	0.920176501924640
-0.007000000000000	2.967119250801173
-0.006000000000000	11.396462002256637
-0.005000000000000	27.831829801611473
-0.004000000000000	32.387740773936827
-0.003000000000000	31.800799285800199
-0.002000000000000	25.952269054198936
-0.001000000000000	17.154403132912371
0.000000000000000	10.833055528237201
0.001000000000000	7.708764939606031
0.002000000000000	7.743378229677259
0.003000000000000	10.699072437818113
0.004000000000000	16.207425968512588
0.005000000000000	8.358884921008793
0.006000000000000	5.391769263585973
0.007000000000000	4.523053221775154
0.008000000000000	3.915649604608828
0.009000000000000	3.052324410449667
0.010000000000000	3.314357660126776
0.011000000000000	2.744254474412342
0.012000000000000	1.586524440623049
0.013000000000000	1.624470962511076
0.014000000000000	1.590387621318232
0.015000000000000	1.951929623504239
0.016000000000000	1.062634650104113
0.017000000000000	1.436215348636937
0.018000000000000	1.600366056950769
0.019000000000000	1.076786521262647
0.020000000000000	0.521536814324213
0.021000000000000	0.027358871986426
0.022000000000000	0.000000000000000
0.023000000000000	0.000000000000000
0.024000000000000	0.000000000000000
0.025000000000000	0.000000000000000
