-0.025000000000000	0.000000000000000
-0.024000000000000	0.000000000000000
-0.023000000000000	0.000000000000000
-0.022000000000000	0.000000000000000
-0.021000000000000	0.000000000000000
-0.020000000000000	0.000000000000000
-0.019000000000000	0.000000000000000
-0.018000000000000	0.000000000000000
-0.017000000000000	0.000000000000000
-0.016000000000000	0.000000000000000
-0.015000000000000	0.000000000000000
-0.014000000000000	0.000000000000000
-0.013000000000000	0.000000000000000
-0.012000000000000	0.000000000000000
-0.011000000000000	0.000000000000000
-0.010000000000000	0.000000000000000
-0.009000000000000	0.275597733678693
-0.008000000000000	4.879206046911110
-0.007000000000000	14.115365086527548
-0.006000000000000	16.340033618006217
-0.005000000000000	16.040852413449414
-0.004000000000000	22.430570867139984
-0.003000000000000	26.170777576252863
-0.002000000000000	29.561815834247749
-0.001000000000000	24.795590971211656
0.000000000000000	22.517772790971673
0.001000000000000	16.856420421127034
0.002000000000000	8.302608172373324
0.003000000000000	7.998227428388080
0.004000000000000	7.007290405182783
0.005000000000000	7.801079203572821
0.006000000000000	6.653107975474748
0.007000000000000	3.840387109920288
0.008000000000000	3.666814385892437
0.009000000000000	3.825500631257261
0.010000000000000	3.788002221508878
0.011000000000000	3.808717089670670
0.012000000000000	2.773499109993355
0.013000000000000	3.877602683709550
0.014000000000000	6.384436539248509
0.015000000000000	2.575276147191512
0.016000000000000	0.683753977531436
0.017000000000000	0.609512437422984
0.018000000000000	0.163294123944587
0.019000000000000	0.000000000000000
0.020000000000000	0.000000000000000
0.021000000000000	0.000000000000000
0.022000000000000	0.000000000000000
0.023000000000000	0.000000000000000
0.024000000000000	0.000000000000000
0.025000000000000	0.000000000000000
