-0.025000000000000	0.000000000000000
-0.024000000000000	0.000000000000000
-0.023000000000000	0.000000000000000
-0.022000000000000	0.000000000000000
-0.021000000000000	0.000000000000000
-0.020000000000000	0.000000000000000
-0.019000000000000	0.000000000000000
-0.018000000000000	0.000000000000000
-0.017000000000000	0.000000000000000
-0.016000000000000	0.000000000000000
-0.015000000000000	0.000000000000000
-0.014000000000000	0.000000000000000
-0.013000000000000	0.000000000000000
-0.012000000000000	0.000000000000000
-0.011000000000000	0.047201283018575
-0.010000000000000	1.015232555765160
-0.009000000000000	1.265450411568851
-0.008000000000000	1.796174879639159
-0.007000000000000	4.124236315912992
-0.006000000000000	5.562240003848406
-0.005000000000000	11.763032716042808
-0.004000000000000	24.445550792467373
-0.003000000000000	33.011664164317679
-0.002000000000000	30.686214737089596
-0.001000000000000	28.318939864432995
0.000000000000000	27.434457959679143
0.001000000000000	20.363833930651399
0.002000000000000	17.321380484081836
0.003000000000000	7.093483819742686
0.004000000000000	3.057439556290899
0.005000000000000	2.835519904021060
0.006000000000000	2.797162076360333
0.007000000000000	2.181225458179660
0.008000000000000	1.632858603882718
0.009000000000000	2.222869940961616
0.010000000000000	2.997305744812019
0.011000000000000	1.945580373247255
0.012000000000000	1.496292397924967
0.013000000000000	1.850333486194589
0.014000000000000	2.130181391544832
0.015000000000000	2.728277734177750
0.016000000000000	5.167223697572900
0.017000000000000	1.411105998368333
0.018000000000000	0.412733708049473
0.019000000000000	0.000000000000000
0.020000000000000	0.000000000000000
0.021000000000000	0.000000000000000
0.022000000000000	0.000000000000000
0.023000000000000	0.000000000000000
0.024000000000000	0.000000000000000
0.025000000000000	0.000000000000000
