-0.025000000000000	0.000000000000000
-0.024000000000000	0.000000000000000
-0.023000000000000	0.000000000000000
-0.022000000000000	0.000000000000000
-0.021000000000000	0.000000000000000
-0.020000000000000	0.000000000000000
-0.019000000000000	0.000000000000000
-0.018000000000000	0.000000000000000
-0.017000000000000	0.000000000000000
-0.016000000000000	0.670987780637949
-0.015000000000000	1.224261847782301
-0.014000000000000	0.942432056356308
-0.013000000000000	1.070011597812794
-0.012000000000000	1.647288526976514
-0.011000000000000	1.055195811453249
-0.010000000000000	1.486676599689830
-0.009000000000000	1.455742282280017
-0.008000000000000	1.762622233737448
-0.007000000000000	1.903920278339885
-0.006000000000000	5.137505620837874
-0.005000000000000	10.755218337720255
-0.004000000000000	17.271101288774524
-0.003000000000000	27.589065852909737
-0.002000000000000	34.912383773942310
-0.001000000000000	30.546300692760738
0.000000000000000	27.081919596753920
0.001000000000000	19.890505543187597
0.002000000000000	17.975783096386820
0.003000000000000	9.361981520900278
0.004000000000000	4.175817847148489
0.005000000000000	3.896325686645374
0.006000000000000	4.707193906878167
0.007000000000000	4.080796251608000
0.008000000000000	3.082492585705527
0.009000000000000	3.552060623361731
0.010000000000000	3.528805886527254
0.011000000000000	2.686441876724055
0.012000000000000	2.592965195956371
0.013000000000000	2.677384373444704
0.014000000000000	2.703076535905701
0.015000000000000	2.013525329248449
0.016000000000000	2.569744755914800
0.017000000000000	0.473594018314835
0.018000000000000	0.000000000000000
0.019000000000000	0.000000000000000
0.020000000000000	0.000000000000000
0.021000000000000	0.000000000000000
0.022000000000000	0.000000000000000
0.023000000000000	0.000000000000000
0.024000000000000	0.000000000000000
0.025000000000000	0.000000000000000
