-0.025000000000000	0.000000000000000
-0.024000000000000	0.000000000000000
-0.023000000000000	0.000000000000000
-0.022000000000000	0.000000000000000
-0.021000000000000	0.000000000000000
-0.020000000000000	0.000000000000000
-0.019000000000000	0.000000000000000
-0.018000000000000	0.000000000000000
-0.017000000000000	0.000000000000000
-0.016000000000000	0.000000000000000
-0.015000000000000	0.000000000000000
-0.014000000000000	0.000000000000000
-0.013000000000000	0.000000000000000
-0.012000000000000	0.000000000000000
-0.011000000000000	0.000000000000000
-0.010000000000000	0.000000000000000
-0.009000000000000	0.326018608787636
-0.008000000000000	2.099025748332682
-0.007000000000000	4.777667982467728
-0.006000000000000	8.102021639080160
-0.005000000000000	12.455072958678755
-0.004000000000000	18.994407598434162
-0.003000000000000	25.398047863220786
-0.002000000000000	32.879202536661694
-0.001000000000000	29.888885290025275
0.000000000000000	28.266584051686220
0.001000000000000	28.326984081649407
0.002000000000000	18.567982379137511
0.003000000000000	14.229754018747892
0.004000000000000	9.855566030288861
0.005000000000000	4.761120185488876
0.006000000000000	4.063326623813243
0.007000000000000	3.044892417262865
0.008000000000000	2.625596784170991
0.009000000000000	3.223754361570481
0.010000000000000	1.579446598905800
0.011000000000000	1.311584144576103
0.012000000000000	1.618259721481002
0.013000000000000	1.209288354843339
0.014000000000000	1.778435694726027
0.015000000000000	1.011969583536577
0.016000000000000	0.498221987112510
0.017000000000000	1.201742009790952
0.018000000000000	0.547870898203177
0.019000000000000	0.128375022103597
0.020000000000000	0.000000000000000
0.021000000000000	0.000000000000000
0.022000000000000	0.000000000000000
0.023000000000000	0.000000000000000
0.024000000000000	0.000000000000000
0.025000000000000	0.000000000000000
