-0.025000000000000	0.000000000000000
-0.024000000000000	0.000000000000000
-0.023000000000000	0.000000000000000
-0.022000000000000	0.000000000000000
-0.021000000000000	0.000000000000000
-0.020000000000000	0.000000000000000
-0.019000000000000	0.000000000000000
-0.018000000000000	0.000000000000000
-0.017000000000000	0.000000000000000
-0.016000000000000	0.000000000000000
-0.015000000000000	0.000000000000000
-0.014000000000000	0.000000000000000
-0.013000000000000	0.000000000000000
-0.012000000000000	0.000000000000000
-0.011000000000000	0.000000000000000
-0.010000000000000	0.000000000000000
-0.009000000000000	0.000000000000000
-0.008000000000000	0.000000000000000
-0.007000000000000	0.140200539771683
-0.006000000000000	6.627114333375747
-0.005000000000000	15.718871923268141
-0.004000000000000	22.018331609750888
-0.003000000000000	25.329539828318634
-0.002000000000000	27.093466449811658
-0.001000000000000	25.305988033536782
0.000000000000000	30.329261903864104
0.001000000000000	25.177027689861749
0.002000000000000	12.230427036905782
0.003000000000000	12.083185024304674
0.004000000000000	12.559992073984789
0.005000000000000	14.625162146181836
0.006000000000000	12.376987604342446
0.007000000000000	0.599169492072553
0.008000000000000	0.843591832946257
0.009000000000000	0.783720662178979
0.010000000000000	1.029653339944569
0.011000000000000	0.532742959168282
0.012000000000000	0.095662797608568
0.013000000000000	0.437416584113094
0.014000000000000	0.745283772370627
0.015000000000000	0.572484084052942
0.016000000000000	0.163781110610739
0.017000000000000	0.453742428804336
0.018000000000000	0.365163721253463
0.019000000000000	0.030618992773979
0.020000000000000	0.000000000000000
0.021000000000000	0.000000000000000
0.022000000000000	0.000000000000000
0.023000000000000	0.000000000000000
0.024000000000000	0.000000000000000
0.025000000000000	0.000000000000000
