-0.025000000000000	0.000000000000000
-0.024000000000000	0.000000000000000
-0.023000000000000	0.000000000000000
-0.022000000000000	0.000000000000000
-0.021000000000000	0.000000000000000
-0.020000000000000	0.000000000000000
-0.019000000000000	0.000000000000000
-0.018000000000000	0.000000000000000
-0.017000000000000	0.000000000000000
-0.016000000000000	0.000000000000000
-0.015000000000000	0.000000000000000
-0.014000000000000	0.000000000000000
-0.013000000000000	0.000000000000000
-0.012000000000000	0.000000000000000
-0.011000000000000	0.438302412566796
-0.010000000000000	3.846573521388087
-0.009000000000000	4.983982010277732
-0.008000000000000	8.515532875873991
-0.007000000000000	8.048151616975289
-0.006000000000000	10.922049957216519
-0.005000000000000	12.231662269836056
-0.004000000000000	23.231788854533242
-0.003000000000000	32.351618839904290
-0.002000000000000	27.451396834609326
-0.001000000000000	25.888633266214729
0.000000000000000	24.451215875161079
0.001000000000000	17.237962566932964
0.002000000000000	7.376008885309730
0.003000000000000	6.874835073342719
0.004000000000000	6.760134790764972
0.005000000000000	4.465272548500789
0.006000000000000	5.738704030253809
0.007000000000000	4.867790981830561
0.008000000000000	5.923317738794144
0.009000000000000	4.400847525566310
0.010000000000000	5.830182935454875
0.011000000000000	3.935285533222880
0.012000000000000	5.249819333038140
0.013000000000000	5.620432678478867
0.014000000000000	5.246124096893316
0.015000000000000	2.349205592440593
0.016000000000000	0.511866596924176
0.017000000000000	0.000000000000000
0.018000000000000	0.000000000000000
0.019000000000000	0.000000000000000
0.020000000000000	0.000000000000000
0.021000000000000	0.000000000000000
0.022000000000000	0.000000000000000
0.023000000000000	0.000000000000000
0.024000000000000	0.000000000000000
0.025000000000000	0.000000000000000
