-0.025000000000000	0.000000000000000
-0.024000000000000	0.000000000000000
-0.023000000000000	0.000000000000000
-0.022000000000000	0.000000000000000
-0.021000000000000	0.000000000000000
-0.020000000000000	0.000000000000000
-0.019000000000000	0.000000000000000
-0.018000000000000	0.122421885210116
-0.017000000000000	0.696481860082457
-0.016000000000000	0.720841834267745
-0.015000000000000	0.662200804987755
-0.014000000000000	1.230971371968340
-0.013000000000000	2.565006502344406
-0.012000000000000	3.257372157890378
-0.011000000000000	3.850886290237404
-0.010000000000000	7.565463673237950
-0.009000000000000	8.982160105040018
-0.008000000000000	11.450391662270437
-0.007000000000000	11.606383352276236
-0.006000000000000	15.322604411659903
-0.005000000000000	14.353716215178929
-0.004000000000000	14.053996278245071
-0.003000000000000	12.444572725691753
-0.002000000000000	13.690333493399823
-0.001000000000000	16.748889398334750
0.000000000000000	16.823141594139845
0.001000000000000	14.127836730286210
0.002000000000000	10.220513515065010
0.003000000000000	8.946207875784145
0.004000000000000	8.757192850005364
0.005000000000000	9.291772474515177
0.006000000000000	8.879905759375029
0.007000000000000	6.296352910360470
0.008000000000000	6.642148776799963
0.009000000000000	6.419343967062032
0.010000000000000	5.847685768078880
0.011000000000000	6.328389414333303
0.012000000000000	5.295003453756843
0.013000000000000	5.188108358331778
0.014000000000000	4.480685022105107
0.015000000000000	5.410242421867610
0.016000000000000	1.482387815363122
0.017000000000000	0.627143018223360
0.018000000000000	0.469593256028630
0.019000000000000	0.000000000000000
0.020000000000000	0.000000000000000
0.021000000000000	0.000000000000000
0.022000000000000	0.000000000000000
0.023000000000000	0.000000000000000
0.024000000000000	0.000000000000000
0.025000000000000	0.000000000000000
