-0.025000000000000	0.000000000000000
-0.024000000000000	0.000000000000000
-0.023000000000000	0.000000000000000
-0.022000000000000	0.000000000000000
-0.021000000000000	0.000000000000000
-0.020000000000000	0.000000000000000
-0.019000000000000	0.000000000000000
-0.018000000000000	0.000000000000000
-0.017000000000000	0.000000000000000
-0.016000000000000	0.000000000000000
-0.015000000000000	0.000000000000000
-0.014000000000000	0.000000000000000
-0.013000000000000	0.000000000000000
-0.012000000000000	0.000000000000000
-0.011000000000000	0.202456438465639
-0.010000000000000	1.344329806942064
-0.009000000000000	1.556827181669543
-0.008000000000000	1.962236230540344
-0.007000000000000	4.908405330649336
-0.006000000000000	9.850732881384506
-0.005000000000000	15.420624815910404
-0.004000000000000	25.763809887605493
-0.003000000000000	20.979071232098399
-0.002000000000000	19.267314064049238
-0.001000000000000	19.286095613254968
0.000000000000000	22.656505815005939
0.001000000000000	19.604492436457317
0.002000000000000	12.946699593496980
0.003000000000000	12.614888189076964
0.004000000000000	13.427308052544305
0.005000000000000	6.395376565698220
0.006000000000000	3.954998998908192
0.007000000000000	4.336538014616437
0.008000000000000	2.302928295433594
0.009000000000000	1.978581707931569
0.010000000000000	1.673673512599139
0.011000000000000	1.458213323094967
0.012000000000000	1.523537104222292
0.013000000000000	1.676292578351600
0.014000000000000	1.257528964252693
0.015000000000000	1.540136405474957
0.016000000000000	0.988876073694645
0.017000000000000	1.208513994640227
0.018000000000000	1.252369634526269
0.019000000000000	0.387165367976365
0.020000000000000	0.164818999876708
0.021000000000000	0.000000000000000
0.022000000000000	0.000000000000000
0.023000000000000	0.000000000000000
0.024000000000000	0.000000000000000
0.025000000000000	0.000000000000000
