-0.025000000000000	0.000000000000000
-0.024000000000000	0.000000000000000
-0.023000000000000	0.000000000000000
-0.022000000000000	0.000000000000000
-0.021000000000000	0.000000000000000
-0.020000000000000	0.000000000000000
-0.019000000000000	0.000000000000000
-0.018000000000000	0.000000000000000
-0.017000000000000	0.000000000000000
-0.016000000000000	0.563462215167992
-0.015000000000000	1.666546970721044
-0.014000000000000	2.346744081309503
-0.013000000000000	2.420186085836275
-0.012000000000000	1.563583890207662
-0.011000000000000	3.359623223714425
-0.010000000000000	5.145210639553425
-0.009000000000000	5.170293041659973
-0.008000000000000	6.872696354260114
-0.007000000000000	8.657749521841495
-0.006000000000000	11.249096581415275
-0.005000000000000	15.794768703107893
-0.004000000000000	15.983106317393794
-0.003000000000000	14.477541599124699
-0.002000000000000	14.774895338256222
-0.001000000000000	13.160433298598175
0.000000000000000	12.266720939898251
0.001000000000000	10.669211714699538
0.002000000000000	12.446643916896301
0.003000000000000	13.927804009326460
0.004000000000000	14.339678069303119
0.005000000000000	12.305867014689600
0.006000000000000	13.258851293181722
0.007000000000000	11.951863230778885
0.008000000000000	3.136431507385891
0.009000000000000	1.714674928173283
0.010000000000000	1.782800577422238
0.011000000000000	1.722475128613648
0.012000000000000	1.856750570344656
0.013000000000000	1.854897114791091
0.014000000000000	1.484826899339197
0.015000000000000	4.200310413203509
0.016000000000000	4.200366276812462
0.017000000000000	1.539235066093519
0.018000000000000	0.169574582816492
0.019000000000000	0.000000000000000
0.020000000000000	0.000000000000000
0.021000000000000	0.000000000000000
0.022000000000000	0.000000000000000
0.023000000000000	0.000000000000000
0.024000000000000	0.000000000000000
0.025000000000000	0.000000000000000
