-0.025000000000000	0.000000000000000
-0.024000000000000	0.000000000000000
-0.023000000000000	0.000000000000000
-0.022000000000000	0.000000000000000
-0.021000000000000	0.000000000000000
-0.020000000000000	0.000000000000000
-0.019000000000000	0.000000000000000
-0.018000000000000	0.382374730796555
-0.017000000000000	1.160178851558106
-0.016000000000000	0.949592245345863
-0.015000000000000	1.063445593376351
-0.014000000000000	1.555701303653142
-0.013000000000000	1.220466563949971
-0.012000000000000	1.561008931913582
-0.011000000000000	3.376863667426210
-0.010000000000000	5.498847100039409
-0.009000000000000	5.858203424838152
-0.008000000000000	5.282347512263793
-0.007000000000000	6.365616874464285
-0.006000000000000	6.453894720513170
-0.005000000000000	9.324025192353899
-0.004000000000000	10.340030950102326
-0.003000000000000	13.588200323133448
-0.002000000000000	12.388275548162799
-0.001000000000000	12.216089514340078
0.000000000000000	11.122205035844255
0.001000000000000	9.111599523141141
0.002000000000000	7.813530685515729
0.003000000000000	8.980333732004949
0.004000000000000	11.009878226673189
0.005000000000000	11.573310037962333
0.006000000000000	13.033066932519921
0.007000000000000	13.245203280189825
0.008000000000000	5.872638204320899
0.009000000000000	4.035748953907811
0.010000000000000	2.227590990338776
0.011000000000000	2.133540339628239
0.012000000000000	3.291146794244207
0.013000000000000	1.479543117614975
0.014000000000000	0.642258700440956
0.015000000000000	0.642706691694211
0.016000000000000	0.572100021903131
0.017000000000000	0.415703881008285
0.018000000000000	0.021219807579675
0.019000000000000	0.000000000000000
0.020000000000000	0.000000000000000
0.021000000000000	0.000000000000000
0.022000000000000	0.000000000000000
0.023000000000000	0.000000000000000
0.024000000000000	0.000000000000000
0.025000000000000	0.000000000000000
