-0.025000000000000	0.000000000000000
-0.024000000000000	0.000000000000000
-0.023000000000000	0.000000000000000
-0.022000000000000	0.000000000000000
-0.021000000000000	0.000000000000000
-0.020000000000000	0.000000000000000
-0.019000000000000	0.000000000000000
-0.018000000000000	0.000000000000000
-0.017000000000000	0.000000000000000
-0.016000000000000	0.000000000000000
-0.015000000000000	0.000000000000000
-0.014000000000000	0.024381821575267
-0.013000000000000	0.840308971174843
-0.012000000000000	1.140561594574689
-0.011000000000000	1.503643099149761
-0.010000000000000	2.918183178017904
-0.009000000000000	3.492488250554724
-0.008000000000000	3.650008795098131
-0.007000000000000	5.470732236761027
-0.006000000000000	5.878503052960832
-0.005000000000000	8.783264662733005
-0.004000000000000	13.432503244588430
-0.003000000000000	13.357697158723644
-0.002000000000000	11.214418050224261
-0.001000000000000	10.756757140321069
0.000000000000000	12.958382820729925
0.001000000000000	7.606526286508206
0.002000000000000	4.784277029619881
0.003000000000000	4.567512167058428
0.004000000000000	3.437162295237851
0.005000000000000	2.332310232842263
0.006000000000000	3.330174410510883
0.007000000000000	3.700620709304180
0.008000000000000	2.134845577876080
0.009000000000000	2.423087720610343
0.010000000000000	1.300766732040661
0.011000000000000	1.998126722019034
0.012000000000000	0.948628686489135
0.013000000000000	0.704539628624813
0.014000000000000	1.591696074438548
0.015000000000000	1.939782815902238
0.016000000000000	0.599510434981877
0.017000000000000	1.495732471980874
0.018000000000000	0.504631098833567
0.019000000000000	1.580339239414489
0.020000000000000	1.125544195964031
0.021000000000000	0.944856523031420
0.022000000000000	0.536113565701487
0.023000000000000	0.000000000000000
0.024000000000000	0.000000000000000
0.025000000000000	0.000000000000000
