-0.025000000000000	0.000000000000000
-0.024000000000000	0.000000000000000
-0.023000000000000	0.000000000000000
-0.022000000000000	0.000000000000000
-0.021000000000000	0.000000000000000
-0.020000000000000	0.000000000000000
-0.019000000000000	0.000000000000000
-0.018000000000000	0.000000000000000
-0.017000000000000	0.000000000000000
-0.016000000000000	0.000000000000000
-0.015000000000000	0.000000000000000
-0.014000000000000	0.000000000000000
-0.013000000000000	0.000000000000000
-0.012000000000000	0.000000000000000
-0.011000000000000	0.000000000000000
-0.010000000000000	0.215499652388467
-0.009000000000000	1.103742287143964
-0.008000000000000	1.050253888698326
-0.007000000000000	1.323173722547960
-0.006000000000000	2.562393413498588
-0.005000000000000	7.004987101024647
-0.004000000000000	15.736881972320596
-0.003000000000000	29.503500404805347
-0.002000000000000	28.361761713108397
-0.001000000000000	26.239161380370355
0.000000000000000	23.575285790830286
0.001000000000000	20.190205543566606
0.002000000000000	8.310778078747619
0.003000000000000	8.597021118765481
0.004000000000000	8.098557059375898
0.005000000000000	9.020418167530289
0.006000000000000	12.108967267765674
0.007000000000000	6.895195783349006
0.008000000000000	1.231366379829195
0.009000000000000	0.646981331498067
0.010000000000000	0.594932027463698
0.011000000000000	0.676128543500024
0.012000000000000	0.774880786771890
0.013000000000000	0.673926997309741
0.014000000000000	0.441552570293581
0.015000000000000	0.078011068841603
0.016000000000000	0.000000000000000
0.017000000000000	0.000000000000000
0.018000000000000	0.000000000000000
0.019000000000000	0.000000000000000
0.020000000000000	0.000000000000000
0.021000000000000	0.000000000000000
0.022000000000000	0.000000000000000
0.023000000000000	0.000000000000000
0.024000000000000	0.000000000000000
0.025000000000000	0.000000000000000
