-0.025000000000000	0.000000000000000
-0.024000000000000	0.000000000000000
-0.023000000000000	0.000000000000000
-0.022000000000000	0.000000000000000
-0.021000000000000	0.000000000000000
-0.020000000000000	0.000000000000000
-0.019000000000000	0.000000000000000
-0.018000000000000	0.000000000000000
-0.017000000000000	0.000000000000000
-0.016000000000000	0.000000000000000
-0.015000000000000	0.000000000000000
-0.014000000000000	0.000000000000000
-0.013000000000000	0.000000000000000
-0.012000000000000	0.000000000000000
-0.011000000000000	0.000000000000000
-0.010000000000000	0.000000000000000
-0.009000000000000	0.000000000000000
-0.008000000000000	1.154134484731449
-0.007000000000000	4.229803998226440
-0.006000000000000	13.124232537265199
-0.005000000000000	22.292708990375321
-0.004000000000000	30.201762225774573
-0.003000000000000	27.391930035824686
-0.002000000000000	26.954319172996644
-0.001000000000000	28.694362524743877
0.000000000000000	26.570641020930481
0.001000000000000	18.967417212929124
0.002000000000000	12.675066610102375
0.003000000000000	7.728383041748572
0.004000000000000	9.120433898865560
0.005000000000000	7.519538815409981
0.006000000000000	4.955339718464161
0.007000000000000	4.038541303853159
0.008000000000000	1.944321504245526
0.009000000000000	2.082157422406573
0.010000000000000	1.402415166637369
0.011000000000000	1.841454038746334
0.012000000000000	1.941415777682374
0.013000000000000	2.007572507163160
0.014000000000000	2.268072582141802
0.015000000000000	5.548576927037347
0.016000000000000	3.451796253451535
0.017000000000000	1.576144520843619
0.018000000000000	0.039026542839665
0.019000000000000	0.000000000000000
0.020000000000000	0.000000000000000
0.021000000000000	0.000000000000000
0.022000000000000	0.000000000000000
0.023000000000000	0.000000000000000
0.024000000000000	0.000000000000000
0.025000000000000	0.000000000000000
