-0.025000000000000	0.000000000000000
-0.024000000000000	0.000000000000000
-0.023000000000000	0.000000000000000
-0.022000000000000	0.000000000000000
-0.021000000000000	0.000000000000000
-0.020000000000000	0.000000000000000
-0.019000000000000	0.000000000000000
-0.018000000000000	0.000000000000000
-0.017000000000000	0.000000000000000
-0.016000000000000	0.000000000000000
-0.015000000000000	0.000000000000000
-0.014000000000000	0.000000000000000
-0.013000000000000	0.000000000000000
-0.012000000000000	0.000000000000000
-0.011000000000000	0.087765704811215
-0.010000000000000	1.082992502662220
-0.009000000000000	1.179400155562984
-0.008000000000000	1.207725244702134
-0.007000000000000	1.122064832842222
-0.006000000000000	4.933878567695989
-0.005000000000000	8.832484837976757
-0.004000000000000	13.709014729574855
-0.003000000000000	24.333864438488558
-0.002000000000000	26.901511446508902
-0.001000000000000	22.485046850915538
0.000000000000000	17.777137048491181
0.001000000000000	16.328371042806424
0.002000000000000	11.129390933967779
0.003000000000000	8.790653797188860
0.004000000000000	8.843472705421226
0.005000000000000	11.053357261348975
0.006000000000000	12.446265248602991
0.007000000000000	2.676084950434172
0.008000000000000	0.924779826316934
0.009000000000000	0.747827664667824
0.010000000000000	0.930361243235294
0.011000000000000	0.737903438511982
0.012000000000000	0.496136465957908
0.013000000000000	0.480559215060683
0.014000000000000	0.433396449839552
0.015000000000000	0.840207262465504
0.016000000000000	0.175164649373886
0.017000000000000	0.302451590972792
0.018000000000000	0.000000000000000
0.019000000000000	0.000000000000000
0.020000000000000	0.000000000000000
0.021000000000000	0.000000000000000
0.022000000000000	0.000000000000000
0.023000000000000	0.000000000000000
0.024000000000000	0.000000000000000
0.025000000000000	0.000000000000000
