-0.025000000000000	0.000000000000000
-0.024000000000000	0.000000000000000
-0.023000000000000	0.000000000000000
-0.022000000000000	0.000000000000000
-0.021000000000000	0.000000000000000
-0.020000000000000	0.000000000000000
-0.019000000000000	0.000000000000000
-0.018000000000000	0.000000000000000
-0.017000000000000	0.000000000000000
-0.016000000000000	0.000000000000000
-0.015000000000000	0.000000000000000
-0.014000000000000	0.000000000000000
-0.013000000000000	0.000000000000000
-0.012000000000000	0.000000000000000
-0.011000000000000	0.000000000000000
-0.010000000000000	0.000000000000000
-0.009000000000000	0.000000000000000
-0.008000000000000	0.075225357046611
-0.007000000000000	6.045476815936897
-0.006000000000000	13.586761346987670
-0.005000000000000	18.716631168688007
-0.004000000000000	21.437738606933042
-0.003000000000000	23.487509597128916
-0.002000000000000	24.116704497523827
-0.001000000000000	21.319748739122197
0.000000000000000	25.850657729440165
0.001000000000000	14.604460308416108
0.002000000000000	7.432278702498847
0.003000000000000	6.902195107363522
0.004000000000000	6.269811722377633
0.005000000000000	5.997376820810926
0.006000000000000	6.728621710119699
0.007000000000000	6.455101416770502
0.008000000000000	3.751788702165218
0.009000000000000	2.180871574878983
0.010000000000000	2.885282618577586
0.011000000000000	3.515715037827348
0.012000000000000	5.076891025350108
0.013000000000000	2.489565440783442
0.014000000000000	0.962329946638927
0.015000000000000	0.502297201880468
0.016000000000000	0.613624562352671
0.017000000000000	0.458965644816248
0.018000000000000	0.214193403195858
0.019000000000000	0.000000000000000
0.020000000000000	0.000000000000000
0.021000000000000	0.000000000000000
0.022000000000000	0.000000000000000
0.023000000000000	0.000000000000000
0.024000000000000	0.000000000000000
0.025000000000000	0.000000000000000
