-0.025000000000000	0.000000000000000
-0.024000000000000	0.000000000000000
-0.023000000000000	0.000000000000000
-0.022000000000000	0.000000000000000
-0.021000000000000	0.000000000000000
-0.020000000000000	0.000000000000000
-0.019000000000000	0.000000000000000
-0.018000000000000	0.000000000000000
-0.017000000000000	0.000000000000000
-0.016000000000000	0.000000000000000
-0.015000000000000	0.000000000000000
-0.014000000000000	0.000000000000000
-0.013000000000000	0.000000000000000
-0.012000000000000	0.000000000000000
-0.011000000000000	0.000000000000000
-0.010000000000000	0.000000000000000
-0.009000000000000	0.723139260089572
-0.008000000000000	5.429681025933780
-0.007000000000000	5.950285343578588
-0.006000000000000	5.386829869003479
-0.005000000000000	15.585652703094624
-0.004000000000000	24.740427263617409
-0.003000000000000	23.940986067341136
-0.002000000000000	25.402309594763313
-0.001000000000000	22.055185288101640
0.000000000000000	20.912120290657224
0.001000000000000	11.421912857973258
0.002000000000000	7.263201900124812
0.003000000000000	7.474230343154021
0.004000000000000	8.892124496053661
0.005000000000000	5.036489304635607
0.006000000000000	3.562677769453049
0.007000000000000	4.950828036171147
0.008000000000000	4.313753408185781
0.009000000000000	4.792095573369688
0.010000000000000	4.736165526051471
0.011000000000000	4.077232086935272
0.012000000000000	3.249627870966917
0.013000000000000	2.032617510571155
0.014000000000000	1.542484587388625
0.015000000000000	0.589887097846137
0.016000000000000	0.305947180006609
0.017000000000000	0.471753807017666
0.018000000000000	0.078855368573964
0.019000000000000	0.000000000000000
0.020000000000000	0.000000000000000
0.021000000000000	0.000000000000000
0.022000000000000	0.000000000000000
0.023000000000000	0.000000000000000
0.024000000000000	0.000000000000000
0.025000000000000	0.000000000000000
