-0.025000000000000	0.000000000000000
-0.024000000000000	0.000000000000000
-0.023000000000000	0.000000000000000
-0.022000000000000	0.000000000000000
-0.021000000000000	0.000000000000000
-0.020000000000000	0.000000000000000
-0.019000000000000	0.000000000000000
-0.018000000000000	0.000000000000000
-0.017000000000000	0.000000000000000
-0.016000000000000	0.000000000000000
-0.015000000000000	0.000000000000000
-0.014000000000000	0.033429771892097
-0.013000000000000	0.930504876933727
-0.012000000000000	1.994268912844835
-0.011000000000000	2.326177572746562
-0.010000000000000	2.364717599582223
-0.009000000000000	5.383296807941880
-0.008000000000000	4.634865415351207
-0.007000000000000	4.222299401325229
-0.006000000000000	5.180498763942568
-0.005000000000000	5.973688042178438
-0.004000000000000	9.342538447681335
-0.003000000000000	18.999680459906152
-0.002000000000000	28.178664102663525
-0.001000000000000	28.518103482112114
0.000000000000000	25.017209262838502
0.001000000000000	16.177860586846823
0.002000000000000	11.703856393238327
0.003000000000000	5.104257268370884
0.004000000000000	4.879606934067766
0.005000000000000	2.773276832466583
0.006000000000000	3.496236881295366
0.007000000000000	2.901828241472515
0.008000000000000	3.720153179563384
0.009000000000000	2.826927342793391
0.010000000000000	3.185485579263852
0.011000000000000	2.161380389903855
0.012000000000000	3.150460215801061
0.013000000000000	1.618304184654163
0.014000000000000	0.445023456957786
0.015000000000000	0.746376271319564
0.016000000000000	2.015270801926434
0.017000000000000	1.368270855853877
0.018000000000000	1.266721876243182
0.019000000000000	0.363961477343085
0.020000000000000	1.140763088289418
0.021000000000000	0.634855983309614
0.022000000000000	0.190809336365392
0.023000000000000	0.000000000000000
0.024000000000000	0.000000000000000
0.025000000000000	0.000000000000000
