-0.025000000000000	0.000000000000000
-0.024000000000000	0.000000000000000
-0.023000000000000	0.000000000000000
-0.022000000000000	0.000000000000000
-0.021000000000000	0.000000000000000
-0.020000000000000	0.000000000000000
-0.019000000000000	0.000000000000000
-0.018000000000000	0.000000000000000
-0.017000000000000	0.000000000000000
-0.016000000000000	0.000000000000000
-0.015000000000000	0.000000000000000
-0.014000000000000	0.000000000000000
-0.013000000000000	0.774556808208179
-0.012000000000000	3.383723451993172
-0.011000000000000	4.142752551938547
-0.010000000000000	4.606436247808967
-0.009000000000000	4.579242148829629
-0.008000000000000	5.257267914991267
-0.007000000000000	4.894774481146725
-0.006000000000000	4.958622505858128
-0.005000000000000	10.255468379737799
-0.004000000000000	16.597059648527210
-0.003000000000000	23.078970653641274
-0.002000000000000	29.018882198211639
-0.001000000000000	21.395999022117859
0.000000000000000	20.253960375304931
0.001000000000000	13.370579127463031
0.002000000000000	13.055673171572831
0.003000000000000	12.348732092338039
0.004000000000000	8.491338774138876
0.005000000000000	6.895152535323909
0.006000000000000	5.405280056848365
0.007000000000000	5.905403545383002
0.008000000000000	5.433028655720258
0.009000000000000	4.950173736436153
0.010000000000000	4.358612688876019
0.011000000000000	3.213986944751257
0.012000000000000	4.061455391924810
0.013000000000000	2.433360779079097
0.014000000000000	1.660521058192549
0.015000000000000	0.755203130066310
0.016000000000000	1.237843718337978
0.017000000000000	1.279865175602160
0.018000000000000	0.709431427676359
0.019000000000000	0.040019375727859
0.020000000000000	0.000000000000000
0.021000000000000	0.000000000000000
0.022000000000000	0.000000000000000
0.023000000000000	0.000000000000000
0.024000000000000	0.000000000000000
0.025000000000000	0.000000000000000
