-0.025000000000000	0.000000000000000
-0.024000000000000	0.000000000000000
-0.023000000000000	0.000000000000000
-0.022000000000000	0.000000000000000
-0.021000000000000	0.000000000000000
-0.020000000000000	0.000000000000000
-0.019000000000000	0.000000000000000
-0.018000000000000	0.000000000000000
-0.017000000000000	0.000000000000000
-0.016000000000000	0.000257742885534
-0.015000000000000	0.819627774489774
-0.014000000000000	1.027160723975905
-0.013000000000000	1.141013715864042
-0.012000000000000	0.587743829101175
-0.011000000000000	1.335644796891076
-0.010000000000000	1.009309014205698
-0.009000000000000	0.686260983071002
-0.008000000000000	2.440763182552888
-0.007000000000000	2.247769064108990
-0.006000000000000	3.416407120720133
-0.005000000000000	8.619752085782860
-0.004000000000000	18.583533107697576
-0.003000000000000	28.381508377229125
-0.002000000000000	45.239687715503607
-0.001000000000000	51.475691088798484
0.000000000000000	46.909114216502111
0.001000000000000	30.986882475974387
0.002000000000000	25.110269099271214
0.003000000000000	15.775313382756254
0.004000000000000	4.177379289107810
0.005000000000000	3.226160617798853
0.006000000000000	3.386799889348271
0.007000000000000	2.515263674744231
0.008000000000000	2.227458666719784
0.009000000000000	3.056040162552855
0.010000000000000	2.330619989869879
0.011000000000000	1.814113102440392
0.012000000000000	2.205180677111109
0.013000000000000	3.076451202120213
0.014000000000000	2.392430853896219
0.015000000000000	3.392517363926109
0.016000000000000	1.816610771321548
0.017000000000000	0.742609399924873
0.018000000000000	0.000000000000000
0.019000000000000	0.000000000000000
0.020000000000000	0.000000000000000
0.021000000000000	0.000000000000000
0.022000000000000	0.000000000000000
0.023000000000000	0.000000000000000
0.024000000000000	0.000000000000000
0.025000000000000	0.000000000000000
