-0.025000000000000	0.000000000000000
-0.024000000000000	0.000000000000000
-0.023000000000000	0.000000000000000
-0.022000000000000	0.000000000000000
-0.021000000000000	0.000000000000000
-0.020000000000000	0.000000000000000
-0.019000000000000	0.000000000000000
-0.018000000000000	0.000000000000000
-0.017000000000000	0.000000000000000
-0.016000000000000	0.000000000000000
-0.015000000000000	0.000000000000000
-0.014000000000000	0.000000000000000
-0.013000000000000	0.000000000000000
-0.012000000000000	0.000000000000000
-0.011000000000000	0.239073270931032
-0.010000000000000	2.288753841407964
-0.009000000000000	4.371721542788289
-0.008000000000000	5.146362346597668
-0.007000000000000	5.416566585558333
-0.006000000000000	7.107136618700324
-0.005000000000000	14.421552320289626
-0.004000000000000	25.970691395313267
-0.003000000000000	31.884273253754184
-0.002000000000000	29.354584535070497
-0.001000000000000	17.363163366781912
0.000000000000000	13.084727154589999
0.001000000000000	11.379291113336688
0.002000000000000	13.417094082256623
0.003000000000000	10.337928861138284
0.004000000000000	7.593195961136965
0.005000000000000	4.815011120505752
0.006000000000000	4.292312589018633
0.007000000000000	3.538509139432273
0.008000000000000	3.260280917807054
0.009000000000000	2.799063260963644
0.010000000000000	1.637663944545380
0.011000000000000	1.784178090176535
0.012000000000000	2.005943412191302
0.013000000000000	2.068726343031696
0.014000000000000	2.397076711867307
0.015000000000000	3.875437858353913
0.016000000000000	5.017929748083936
0.017000000000000	1.559897038657600
0.018000000000000	0.515210964775498
0.019000000000000	0.440682568655570
0.020000000000000	0.329160028217207
0.021000000000000	0.000000000000000
0.022000000000000	0.000000000000000
0.023000000000000	0.000000000000000
0.024000000000000	0.000000000000000
0.025000000000000	0.000000000000000
