-0.025000000000000	0.000000000000000
-0.024000000000000	0.000000000000000
-0.023000000000000	0.000000000000000
-0.022000000000000	0.000000000000000
-0.021000000000000	0.000000000000000
-0.020000000000000	0.000000000000000
-0.019000000000000	0.000000000000000
-0.018000000000000	0.000000000000000
-0.017000000000000	0.117292232527874
-0.016000000000000	1.048500377040312
-0.015000000000000	0.964712547098817
-0.014000000000000	1.038839069920001
-0.013000000000000	0.988862532425218
-0.012000000000000	0.729927751288249
-0.011000000000000	0.960760076224206
-0.010000000000000	1.562019380933950
-0.009000000000000	2.915767626835493
-0.008000000000000	5.101088763947504
-0.007000000000000	8.621479835269835
-0.006000000000000	11.883385566063232
-0.005000000000000	15.476648367158020
-0.004000000000000	19.788836213063426
-0.003000000000000	16.723639592715848
-0.002000000000000	15.980596380897923
-0.001000000000000	16.692656973307582
0.000000000000000	17.414693948858769
0.001000000000000	15.854815366525868
0.002000000000000	10.571531015692262
0.003000000000000	7.629100586080661
0.004000000000000	5.739158999370512
0.005000000000000	5.257797674735463
0.006000000000000	5.495868092776689
0.007000000000000	5.344584703198541
0.008000000000000	7.504853030668706
0.009000000000000	5.717076282086105
0.010000000000000	3.167837030032995
0.011000000000000	3.004506675217061
0.012000000000000	3.369642943631191
0.013000000000000	4.035944741391202
0.014000000000000	2.759167170559790
0.015000000000000	1.093137237778852
0.016000000000000	0.282187350696536
0.017000000000000	0.508347372210754
0.018000000000000	0.810248338423708
0.019000000000000	0.481224237414596
0.020000000000000	0.410003925747913
0.021000000000000	0.009609049290079
0.022000000000000	0.000000000000000
0.023000000000000	0.000000000000000
0.024000000000000	0.000000000000000
0.025000000000000	0.000000000000000
