-0.025000000000000	0.000000000000000
-0.024000000000000	0.000000000000000
-0.023000000000000	0.000000000000000
-0.022000000000000	0.000000000000000
-0.021000000000000	0.000000000000000
-0.020000000000000	0.000000000000000
-0.019000000000000	0.000000000000000
-0.018000000000000	0.000000000000000
-0.017000000000000	0.000000000000000
-0.016000000000000	0.000000000000000
-0.015000000000000	0.000000000000000
-0.014000000000000	0.000000000000000
-0.013000000000000	0.000000000000000
-0.012000000000000	0.000000000000000
-0.011000000000000	0.000000000000000
-0.010000000000000	0.000000000000000
-0.009000000000000	0.104298260113759
-0.008000000000000	1.200522245257321
-0.007000000000000	2.791040117723790
-0.006000000000000	5.237135351057128
-0.005000000000000	11.858290873089354
-0.004000000000000	31.090376952838906
-0.003000000000000	42.887307101315805
-0.002000000000000	34.288492160949062
-0.001000000000000	25.677182082404023
0.000000000000000	23.522370551935389
0.001000000000000	21.294921842395727
0.002000000000000	9.985301210064382
0.003000000000000	7.273743516176856
0.004000000000000	6.156667415870060
0.005000000000000	3.224336779396785
0.006000000000000	2.012711927610417
0.007000000000000	2.203063699096780
0.008000000000000	2.690677841955286
0.009000000000000	1.829121946171836
0.010000000000000	1.978355580628398
0.011000000000000	2.222097795823525
0.012000000000000	1.764233630680445
0.013000000000000	2.142267819151292
0.014000000000000	1.790143050811260
0.015000000000000	2.852416189051966
0.016000000000000	5.018161530622384
0.017000000000000	1.493814269161530
0.018000000000000	0.392832812268111
0.019000000000000	0.709746041890186
0.020000000000000	0.437864916229868
0.021000000000000	0.134906053040354
0.022000000000000	0.000000000000000
0.023000000000000	0.000000000000000
0.024000000000000	0.000000000000000
0.025000000000000	0.000000000000000
