-0.025000000000000	0.000000000000000
-0.024000000000000	0.000000000000000
-0.023000000000000	0.000000000000000
-0.022000000000000	0.000000000000000
-0.021000000000000	0.000000000000000
-0.020000000000000	0.000000000000000
-0.019000000000000	0.000000000000000
-0.018000000000000	0.000000000000000
-0.017000000000000	0.000000000000000
-0.016000000000000	0.454954804795086
-0.015000000000000	1.236121610021912
-0.014000000000000	1.290941109275353
-0.013000000000000	1.086530993737608
-0.012000000000000	1.338011524996384
-0.011000000000000	3.013754000998142
-0.010000000000000	4.219972176574066
-0.009000000000000	5.033077464164456
-0.008000000000000	5.173139972448609
-0.007000000000000	9.981891227614653
-0.006000000000000	14.181582998095379
-0.005000000000000	18.565316977500508
-0.004000000000000	20.849722262482018
-0.003000000000000	20.659593740160982
-0.002000000000000	22.599241766170312
-0.001000000000000	21.806553447692774
0.000000000000000	19.161556887791427
0.001000000000000	18.153893672825880
0.002000000000000	14.659807398455035
0.003000000000000	14.080968967016334
0.004000000000000	17.525080444536901
0.005000000000000	18.220799530542340
0.006000000000000	6.997543001291256
0.007000000000000	4.447857888890883
0.008000000000000	4.099510823246112
0.009000000000000	3.735258160488893
0.010000000000000	3.398263363964574
0.011000000000000	2.465235358048328
0.012000000000000	2.340985093883317
0.013000000000000	3.694688188254155
0.014000000000000	3.669786762074122
0.015000000000000	4.423886520112241
0.016000000000000	2.881282139608083
0.017000000000000	0.275605891090956
0.018000000000000	0.000000000000000
0.019000000000000	0.000000000000000
0.020000000000000	0.000000000000000
0.021000000000000	0.000000000000000
0.022000000000000	0.000000000000000
0.023000000000000	0.000000000000000
0.024000000000000	0.000000000000000
0.025000000000000	0.000000000000000
