-0.025000000000000	0.000000000000000
-0.024000000000000	0.000000000000000
-0.023000000000000	0.000000000000000
-0.022000000000000	0.000000000000000
-0.021000000000000	0.000000000000000
-0.020000000000000	0.000000000000000
-0.019000000000000	0.000000000000000
-0.018000000000000	0.000000000000000
-0.017000000000000	0.000000000000000
-0.016000000000000	0.000000000000000
-0.015000000000000	0.000000000000000
-0.014000000000000	0.000000000000000
-0.013000000000000	0.000000000000000
-0.012000000000000	0.000000000000000
-0.011000000000000	0.000000000000000
-0.010000000000000	1.025212890084636
-0.009000000000000	2.665543756620370
-0.008000000000000	2.560861691141223
-0.007000000000000	4.495857417965190
-0.006000000000000	15.740876278637973
-0.005000000000000	23.380454478611330
-0.004000000000000	29.682892317239808
-0.003000000000000	30.198909389578947
-0.002000000000000	21.646655470395586
-0.001000000000000	17.172071510647680
0.000000000000000	14.482973694626498
0.001000000000000	11.803616944398339
0.002000000000000	10.744802890855661
0.003000000000000	9.956807494313697
0.004000000000000	12.005067684661174
0.005000000000000	17.027679018483152
0.006000000000000	8.001969654286437
0.007000000000000	5.111572881754087
0.008000000000000	4.973448961710288
0.009000000000000	4.160816327569384
0.010000000000000	2.963471330613502
0.011000000000000	3.949051802399311
0.012000000000000	2.551005291304850
0.013000000000000	1.847249509679303
0.014000000000000	0.762525932546081
0.015000000000000	0.575445836151751
0.016000000000000	0.810430107213656
0.017000000000000	0.409735702854985
0.018000000000000	0.598508385241684
0.019000000000000	0.601910780504951
0.020000000000000	0.523011619090644
0.021000000000000	0.529226842664784
0.022000000000000	0.063539640922299
0.023000000000000	0.000000000000000
0.024000000000000	0.000000000000000
0.025000000000000	0.000000000000000
