-0.025000000000000	0.000000000000000
-0.024000000000000	0.000000000000000
-0.023000000000000	0.000000000000000
-0.022000000000000	0.000000000000000
-0.021000000000000	0.000000000000000
-0.020000000000000	0.000000000000000
-0.019000000000000	0.000000000000000
-0.018000000000000	0.000000000000000
-0.017000000000000	0.000000000000000
-0.016000000000000	0.000000000000000
-0.015000000000000	0.000000000000000
-0.014000000000000	0.000000000000000
-0.013000000000000	0.000000000000000
-0.012000000000000	0.000000000000000
-0.011000000000000	0.000000000000000
-0.010000000000000	0.000000000000000
-0.009000000000000	0.360967535520774
-0.008000000000000	1.401873088854186
-0.007000000000000	2.870933728009910
-0.006000000000000	7.397986622524147
-0.005000000000000	13.877902274964732
-0.004000000000000	23.702227161768356
-0.003000000000000	29.851144459051699
-0.002000000000000	32.477767097424945
-0.001000000000000	30.977221077418022
0.000000000000000	24.801053092696606
0.001000000000000	16.050320983997565
0.002000000000000	12.844949488058074
0.003000000000000	10.526270826528672
0.004000000000000	6.483295919383730
0.005000000000000	4.607693240432080
0.006000000000000	2.945179690120241
0.007000000000000	3.332441636661109
0.008000000000000	5.117215629069825
0.009000000000000	4.959184564228392
0.010000000000000	2.084524946451183
0.011000000000000	1.897474974720149
0.012000000000000	2.744714964537293
0.013000000000000	1.767412146543596
0.014000000000000	1.452343760813426
0.015000000000000	1.628948564190974
0.016000000000000	1.393592484952103
0.017000000000000	0.440471165588229
0.018000000000000	0.182486803552847
0.019000000000000	0.072493191352626
0.020000000000000	0.000000000000000
0.021000000000000	0.000000000000000
0.022000000000000	0.000000000000000
0.023000000000000	0.000000000000000
0.024000000000000	0.000000000000000
0.025000000000000	0.000000000000000
