-0.025000000000000	0.000000000000000
-0.024000000000000	0.000000000000000
-0.023000000000000	0.000000000000000
-0.022000000000000	0.000000000000000
-0.021000000000000	0.000000000000000
-0.020000000000000	0.000000000000000
-0.019000000000000	0.000000000000000
-0.018000000000000	0.000000000000000
-0.017000000000000	0.000000000000000
-0.016000000000000	0.000000000000000
-0.015000000000000	0.000000000000000
-0.014000000000000	0.000000000000000
-0.013000000000000	0.000000000000000
-0.012000000000000	0.000000000000000
-0.011000000000000	0.000000000000000
-0.010000000000000	0.000000000000000
-0.009000000000000	0.841110172012039
-0.008000000000000	2.405712826936157
-0.007000000000000	6.724470899929362
-0.006000000000000	10.183193417644571
-0.005000000000000	14.130113058301371
-0.004000000000000	19.608331561857199
-0.003000000000000	21.790944113487232
-0.002000000000000	22.103468513839310
-0.001000000000000	23.337624626577000
0.000000000000000	23.128639608987779
0.001000000000000	21.240468475937465
0.002000000000000	18.123499956284668
0.003000000000000	17.140157863903646
0.004000000000000	12.950700307165588
0.005000000000000	2.562723790930233
0.006000000000000	2.801328639349638
0.007000000000000	2.947827237398096
0.008000000000000	1.906944458613992
0.009000000000000	1.411295694086651
0.010000000000000	2.193941375137696
0.011000000000000	2.653583592196525
0.012000000000000	3.136171808270837
0.013000000000000	3.640119288901023
0.014000000000000	0.467852347280618
0.015000000000000	0.322599329212087
0.016000000000000	0.835132361527878
0.017000000000000	0.246680100069039
0.018000000000000	0.422179558715026
0.019000000000000	0.246186726748993
0.020000000000000	0.000000000000000
0.021000000000000	0.000000000000000
0.022000000000000	0.000000000000000
0.023000000000000	0.000000000000000
0.024000000000000	0.000000000000000
0.025000000000000	0.000000000000000
