-0.025000000000000	0.000000000000000
-0.024000000000000	0.000000000000000
-0.023000000000000	0.000000000000000
-0.022000000000000	0.000000000000000
-0.021000000000000	0.000000000000000
-0.020000000000000	0.000000000000000
-0.019000000000000	0.000000000000000
-0.018000000000000	0.000000000000000
-0.017000000000000	0.000000000000000
-0.016000000000000	0.000000000000000
-0.015000000000000	0.518906791920386
-0.014000000000000	2.658642510322526
-0.013000000000000	2.712235329054457
-0.012000000000000	2.302028209554756
-0.011000000000000	3.150028680484183
-0.010000000000000	7.145444432453274
-0.009000000000000	5.742830201216846
-0.008000000000000	7.021775114225250
-0.007000000000000	13.346364623757699
-0.006000000000000	16.731845078057699
-0.005000000000000	16.730704719369832
-0.004000000000000	14.962816613457273
-0.003000000000000	12.017585203604691
-0.002000000000000	10.261983846135763
-0.001000000000000	11.185432207925908
0.000000000000000	17.499275313314939
0.001000000000000	17.258024515694423
0.002000000000000	13.429298002220701
0.003000000000000	12.033174621577846
0.004000000000000	9.318251478994084
0.005000000000000	6.909269677837987
0.006000000000000	7.052750937031859
0.007000000000000	6.125054965536836
0.008000000000000	5.064373097958470
0.009000000000000	5.653629423959158
0.010000000000000	5.751251893310876
0.011000000000000	4.436730862190290
0.012000000000000	6.068751283924136
0.013000000000000	5.199826073083223
0.014000000000000	3.961010238280665
0.015000000000000	3.538838506485841
0.016000000000000	1.758356639891383
0.017000000000000	0.742049490554034
0.018000000000000	0.000000000000000
0.019000000000000	0.000000000000000
0.020000000000000	0.000000000000000
0.021000000000000	0.000000000000000
0.022000000000000	0.000000000000000
0.023000000000000	0.000000000000000
0.024000000000000	0.000000000000000
0.025000000000000	0.000000000000000
