-0.025000000000000	0.000000000000000
-0.024000000000000	0.000000000000000
-0.023000000000000	0.000000000000000
-0.022000000000000	0.000000000000000
-0.021000000000000	0.000000000000000
-0.020000000000000	0.000000000000000
-0.019000000000000	0.000000000000000
-0.018000000000000	0.000000000000000
-0.017000000000000	0.000000000000000
-0.016000000000000	0.000000000000000
-0.015000000000000	0.476255702959764
-0.014000000000000	2.357283784539806
-0.013000000000000	1.562490829397543
-0.012000000000000	2.287504895589080
-0.011000000000000	4.536309618019452
-0.010000000000000	6.329485590198888
-0.009000000000000	6.189032204156011
-0.008000000000000	6.167296647293478
-0.007000000000000	8.618246073854120
-0.006000000000000	14.565768927754368
-0.005000000000000	16.846087800052828
-0.004000000000000	21.730643104469959
-0.003000000000000	23.719937118343037
-0.002000000000000	24.383982338590684
-0.001000000000000	25.871074959295459
0.000000000000000	27.868812226305309
0.001000000000000	24.698532248701387
0.002000000000000	16.685383756133522
0.003000000000000	13.582927060521234
0.004000000000000	8.982573074392857
0.005000000000000	8.813304285027122
0.006000000000000	6.955604490335616
0.007000000000000	5.812282641281941
0.008000000000000	6.727492145701808
0.009000000000000	6.132334614403343
0.010000000000000	4.904866696765422
0.011000000000000	7.228033957370463
0.012000000000000	6.117321336710858
0.013000000000000	4.890648246168241
0.014000000000000	4.283488603878060
0.015000000000000	3.019344815215699
0.016000000000000	1.216710808776984
0.017000000000000	0.433811892211881
0.018000000000000	0.000000000000000
0.019000000000000	0.000000000000000
0.020000000000000	0.000000000000000
0.021000000000000	0.000000000000000
0.022000000000000	0.000000000000000
0.023000000000000	0.000000000000000
0.024000000000000	0.000000000000000
0.025000000000000	0.000000000000000
