-0.025000000000000	0.000000000000000
-0.024000000000000	0.000000000000000
-0.023000000000000	0.000000000000000
-0.022000000000000	0.000000000000000
-0.021000000000000	0.000000000000000
-0.020000000000000	0.000000000000000
-0.019000000000000	0.000000000000000
-0.018000000000000	0.000000000000000
-0.017000000000000	0.000000000000000
-0.016000000000000	0.000000000000000
-0.015000000000000	0.000000000000000
-0.014000000000000	0.000000000000000
-0.013000000000000	0.000000000000000
-0.012000000000000	0.000000000000000
-0.011000000000000	1.016646305367020
-0.010000000000000	2.574829803523398
-0.009000000000000	2.868497092690421
-0.008000000000000	2.394360571386929
-0.007000000000000	2.802045007246629
-0.006000000000000	3.228318933761070
-0.005000000000000	4.088106692749845
-0.004000000000000	7.847112735380335
-0.003000000000000	19.236002558733734
-0.002000000000000	34.784255708882228
-0.001000000000000	33.894636022979519
0.000000000000000	31.511690005973758
0.001000000000000	25.284373688154499
0.002000000000000	20.377578621378486
0.003000000000000	8.293262399837818
0.004000000000000	2.607794099543759
0.005000000000000	3.216148863673666
0.006000000000000	2.095664962808088
0.007000000000000	2.124104662381560
0.008000000000000	2.083629627979309
0.009000000000000	2.233322022253699
0.010000000000000	1.550260329034779
0.011000000000000	1.947149124991352
0.012000000000000	1.551011952089751
0.013000000000000	1.398501824994407
0.014000000000000	1.202754012703488
0.015000000000000	2.137049609316287
0.016000000000000	1.566836847236726
0.017000000000000	0.299919783920550
0.018000000000000	0.000000000000000
0.019000000000000	0.000000000000000
0.020000000000000	0.000000000000000
0.021000000000000	0.000000000000000
0.022000000000000	0.000000000000000
0.023000000000000	0.000000000000000
0.024000000000000	0.000000000000000
0.025000000000000	0.000000000000000
