-0.025000000000000	0.000000000000000
-0.024000000000000	0.000000000000000
-0.023000000000000	0.000000000000000
-0.022000000000000	0.000000000000000
-0.021000000000000	0.000000000000000
-0.020000000000000	0.000000000000000
-0.019000000000000	0.000000000000000
-0.018000000000000	0.000000000000000
-0.017000000000000	0.000000000000000
-0.016000000000000	0.291856017005676
-0.015000000000000	1.421989280619814
-0.014000000000000	1.303701727236789
-0.013000000000000	1.761405490191806
-0.012000000000000	0.853225917621726
-0.011000000000000	2.045880552252132
-0.010000000000000	1.793451817849662
-0.009000000000000	2.267714714736047
-0.008000000000000	3.687594202378810
-0.007000000000000	5.075945637340050
-0.006000000000000	12.610018745536214
-0.005000000000000	25.201428487240463
-0.004000000000000	31.450983704200770
-0.003000000000000	33.599785141712296
-0.002000000000000	27.665028734689226
-0.001000000000000	21.429370915345668
0.000000000000000	15.734077771397699
0.001000000000000	7.644065380644735
0.002000000000000	7.334200141711615
0.003000000000000	7.064884948730016
0.004000000000000	7.304490833985829
0.005000000000000	6.675084497182502
0.006000000000000	4.823413620681097
0.007000000000000	5.736567063311466
0.008000000000000	4.846526062285239
0.009000000000000	5.115459264782712
0.010000000000000	4.951678334458807
0.011000000000000	5.052748275149870
0.012000000000000	4.672460973632655
0.013000000000000	5.577799320724026
0.014000000000000	5.092697993184138
0.015000000000000	4.651245462013132
0.016000000000000	3.896639781670669
0.017000000000000	0.652842036100902
0.018000000000000	0.000000000000000
0.019000000000000	0.000000000000000
0.020000000000000	0.000000000000000
0.021000000000000	0.000000000000000
0.022000000000000	0.000000000000000
0.023000000000000	0.000000000000000
0.024000000000000	0.000000000000000
0.025000000000000	0.000000000000000
