-0.025000000000000	0.000000000000000
-0.024000000000000	0.000000000000000
-0.023000000000000	0.000000000000000
-0.022000000000000	0.000000000000000
-0.021000000000000	0.000000000000000
-0.020000000000000	0.000000000000000
-0.019000000000000	0.000000000000000
-0.018000000000000	0.000000000000000
-0.017000000000000	0.000000000000000
-0.016000000000000	0.000000000000000
-0.015000000000000	0.000000000000000
-0.014000000000000	0.000000000000000
-0.013000000000000	0.000000000000000
-0.012000000000000	0.000000000000000
-0.011000000000000	0.000000000000000
-0.010000000000000	0.000000000000000
-0.009000000000000	0.728138090699685
-0.008000000000000	7.409753489566752
-0.007000000000000	14.912022511515959
-0.006000000000000	16.083182807457138
-0.005000000000000	15.190319006415201
-0.004000000000000	20.187437916953328
-0.003000000000000	19.827917579625105
-0.002000000000000	19.424646148635322
-0.001000000000000	19.172741789861171
0.000000000000000	22.114433148313598
0.001000000000000	19.626805666399989
0.002000000000000	16.706989003271151
0.003000000000000	17.581641518649477
0.004000000000000	11.929327250806816
0.005000000000000	5.579678617889576
0.006000000000000	5.241093457540011
0.007000000000000	4.888131673081883
0.008000000000000	4.957140664931703
0.009000000000000	3.973020030117664
0.010000000000000	3.912566619046131
0.011000000000000	2.701144453783331
0.012000000000000	2.559739536191419
0.013000000000000	3.692106090552578
0.014000000000000	2.043211474099351
0.015000000000000	0.484335646088234
0.016000000000000	0.819844127576984
0.017000000000000	0.216570555913887
0.018000000000000	0.462643399990872
0.019000000000000	0.414792420033453
0.020000000000000	0.000000000000000
0.021000000000000	0.000000000000000
0.022000000000000	0.000000000000000
0.023000000000000	0.000000000000000
0.024000000000000	0.000000000000000
0.025000000000000	0.000000000000000
