-0.025000000000000	0.000000000000000
-0.024000000000000	0.000000000000000
-0.023000000000000	0.000000000000000
-0.022000000000000	0.000000000000000
-0.021000000000000	0.000000000000000
-0.020000000000000	0.000000000000000
-0.019000000000000	0.000000000000000
-0.018000000000000	0.000000000000000
-0.017000000000000	0.000000000000000
-0.016000000000000	0.000000000000000
-0.015000000000000	0.000000000000000
-0.014000000000000	0.000000000000000
-0.013000000000000	0.012972690009030
-0.012000000000000	1.872745960325929
-0.011000000000000	5.319793224695310
-0.010000000000000	5.506881488500418
-0.009000000000000	5.176537005204979
-0.008000000000000	4.858152764435876
-0.007000000000000	8.868865298344412
-0.006000000000000	10.645486522805946
-0.005000000000000	13.872502825410672
-0.004000000000000	17.435788736247069
-0.003000000000000	13.148396140583976
-0.002000000000000	11.694270276031878
-0.001000000000000	9.583741255675291
0.000000000000000	9.887985448139688
0.001000000000000	10.397364166856528
0.002000000000000	8.185936827340235
0.003000000000000	7.590006421665144
0.004000000000000	7.875405396435938
0.005000000000000	9.083235430678963
0.006000000000000	8.770501736150612
0.007000000000000	9.550014290819577
0.008000000000000	4.877580644186819
0.009000000000000	2.580336792316824
0.010000000000000	2.418682215881087
0.011000000000000	2.551136316822153
0.012000000000000	1.852170539145397
0.013000000000000	2.687762206590487
0.014000000000000	2.912526550103988
0.015000000000000	2.811603409633430
0.016000000000000	2.798744715914278
0.017000000000000	0.891941605227132
0.018000000000000	0.000000000000000
0.019000000000000	0.000000000000000
0.020000000000000	0.000000000000000
0.021000000000000	0.000000000000000
0.022000000000000	0.000000000000000
0.023000000000000	0.000000000000000
0.024000000000000	0.000000000000000
0.025000000000000	0.000000000000000
