-0.025000000000000	0.000000000000000
-0.024000000000000	0.000000000000000
-0.023000000000000	0.000000000000000
-0.022000000000000	0.000000000000000
-0.021000000000000	0.000000000000000
-0.020000000000000	0.000000000000000
-0.019000000000000	0.000000000000000
-0.018000000000000	0.000000000000000
-0.017000000000000	0.000000000000000
-0.016000000000000	0.000000000000000
-0.015000000000000	0.000000000000000
-0.014000000000000	0.000000000000000
-0.013000000000000	0.000000000000000
-0.012000000000000	0.000000000000000
-0.011000000000000	0.874900448667700
-0.010000000000000	2.727335943437846
-0.009000000000000	2.488488236083432
-0.008000000000000	2.734361119028739
-0.007000000000000	2.914389798388834
-0.006000000000000	2.717032261829813
-0.005000000000000	4.291780307090699
-0.004000000000000	11.713348232515774
-0.003000000000000	18.353118782249517
-0.002000000000000	26.797241536610851
-0.001000000000000	24.725370513065975
0.000000000000000	23.841531726154393
0.001000000000000	22.047279488439109
0.002000000000000	20.534167895480390
0.003000000000000	7.010550186598162
0.004000000000000	2.567210169947311
0.005000000000000	2.213609537961996
0.006000000000000	2.501034490506055
0.007000000000000	1.945241697496264
0.008000000000000	1.834975535123869
0.009000000000000	2.260086499588525
0.010000000000000	1.093139498344485
0.011000000000000	2.155687901754726
0.012000000000000	1.418334690908737
0.013000000000000	1.234124726074142
0.014000000000000	1.159747295260353
0.015000000000000	1.666345853787565
0.016000000000000	1.569964016332713
0.017000000000000	0.918057292057249
0.018000000000000	0.000000000000000
0.019000000000000	0.000000000000000
0.020000000000000	0.000000000000000
0.021000000000000	0.000000000000000
0.022000000000000	0.000000000000000
0.023000000000000	0.000000000000000
0.024000000000000	0.000000000000000
0.025000000000000	0.000000000000000
