-0.025000000000000	0.000000000000000
-0.024000000000000	0.000000000000000
-0.023000000000000	0.000000000000000
-0.022000000000000	0.000000000000000
-0.021000000000000	0.000000000000000
-0.020000000000000	0.000000000000000
-0.019000000000000	0.000000000000000
-0.018000000000000	0.000000000000000
-0.017000000000000	0.000000000000000
-0.016000000000000	0.000000000000000
-0.015000000000000	0.000000000000000
-0.014000000000000	0.000000000000000
-0.013000000000000	0.000000000000000
-0.012000000000000	0.000000000000000
-0.011000000000000	0.000000000000000
-0.010000000000000	0.000000000000000
-0.009000000000000	0.000000000000000
-0.008000000000000	0.000000000000000
-0.007000000000000	1.262745299965523
-0.006000000000000	6.520491885177254
-0.005000000000000	17.546855236523847
-0.004000000000000	26.942915051529535
-0.003000000000000	27.319456035981325
-0.002000000000000	22.141213156392745
-0.001000000000000	18.813554624433078
0.000000000000000	16.096545959346450
0.001000000000000	8.972160784663933
0.002000000000000	6.614292475510434
0.003000000000000	4.541761739384806
0.004000000000000	4.727411602562147
0.005000000000000	4.025268434215569
0.006000000000000	3.089789351831024
0.007000000000000	3.179047286636907
0.008000000000000	2.174072522465126
0.009000000000000	2.633596343946239
0.010000000000000	1.753895327877078
0.011000000000000	2.601477095037084
0.012000000000000	3.121476542839734
0.013000000000000	5.151371936706062
0.014000000000000	2.334657859429005
0.015000000000000	0.518518298188536
0.016000000000000	0.570477280525601
0.017000000000000	0.395104540922158
0.018000000000000	0.726909407566349
0.019000000000000	0.552705771292312
0.020000000000000	0.192506721981219
0.021000000000000	0.000000000000000
0.022000000000000	0.000000000000000
0.023000000000000	0.000000000000000
0.024000000000000	0.000000000000000
0.025000000000000	0.000000000000000
