-0.025000000000000	0.000000000000000
-0.024000000000000	0.000000000000000
-0.023000000000000	0.000000000000000
-0.022000000000000	0.000000000000000
-0.021000000000000	0.000000000000000
-0.020000000000000	0.000000000000000
-0.019000000000000	0.000000000000000
-0.018000000000000	0.000000000000000
-0.017000000000000	0.000000000000000
-0.016000000000000	0.000000000000000
-0.015000000000000	0.000000000000000
-0.014000000000000	0.000000000000000
-0.013000000000000	0.000000000000000
-0.012000000000000	0.000000000000000
-0.011000000000000	0.000000000000000
-0.010000000000000	0.554893238907937
-0.009000000000000	2.455099887048463
-0.008000000000000	2.273297836413068
-0.007000000000000	2.626968913010439
-0.006000000000000	2.036140458923851
-0.005000000000000	3.363497944532786
-0.004000000000000	2.715800433207735
-0.003000000000000	10.094457589122900
-0.002000000000000	20.470634332655809
-0.001000000000000	24.913358766045334
0.000000000000000	21.052834517899043
0.001000000000000	11.403006157552602
0.002000000000000	14.830769829211384
0.003000000000000	5.182925913936170
0.004000000000000	1.338598694015243
0.005000000000000	1.432413227857064
0.006000000000000	0.823367386248406
0.007000000000000	0.756700965449575
0.008000000000000	0.905160663486717
0.009000000000000	0.914067914559098
0.010000000000000	0.599705318182612
0.011000000000000	0.681765575274750
0.012000000000000	0.399839852109774
0.013000000000000	0.631395679597009
0.014000000000000	0.901646785248572
0.015000000000000	0.617172726409108
0.016000000000000	0.340514916474637
0.017000000000000	0.309837402667798
0.018000000000000	0.729998081783277
0.019000000000000	0.781331567176338
0.020000000000000	0.193752322224427
0.021000000000000	0.610537058249783
0.022000000000000	0.143259539501800
0.023000000000000	0.000000000000000
0.024000000000000	0.000000000000000
0.025000000000000	0.000000000000000
