-0.025000000000000	0.000000000000000
-0.024000000000000	0.000000000000000
-0.023000000000000	0.000000000000000
-0.022000000000000	0.000000000000000
-0.021000000000000	0.000000000000000
-0.020000000000000	0.000000000000000
-0.019000000000000	0.000000000000000
-0.018000000000000	0.000000000000000
-0.017000000000000	0.000000000000000
-0.016000000000000	0.033209176024996
-0.015000000000000	1.174972537304474
-0.014000000000000	1.251290653078256
-0.013000000000000	1.479196026964196
-0.012000000000000	0.599326395516100
-0.011000000000000	1.261668407916113
-0.010000000000000	1.700472284745939
-0.009000000000000	3.122428342220232
-0.008000000000000	3.260452750067978
-0.007000000000000	6.300505399440046
-0.006000000000000	7.642408672237252
-0.005000000000000	6.714907281747180
-0.004000000000000	8.642863124883847
-0.003000000000000	11.499568095263758
-0.002000000000000	18.671947475621749
-0.001000000000000	18.950542275557190
0.000000000000000	14.790654997522338
0.001000000000000	13.710201999033837
0.002000000000000	10.087585721471513
0.003000000000000	6.210046875266570
0.004000000000000	6.078219769949030
0.005000000000000	5.988078517187719
0.006000000000000	6.234945119231553
0.007000000000000	5.592170193992471
0.008000000000000	6.091223729352875
0.009000000000000	6.038308960899312
0.010000000000000	1.254482043186045
0.011000000000000	0.537110347045996
0.012000000000000	0.740260288901875
0.013000000000000	0.571515695285995
0.014000000000000	0.895066607546006
0.015000000000000	0.311148710078470
0.016000000000000	0.544605381269260
0.017000000000000	0.547584203777455
0.018000000000000	0.664537901253058
0.019000000000000	0.428188403502903
0.020000000000000	0.476462989642363
0.021000000000000	0.456176261880056
0.022000000000000	0.040109218708682
0.023000000000000	0.000000000000000
0.024000000000000	0.000000000000000
0.025000000000000	0.000000000000000
