-0.025000000000000	0.000000000000000
-0.024000000000000	0.000000000000000
-0.023000000000000	0.000000000000000
-0.022000000000000	0.000000000000000
-0.021000000000000	0.000000000000000
-0.020000000000000	0.000000000000000
-0.019000000000000	0.000000000000000
-0.018000000000000	0.000000000000000
-0.017000000000000	0.000000000000000
-0.016000000000000	0.000000000000000
-0.015000000000000	0.000000000000000
-0.014000000000000	0.000000000000000
-0.013000000000000	0.000000000000000
-0.012000000000000	0.000000000000000
-0.011000000000000	0.000000000000000
-0.010000000000000	0.314675313745679
-0.009000000000000	1.375690073483414
-0.008000000000000	1.310483011740507
-0.007000000000000	3.231308290948367
-0.006000000000000	9.990800319580879
-0.005000000000000	22.700978514663255
-0.004000000000000	22.392161583937366
-0.003000000000000	27.438642407893393
-0.002000000000000	32.228650803229712
-0.001000000000000	22.416518750529896
0.000000000000000	22.258087625591848
0.001000000000000	23.272347513798682
0.002000000000000	17.338356185532515
0.003000000000000	11.980656023415742
0.004000000000000	13.534117937144041
0.005000000000000	10.541157953036274
0.006000000000000	10.335603779688286
0.007000000000000	5.875116474050085
0.008000000000000	4.843633594028019
0.009000000000000	3.411295802541693
0.010000000000000	1.731810008074339
0.011000000000000	0.285292955438501
0.012000000000000	0.298724105745466
0.013000000000000	0.654355312118421
0.014000000000000	0.826800645960698
0.015000000000000	0.633816795505927
0.016000000000000	0.600374457161226
0.017000000000000	0.184145119004127
0.018000000000000	0.488425331747781
0.019000000000000	0.573091495494750
0.020000000000000	0.629155611534516
0.021000000000000	0.306675412653817
0.022000000000000	0.131128849962496
0.023000000000000	0.000000000000000
0.024000000000000	0.000000000000000
0.025000000000000	0.000000000000000
