-0.025000000000000	0.000000000000000
-0.024000000000000	0.000000000000000
-0.023000000000000	0.000000000000000
-0.022000000000000	0.000000000000000
-0.021000000000000	0.000000000000000
-0.020000000000000	0.000000000000000
-0.019000000000000	0.000000000000000
-0.018000000000000	0.000000000000000
-0.017000000000000	0.000000000000000
-0.016000000000000	0.000000000000000
-0.015000000000000	0.000000000000000
-0.014000000000000	0.000000000000000
-0.013000000000000	0.000000000000000
-0.012000000000000	0.000000000000000
-0.011000000000000	0.000000000000000
-0.010000000000000	0.514357452361045
-0.009000000000000	2.225844105979785
-0.008000000000000	2.424852588467003
-0.007000000000000	2.514228015142523
-0.006000000000000	5.680181114635020
-0.005000000000000	18.529816339595715
-0.004000000000000	28.120208957306431
-0.003000000000000	22.101728029306557
-0.002000000000000	29.163083984375490
-0.001000000000000	26.245599006337962
0.000000000000000	26.734228057103344
0.001000000000000	24.411225326289003
0.002000000000000	10.125462911109326
0.003000000000000	9.596481017240485
0.004000000000000	8.786031775978058
0.005000000000000	10.009949789551754
0.006000000000000	11.178702882220360
0.007000000000000	3.282484169543600
0.008000000000000	1.689181773896107
0.009000000000000	1.450732024613087
0.010000000000000	1.620048078596251
0.011000000000000	0.715986390336130
0.012000000000000	1.053072224137308
0.013000000000000	1.731283102880699
0.014000000000000	1.205262818537467
0.015000000000000	0.837963231948073
0.016000000000000	0.778087709679816
0.017000000000000	1.572433466400255
0.018000000000000	0.915787100110591
0.019000000000000	0.481452243086719
0.020000000000000	0.870722882158035
0.021000000000000	0.182342052457266
0.022000000000000	0.000000000000000
0.023000000000000	0.000000000000000
0.024000000000000	0.000000000000000
0.025000000000000	0.000000000000000
