-0.025000000000000	0.000000000000000
-0.024000000000000	0.000000000000000
-0.023000000000000	0.000000000000000
-0.022000000000000	0.000000000000000
-0.021000000000000	0.000000000000000
-0.020000000000000	0.000000000000000
-0.019000000000000	0.000000000000000
-0.018000000000000	0.000000000000000
-0.017000000000000	0.000000000000000
-0.016000000000000	0.000000000000000
-0.015000000000000	0.000000000000000
-0.014000000000000	0.000000000000000
-0.013000000000000	0.000000000000000
-0.012000000000000	0.000000000000000
-0.011000000000000	0.000000000000000
-0.010000000000000	0.000000000000000
-0.009000000000000	0.000000000000000
-0.008000000000000	0.051284701169356
-0.007000000000000	1.500001764557127
-0.006000000000000	9.898124948497301
-0.005000000000000	14.746258249732596
-0.004000000000000	20.549655291802249
-0.003000000000000	26.916220568059810
-0.002000000000000	27.775431777315710
-0.001000000000000	24.703954647321442
0.000000000000000	23.368691002526713
0.001000000000000	22.111412535061081
0.002000000000000	17.249711741839526
0.003000000000000	10.013109987948521
0.004000000000000	10.272338086729782
0.005000000000000	10.910955702834878
0.006000000000000	10.782304640044471
0.007000000000000	6.062378473650614
0.008000000000000	1.286173827958327
0.009000000000000	0.376334070718707
0.010000000000000	0.485006104735356
0.011000000000000	1.013937574175010
0.012000000000000	0.538220728315115
0.013000000000000	0.314546360373602
0.014000000000000	0.692520825774087
0.015000000000000	0.342398043152961
0.016000000000000	0.597201328607337
0.017000000000000	0.209237007440021
0.018000000000000	0.676482260621789
0.019000000000000	0.268989777315660
0.020000000000000	0.430452541027946
0.021000000000000	0.113298908646800
0.022000000000000	0.000000000000000
0.023000000000000	0.000000000000000
0.024000000000000	0.000000000000000
0.025000000000000	0.000000000000000
