-0.025000000000000	0.000000000000000
-0.024000000000000	0.000000000000000
-0.023000000000000	0.000000000000000
-0.022000000000000	0.000000000000000
-0.021000000000000	0.000000000000000
-0.020000000000000	0.000000000000000
-0.019000000000000	0.000000000000000
-0.018000000000000	0.000000000000000
-0.017000000000000	0.000000000000000
-0.016000000000000	0.297953624691213
-0.015000000000000	1.505438800153703
-0.014000000000000	1.264831788299243
-0.013000000000000	1.245822506132096
-0.012000000000000	0.994606919967257
-0.011000000000000	1.160686519601836
-0.010000000000000	1.611183050223336
-0.009000000000000	3.866832721399994
-0.008000000000000	4.796628134286842
-0.007000000000000	6.872026263262542
-0.006000000000000	11.787580407626782
-0.005000000000000	16.915335280576564
-0.004000000000000	19.242123514323200
-0.003000000000000	19.525233947106500
-0.002000000000000	22.706572602621570
-0.001000000000000	17.794776781169706
0.000000000000000	13.960940978152928
0.001000000000000	16.464186889460137
0.002000000000000	17.547825514025345
0.003000000000000	11.276585063396292
0.004000000000000	11.371195742777756
0.005000000000000	13.863728179109298
0.006000000000000	14.909034335194837
0.007000000000000	13.536926835575697
0.008000000000000	2.916600340366545
0.009000000000000	2.119449617637289
0.010000000000000	1.882702390530500
0.011000000000000	2.209555894712475
0.012000000000000	1.446627379633395
0.013000000000000	1.132856993547953
0.014000000000000	0.883963980396156
0.015000000000000	0.187920830750598
0.016000000000000	0.119801626896671
0.017000000000000	0.829922542881153
0.018000000000000	0.934495915014204
0.019000000000000	0.355421894002248
0.020000000000000	0.227648826356596
0.021000000000000	0.688679434104667
0.022000000000000	0.001764197915507
0.023000000000000	0.000000000000000
0.024000000000000	0.000000000000000
0.025000000000000	0.000000000000000
