-0.025000000000000	0.000000000000000
-0.024000000000000	0.000000000000000
-0.023000000000000	0.000000000000000
-0.022000000000000	0.000000000000000
-0.021000000000000	0.000000000000000
-0.020000000000000	0.000000000000000
-0.019000000000000	0.000000000000000
-0.018000000000000	0.000000000000000
-0.017000000000000	0.000000000000000
-0.016000000000000	0.157180374148509
-0.015000000000000	1.457463367064038
-0.014000000000000	2.002927441193596
-0.013000000000000	1.608666845439128
-0.012000000000000	1.969220278648866
-0.011000000000000	3.817137383993717
-0.010000000000000	2.962477662661396
-0.009000000000000	3.615950346204755
-0.008000000000000	3.071025228768478
-0.007000000000000	3.786243687929450
-0.006000000000000	6.506104449599029
-0.005000000000000	12.468654988022241
-0.004000000000000	15.951114953101282
-0.003000000000000	12.790502173559519
-0.002000000000000	11.764468593400723
-0.001000000000000	10.788852047304058
0.000000000000000	8.857557900286690
0.001000000000000	6.324706202380640
0.002000000000000	6.151280318291906
0.003000000000000	4.892248886145723
0.004000000000000	5.222399096577419
0.005000000000000	4.185845734473057
0.006000000000000	3.692583168612690
0.007000000000000	3.441251541144731
0.008000000000000	3.265459486067844
0.009000000000000	3.527108776517434
0.010000000000000	3.903914940173014
0.011000000000000	2.825395862729083
0.012000000000000	3.184327049261574
0.013000000000000	4.839623117486512
0.014000000000000	4.320709428160743
0.015000000000000	2.849824886077298
0.016000000000000	2.115496247448428
0.017000000000000	0.102653944193590
0.018000000000000	0.000000000000000
0.019000000000000	0.000000000000000
0.020000000000000	0.000000000000000
0.021000000000000	0.000000000000000
0.022000000000000	0.000000000000000
0.023000000000000	0.000000000000000
0.024000000000000	0.000000000000000
0.025000000000000	0.000000000000000
