-0.025000000000000	0.000000000000000
-0.024000000000000	0.000000000000000
-0.023000000000000	0.000000000000000
-0.022000000000000	0.000000000000000
-0.021000000000000	0.000000000000000
-0.020000000000000	0.000000000000000
-0.019000000000000	0.000000000000000
-0.018000000000000	0.000000000000000
-0.017000000000000	0.000000000000000
-0.016000000000000	0.000000000000000
-0.015000000000000	0.000000000000000
-0.014000000000000	0.000000000000000
-0.013000000000000	0.000000000000000
-0.012000000000000	0.000000000000000
-0.011000000000000	0.000000000000000
-0.010000000000000	0.381402752242005
-0.009000000000000	1.848029507768258
-0.008000000000000	2.259170509255835
-0.007000000000000	2.691813556415629
-0.006000000000000	3.539547729077196
-0.005000000000000	7.814994007098218
-0.004000000000000	14.583740612596419
-0.003000000000000	24.699409092316838
-0.002000000000000	35.659768116434016
-0.001000000000000	31.539689151426682
0.000000000000000	29.509015612182072
0.001000000000000	23.742048899919897
0.002000000000000	10.578843707794004
0.003000000000000	7.021380866705043
0.004000000000000	6.091236339687858
0.005000000000000	5.622521334427676
0.006000000000000	5.305762465586382
0.007000000000000	4.057518707787994
0.008000000000000	1.856385646365350
0.009000000000000	1.410387807373653
0.010000000000000	1.592762909032359
0.011000000000000	1.081251848985668
0.012000000000000	1.772744733658387
0.013000000000000	1.115870454433599
0.014000000000000	0.903510052018796
0.015000000000000	1.343639618957835
0.016000000000000	0.335124067699963
0.017000000000000	1.595095747438614
0.018000000000000	0.290952850874957
0.019000000000000	0.399007497297409
0.020000000000000	0.234254378438230
0.021000000000000	0.000000000000000
0.022000000000000	0.000000000000000
0.023000000000000	0.000000000000000
0.024000000000000	0.000000000000000
0.025000000000000	0.000000000000000
