-0.025000000000000	0.000000000000000
-0.024000000000000	0.000000000000000
-0.023000000000000	0.000000000000000
-0.022000000000000	0.000000000000000
-0.021000000000000	0.000000000000000
-0.020000000000000	0.000000000000000
-0.019000000000000	0.000000000000000
-0.018000000000000	0.000000000000000
-0.017000000000000	0.000000000000000
-0.016000000000000	0.000000000000000
-0.015000000000000	0.000000000000000
-0.014000000000000	0.000000000000000
-0.013000000000000	0.000000000000000
-0.012000000000000	0.000000000000000
-0.011000000000000	0.000000000000000
-0.010000000000000	0.827594505281852
-0.009000000000000	1.460642780412124
-0.008000000000000	1.192011520968353
-0.007000000000000	2.854840363934453
-0.006000000000000	14.958651040562071
-0.005000000000000	23.610303020406938
-0.004000000000000	27.450609663215452
-0.003000000000000	32.458512748962008
-0.002000000000000	38.627957623233002
-0.001000000000000	23.559474048227564
0.000000000000000	22.034593521629144
0.001000000000000	19.393292000599036
0.002000000000000	11.972047182534496
0.003000000000000	11.682613152743198
0.004000000000000	11.637640243253363
0.005000000000000	10.449593214837970
0.006000000000000	10.207118652688219
0.007000000000000	4.686031181362823
0.008000000000000	3.727241435840428
0.009000000000000	2.696776226933339
0.010000000000000	3.225235937254842
0.011000000000000	3.118400072584040
0.012000000000000	3.364737950715786
0.013000000000000	3.672580801897415
0.014000000000000	2.509907343420808
0.015000000000000	0.734442614305865
0.016000000000000	0.669720909336317
0.017000000000000	0.415743505066394
0.018000000000000	0.244055360020164
0.019000000000000	0.787743759134211
0.020000000000000	0.211553690427359
0.021000000000000	0.045642439799004
0.022000000000000	0.000000000000000
0.023000000000000	0.000000000000000
0.024000000000000	0.000000000000000
0.025000000000000	0.000000000000000
