-0.025000000000000	0.000000000000000
-0.024000000000000	0.000000000000000
-0.023000000000000	0.000000000000000
-0.022000000000000	0.000000000000000
-0.021000000000000	0.000000000000000
-0.020000000000000	0.000000000000000
-0.019000000000000	0.000000000000000
-0.018000000000000	0.000000000000000
-0.017000000000000	0.000000000000000
-0.016000000000000	0.000000000000000
-0.015000000000000	0.000000000000000
-0.014000000000000	0.000000000000000
-0.013000000000000	0.000000000000000
-0.012000000000000	0.000000000000000
-0.011000000000000	0.102614757487528
-0.010000000000000	1.671447952908775
-0.009000000000000	2.220138122598490
-0.008000000000000	2.359403723157783
-0.007000000000000	2.891557714905071
-0.006000000000000	4.384986773747899
-0.005000000000000	14.528339507820546
-0.004000000000000	26.807293062732906
-0.003000000000000	31.931684478480292
-0.002000000000000	44.736188887849067
-0.001000000000000	42.809356936723781
0.000000000000000	38.961551624108566
0.001000000000000	28.894536187681279
0.002000000000000	24.073468456212019
0.003000000000000	10.760289919260901
0.004000000000000	4.104410932998499
0.005000000000000	3.088812265171212
0.006000000000000	2.656901845597781
0.007000000000000	3.438525518197572
0.008000000000000	3.445184187611093
0.009000000000000	3.170806338640547
0.010000000000000	2.114000084766110
0.011000000000000	2.507934583435663
0.012000000000000	2.377844787882217
0.013000000000000	3.006769491442043
0.014000000000000	2.770338894769143
0.015000000000000	2.174999723079542
0.016000000000000	1.581137627074377
0.017000000000000	1.771302592647124
0.018000000000000	0.701507315968331
0.019000000000000	0.524545469243786
0.020000000000000	0.468648695397475
0.021000000000000	0.000000000000000
0.022000000000000	0.000000000000000
0.023000000000000	0.000000000000000
0.024000000000000	0.000000000000000
0.025000000000000	0.000000000000000
