-0.025000000000000	0.000000000000000
-0.024000000000000	0.000000000000000
-0.023000000000000	0.000000000000000
-0.022000000000000	0.000000000000000
-0.021000000000000	0.000000000000000
-0.020000000000000	0.000000000000000
-0.019000000000000	0.038667832323564
-0.018000000000000	0.866845287232471
-0.017000000000000	1.163099382690558
-0.016000000000000	0.999343432886825
-0.015000000000000	1.346006769855441
-0.014000000000000	1.212941110206084
-0.013000000000000	1.939494406824817
-0.012000000000000	1.384807133625478
-0.011000000000000	0.739934125032267
-0.010000000000000	2.948459691847254
-0.009000000000000	3.126114547931559
-0.008000000000000	3.623015456707692
-0.007000000000000	3.652742257241273
-0.006000000000000	6.387015458318536
-0.005000000000000	12.603841364190108
-0.004000000000000	19.371925496674063
-0.003000000000000	29.049439838962090
-0.002000000000000	22.875099631790007
-0.001000000000000	21.203022330204092
0.000000000000000	20.596594904800622
0.001000000000000	25.811568071604700
0.002000000000000	25.673086477000858
0.003000000000000	12.610424466492374
0.004000000000000	13.419632358786123
0.005000000000000	11.880472965921937
0.006000000000000	11.742113690009219
0.007000000000000	5.841483319262667
0.008000000000000	3.483431952517723
0.009000000000000	3.770651130499608
0.010000000000000	2.770805642883281
0.011000000000000	3.134999459902203
0.012000000000000	2.514674418067481
0.013000000000000	1.103565677917137
0.014000000000000	1.565057007796909
0.015000000000000	1.357526552411898
0.016000000000000	1.687349997558390
0.017000000000000	0.314108187081834
0.018000000000000	0.000000000000000
0.019000000000000	0.000000000000000
0.020000000000000	0.000000000000000
0.021000000000000	0.000000000000000
0.022000000000000	0.000000000000000
0.023000000000000	0.000000000000000
0.024000000000000	0.000000000000000
0.025000000000000	0.000000000000000
