-0.025000000000000	0.000000000000000
-0.024000000000000	0.000000000000000
-0.023000000000000	0.000000000000000
-0.022000000000000	0.000000000000000
-0.021000000000000	0.000000000000000
-0.020000000000000	0.000000000000000
-0.019000000000000	0.000000000000000
-0.018000000000000	0.000000000000000
-0.017000000000000	0.000000000000000
-0.016000000000000	0.221397887809367
-0.015000000000000	2.039818386337065
-0.014000000000000	2.863072399821493
-0.013000000000000	2.325719224907219
-0.012000000000000	2.813897360184284
-0.011000000000000	2.406936169666502
-0.010000000000000	2.738497404984903
-0.009000000000000	2.763687732127729
-0.008000000000000	2.670306142731922
-0.007000000000000	3.301563040648672
-0.006000000000000	5.331760376757439
-0.005000000000000	13.231497419848409
-0.004000000000000	25.958590594591406
-0.003000000000000	25.218112661054867
-0.002000000000000	21.580583096758932
-0.001000000000000	17.846323219642716
0.000000000000000	16.342096997030161
0.001000000000000	13.424125381246231
0.002000000000000	7.802500845014155
0.003000000000000	4.833701771036662
0.004000000000000	5.342762177077367
0.005000000000000	6.271318302342135
0.006000000000000	5.155866647531741
0.007000000000000	4.520896182720646
0.008000000000000	3.267567508001175
0.009000000000000	3.658632112602600
0.010000000000000	5.173047985980673
0.011000000000000	4.384182193407626
0.012000000000000	3.927947565551976
0.013000000000000	5.051418402761635
0.014000000000000	5.608249227592085
0.015000000000000	2.866527412653825
0.016000000000000	2.592385617129138
0.017000000000000	0.468601462588159
0.018000000000000	0.000000000000000
0.019000000000000	0.000000000000000
0.020000000000000	0.000000000000000
0.021000000000000	0.000000000000000
0.022000000000000	0.000000000000000
0.023000000000000	0.000000000000000
0.024000000000000	0.000000000000000
0.025000000000000	0.000000000000000
