-0.025000000000000	0.000000000000000
-0.024000000000000	0.000000000000000
-0.023000000000000	0.000000000000000
-0.022000000000000	0.000000000000000
-0.021000000000000	0.000000000000000
-0.020000000000000	0.000000000000000
-0.019000000000000	0.000000000000000
-0.018000000000000	0.000000000000000
-0.017000000000000	0.000000000000000
-0.016000000000000	0.000000000000000
-0.015000000000000	0.000000000000000
-0.014000000000000	0.000000000000000
-0.013000000000000	0.000000000000000
-0.012000000000000	0.000000000000000
-0.011000000000000	0.129037160985117
-0.010000000000000	1.232208056121172
-0.009000000000000	1.333984401084985
-0.008000000000000	1.151729522066581
-0.007000000000000	0.906336996117788
-0.006000000000000	1.485345726477723
-0.005000000000000	3.129187363489059
-0.004000000000000	14.697954539844535
-0.003000000000000	14.350847130048338
-0.002000000000000	22.286779241115060
-0.001000000000000	26.466728481373298
0.000000000000000	22.055582613845282
0.001000000000000	13.142839999232843
0.002000000000000	3.652360642495138
0.003000000000000	3.240049477034122
0.004000000000000	2.038333179037195
0.005000000000000	1.725396494408460
0.006000000000000	1.721374608037961
0.007000000000000	1.414061416138614
0.008000000000000	1.413789343066340
0.009000000000000	1.377277396366322
0.010000000000000	2.019783407942969
0.011000000000000	1.513720553910034
0.012000000000000	0.729999136382577
0.013000000000000	0.615999978983499
0.014000000000000	0.927972325168114
0.015000000000000	1.724622585000254
0.016000000000000	0.601363599862026
0.017000000000000	0.581383688884007
0.018000000000000	1.002971145763464
0.019000000000000	0.470577180798116
0.020000000000000	0.380679301441471
0.021000000000000	0.064257783915051
0.022000000000000	0.000000000000000
0.023000000000000	0.000000000000000
0.024000000000000	0.000000000000000
0.025000000000000	0.000000000000000
