-0.025000000000000	0.000000000000000
-0.024000000000000	0.000000000000000
-0.023000000000000	0.000000000000000
-0.022000000000000	0.000000000000000
-0.021000000000000	0.000000000000000
-0.020000000000000	0.000000000000000
-0.019000000000000	0.000000000000000
-0.018000000000000	0.000000000000000
-0.017000000000000	0.016882047189778
-0.016000000000000	1.183750307125937
-0.015000000000000	1.615991541007932
-0.014000000000000	1.265794280799022
-0.013000000000000	1.005651106801011
-0.012000000000000	1.237274045970748
-0.011000000000000	0.797790370637922
-0.010000000000000	2.044403216904619
-0.009000000000000	2.865977269545681
-0.008000000000000	5.660490231010614
-0.007000000000000	8.082255748983602
-0.006000000000000	10.155193981344807
-0.005000000000000	12.107933933333046
-0.004000000000000	15.840338912306361
-0.003000000000000	22.514088791448785
-0.002000000000000	25.329100977991803
-0.001000000000000	19.422564588771234
0.000000000000000	18.642503158587690
0.001000000000000	18.989388070753371
0.002000000000000	10.538177156979311
0.003000000000000	8.773192937774748
0.004000000000000	8.859273688844020
0.005000000000000	8.623961456013852
0.006000000000000	6.879225421183967
0.007000000000000	6.283713870056501
0.008000000000000	2.314944214152828
0.009000000000000	1.527035083186089
0.010000000000000	1.736171556945226
0.011000000000000	2.457565963084229
0.012000000000000	1.608050694389491
0.013000000000000	2.644900691110298
0.014000000000000	2.705152904318344
0.015000000000000	5.329977190598322
0.016000000000000	2.516784612997064
0.017000000000000	1.440975757805802
0.018000000000000	0.376241403536290
0.019000000000000	0.325418399834620
0.020000000000000	0.544921976576549
0.021000000000000	0.036318752596957
0.022000000000000	0.000000000000000
0.023000000000000	0.000000000000000
0.024000000000000	0.000000000000000
0.025000000000000	0.000000000000000
