-0.025000000000000	0.000000000000000
-0.024000000000000	0.000000000000000
-0.023000000000000	0.000000000000000
-0.022000000000000	0.000000000000000
-0.021000000000000	0.000000000000000
-0.020000000000000	0.000000000000000
-0.019000000000000	0.000000000000000
-0.018000000000000	0.000000000000000
-0.017000000000000	0.000000000000000
-0.016000000000000	0.000000000000000
-0.015000000000000	0.000000000000000
-0.014000000000000	0.000000000000000
-0.013000000000000	0.000000000000000
-0.012000000000000	0.000000000000000
-0.011000000000000	0.000000000000000
-0.010000000000000	0.000000000000000
-0.009000000000000	0.000000000000000
-0.008000000000000	0.958044149791769
-0.007000000000000	2.635663064491391
-0.006000000000000	4.993465566079441
-0.005000000000000	15.048242904294895
-0.004000000000000	31.278576503328285
-0.003000000000000	30.591507597734612
-0.002000000000000	35.357110879671986
-0.001000000000000	33.168993340528459
0.000000000000000	26.920965301470577
0.001000000000000	14.640551789552717
0.002000000000000	5.161266676811644
0.003000000000000	5.327715038656104
0.004000000000000	5.364268804827081
0.005000000000000	3.067615478491755
0.006000000000000	4.238155140219956
0.007000000000000	2.918551619453029
0.008000000000000	3.456578647390299
0.009000000000000	2.929536331329341
0.010000000000000	1.687904235187261
0.011000000000000	2.609189171049234
0.012000000000000	3.287266875773351
0.013000000000000	4.477107220605688
0.014000000000000	2.052128681834068
0.015000000000000	1.926712066722164
0.016000000000000	1.247131394077943
0.017000000000000	1.145252805651080
0.018000000000000	1.260694271734356
0.019000000000000	0.546314529209771
0.020000000000000	0.095928905241260
0.021000000000000	0.000000000000000
0.022000000000000	0.000000000000000
0.023000000000000	0.000000000000000
0.024000000000000	0.000000000000000
0.025000000000000	0.000000000000000
