-0.025000000000000	0.000000000000000
-0.024000000000000	0.000000000000000
-0.023000000000000	0.000000000000000
-0.022000000000000	0.000000000000000
-0.021000000000000	0.000000000000000
-0.020000000000000	0.000000000000000
-0.019000000000000	0.000000000000000
-0.018000000000000	0.000000000000000
-0.017000000000000	0.000000000000000
-0.016000000000000	0.000000000000000
-0.015000000000000	0.000000000000000
-0.014000000000000	0.000000000000000
-0.013000000000000	0.000000000000000
-0.012000000000000	0.000000000000000
-0.011000000000000	0.000000000000000
-0.010000000000000	0.915420529799117
-0.009000000000000	3.989158484600359
-0.008000000000000	3.415935066305869
-0.007000000000000	4.061599388600043
-0.006000000000000	4.167981479365468
-0.005000000000000	5.058651388184518
-0.004000000000000	8.786238570504144
-0.003000000000000	16.077634939035274
-0.002000000000000	22.267333774628341
-0.001000000000000	19.610816485615651
0.000000000000000	15.296990980229145
0.001000000000000	14.363237659423383
0.002000000000000	6.718872783049308
0.003000000000000	2.637682281422324
0.004000000000000	2.430693478245000
0.005000000000000	2.014724324860878
0.006000000000000	2.206717885337147
0.007000000000000	1.639753141952418
0.008000000000000	1.956370775972505
0.009000000000000	1.510893596235868
0.010000000000000	1.520578159952106
0.011000000000000	0.997524948006401
0.012000000000000	1.498270370981167
0.013000000000000	1.735145482037022
0.014000000000000	1.058463003123600
0.015000000000000	1.211103110895971
0.016000000000000	1.057914287017745
0.017000000000000	1.066393339732804
0.018000000000000	1.014168908120286
0.019000000000000	1.119655393332331
0.020000000000000	0.578457402746129
0.021000000000000	0.188735068588463
0.022000000000000	0.000000000000000
0.023000000000000	0.000000000000000
0.024000000000000	0.000000000000000
0.025000000000000	0.000000000000000
