-0.025000000000000	0.000000000000000
-0.024000000000000	0.000000000000000
-0.023000000000000	0.000000000000000
-0.022000000000000	0.000000000000000
-0.021000000000000	0.000000000000000
-0.020000000000000	0.000000000000000
-0.019000000000000	0.000000000000000
-0.018000000000000	0.000000000000000
-0.017000000000000	0.000000000000000
-0.016000000000000	0.000000000000000
-0.015000000000000	0.000000000000000
-0.014000000000000	0.000000000000000
-0.013000000000000	0.000000000000000
-0.012000000000000	0.000000000000000
-0.011000000000000	0.000000000000000
-0.010000000000000	0.506616906959048
-0.009000000000000	1.665722742254909
-0.008000000000000	2.489425916207700
-0.007000000000000	4.683398622235101
-0.006000000000000	7.620121484036885
-0.005000000000000	9.972842312109785
-0.004000000000000	21.809131510115982
-0.003000000000000	22.635880803198077
-0.002000000000000	24.383703518212553
-0.001000000000000	22.627604541614886
0.000000000000000	23.701380430226717
0.001000000000000	23.477410822435150
0.002000000000000	20.198941436808120
0.003000000000000	15.912186267837914
0.004000000000000	16.895449374949077
0.005000000000000	11.689019492376737
0.006000000000000	4.036487141545368
0.007000000000000	2.239131205845001
0.008000000000000	2.462533253815842
0.009000000000000	1.686929545186515
0.010000000000000	0.310724412942780
0.011000000000000	0.851780336698931
0.012000000000000	0.797018779653536
0.013000000000000	0.600731167340598
0.014000000000000	0.208201703577515
0.015000000000000	0.226845970730668
0.016000000000000	0.764079259537292
0.017000000000000	0.547763909055977
0.018000000000000	0.431563604729004
0.019000000000000	0.163393065486659
0.020000000000000	0.559043126924711
0.021000000000000	0.000000000000000
0.022000000000000	0.000000000000000
0.023000000000000	0.000000000000000
0.024000000000000	0.000000000000000
0.025000000000000	0.000000000000000
