-0.025000000000000	0.000000000000000
-0.024000000000000	0.000000000000000
-0.023000000000000	0.000000000000000
-0.022000000000000	0.000000000000000
-0.021000000000000	0.000000000000000
-0.020000000000000	0.000000000000000
-0.019000000000000	0.000000000000000
-0.018000000000000	0.000000000000000
-0.017000000000000	0.000000000000000
-0.016000000000000	0.000000000000000
-0.015000000000000	0.000000000000000
-0.014000000000000	0.000000000000000
-0.013000000000000	0.000000000000000
-0.012000000000000	0.000000000000000
-0.011000000000000	0.000000000000000
-0.010000000000000	0.000000000000000
-0.009000000000000	0.000000000000000
-0.008000000000000	0.610228648639197
-0.007000000000000	1.929142561697488
-0.006000000000000	4.986910985493637
-0.005000000000000	9.222164541097836
-0.004000000000000	15.996214021659430
-0.003000000000000	25.957149527286152
-0.002000000000000	35.900940882614137
-0.001000000000000	29.254949097313155
0.000000000000000	26.695774359812081
0.001000000000000	20.432668437318252
0.002000000000000	8.372933507956573
0.003000000000000	5.915285282509847
0.004000000000000	4.609877225144388
0.005000000000000	6.105806127713974
0.006000000000000	5.878726322809765
0.007000000000000	5.120548794987508
0.008000000000000	3.150130140268856
0.009000000000000	2.263511549443226
0.010000000000000	1.597391337219782
0.011000000000000	1.968535483818712
0.012000000000000	1.577665621933675
0.013000000000000	1.331553255948380
0.014000000000000	1.246161467413508
0.015000000000000	1.019499542521969
0.016000000000000	0.693436746313815
0.017000000000000	0.069934029531083
0.018000000000000	0.000000000000000
0.019000000000000	0.000000000000000
0.020000000000000	0.000000000000000
0.021000000000000	0.000000000000000
0.022000000000000	0.000000000000000
0.023000000000000	0.000000000000000
0.024000000000000	0.000000000000000
0.025000000000000	0.000000000000000
