-0.025000000000000	0.000000000000000
-0.024000000000000	0.000000000000000
-0.023000000000000	0.000000000000000
-0.022000000000000	0.000000000000000
-0.021000000000000	0.000000000000000
-0.020000000000000	0.000000000000000
-0.019000000000000	0.000000000000000
-0.018000000000000	0.000000000000000
-0.017000000000000	0.000000000000000
-0.016000000000000	0.120573038180747
-0.015000000000000	1.765580964213600
-0.014000000000000	2.583878840455152
-0.013000000000000	2.573298125921214
-0.012000000000000	3.879724162535022
-0.011000000000000	4.107874313640703
-0.010000000000000	3.989519697593907
-0.009000000000000	4.774015438482605
-0.008000000000000	6.243385120079796
-0.007000000000000	9.456903151931234
-0.006000000000000	14.780114836565001
-0.005000000000000	17.931454181112098
-0.004000000000000	17.020088151963172
-0.003000000000000	15.691342736653384
-0.002000000000000	17.593091518040126
-0.001000000000000	14.900789887053415
0.000000000000000	11.051318839493458
0.001000000000000	9.724253366198393
0.002000000000000	6.721912333606109
0.003000000000000	7.065537560557213
0.004000000000000	6.143722423142527
0.005000000000000	8.037532294121963
0.006000000000000	6.213917165128241
0.007000000000000	5.558360321499546
0.008000000000000	5.055020786617661
0.009000000000000	6.204710422685804
0.010000000000000	4.778670743835202
0.011000000000000	6.424617713289792
0.012000000000000	6.156188395796272
0.013000000000000	6.266671741478020
0.014000000000000	5.062676038039805
0.015000000000000	4.662032328510999
0.016000000000000	2.016974151058450
0.017000000000000	0.000000000000000
0.018000000000000	0.000000000000000
0.019000000000000	0.000000000000000
0.020000000000000	0.000000000000000
0.021000000000000	0.000000000000000
0.022000000000000	0.000000000000000
0.023000000000000	0.000000000000000
0.024000000000000	0.000000000000000
0.025000000000000	0.000000000000000
