-0.025000000000000	0.000000000000000
-0.024000000000000	0.000000000000000
-0.023000000000000	0.000000000000000
-0.022000000000000	0.000000000000000
-0.021000000000000	0.000000000000000
-0.020000000000000	0.000000000000000
-0.019000000000000	0.000000000000000
-0.018000000000000	0.000000000000000
-0.017000000000000	0.000000000000000
-0.016000000000000	0.339865870830575
-0.015000000000000	1.218660862828104
-0.014000000000000	0.593669075360855
-0.013000000000000	0.757403687941893
-0.012000000000000	0.873930041644629
-0.011000000000000	0.915012984847547
-0.010000000000000	1.782622498327455
-0.009000000000000	2.721663830432443
-0.008000000000000	2.980152836496171
-0.007000000000000	4.829170462708453
-0.006000000000000	11.295405174650686
-0.005000000000000	24.760345325281936
-0.004000000000000	28.537386710134971
-0.003000000000000	27.612626203385169
-0.002000000000000	25.253179815006089
-0.001000000000000	23.993221707148024
0.000000000000000	20.708223891137809
0.001000000000000	10.547254746173095
0.002000000000000	5.469946822077885
0.003000000000000	6.009705509956468
0.004000000000000	3.933208992408652
0.005000000000000	4.049913395371291
0.006000000000000	4.213590564640221
0.007000000000000	3.579348814028080
0.008000000000000	3.763767484139672
0.009000000000000	3.831728719260444
0.010000000000000	4.584283936534010
0.011000000000000	3.551082805889517
0.012000000000000	4.520628563811974
0.013000000000000	7.646676713863405
0.014000000000000	9.385804475047514
0.015000000000000	3.500129309239677
0.016000000000000	0.605568646392528
0.017000000000000	0.206272214757113
0.018000000000000	0.000000000000000
0.019000000000000	0.000000000000000
0.020000000000000	0.000000000000000
0.021000000000000	0.000000000000000
0.022000000000000	0.000000000000000
0.023000000000000	0.000000000000000
0.024000000000000	0.000000000000000
0.025000000000000	0.000000000000000
