-0.025000000000000	0.000000000000000
-0.024000000000000	0.000000000000000
-0.023000000000000	0.000000000000000
-0.022000000000000	0.000000000000000
-0.021000000000000	0.000000000000000
-0.020000000000000	0.000000000000000
-0.019000000000000	0.000000000000000
-0.018000000000000	0.000000000000000
-0.017000000000000	0.000000000000000
-0.016000000000000	0.000000000000000
-0.015000000000000	0.000000000000000
-0.014000000000000	0.000000000000000
-0.013000000000000	0.000000000000000
-0.012000000000000	0.000000000000000
-0.011000000000000	0.000000000000000
-0.010000000000000	0.543335071899039
-0.009000000000000	1.013526560949160
-0.008000000000000	1.126669037103836
-0.007000000000000	3.140955472753232
-0.006000000000000	11.330491318422508
-0.005000000000000	20.268769532449085
-0.004000000000000	23.702620555081666
-0.003000000000000	27.579826018151021
-0.002000000000000	24.743434561490091
-0.001000000000000	19.656092675203276
0.000000000000000	16.611301728122658
0.001000000000000	11.414829456429553
0.002000000000000	6.468249749176759
0.003000000000000	3.784563163090384
0.004000000000000	5.810085974138413
0.005000000000000	3.979398266160864
0.006000000000000	4.340062157622607
0.007000000000000	4.626022004473100
0.008000000000000	2.811569327073027
0.009000000000000	4.027434842395100
0.010000000000000	2.943569489691271
0.011000000000000	3.198616153665883
0.012000000000000	3.393961496273044
0.013000000000000	5.043508869614616
0.014000000000000	2.036731211443400
0.015000000000000	1.920432090112133
0.016000000000000	2.284838994172556
0.017000000000000	0.150587893474377
0.018000000000000	0.000000000000000
0.019000000000000	0.000000000000000
0.020000000000000	0.000000000000000
0.021000000000000	0.000000000000000
0.022000000000000	0.000000000000000
0.023000000000000	0.000000000000000
0.024000000000000	0.000000000000000
0.025000000000000	0.000000000000000
