-0.025000000000000	0.000000000000000
-0.024000000000000	0.000000000000000
-0.023000000000000	0.000000000000000
-0.022000000000000	0.000000000000000
-0.021000000000000	0.000000000000000
-0.020000000000000	0.000000000000000
-0.019000000000000	0.000000000000000
-0.018000000000000	0.000000000000000
-0.017000000000000	0.000000000000000
-0.016000000000000	0.000000000000000
-0.015000000000000	0.000000000000000
-0.014000000000000	0.000000000000000
-0.013000000000000	0.000000000000000
-0.012000000000000	0.000000000000000
-0.011000000000000	0.000000000000000
-0.010000000000000	0.000000000000000
-0.009000000000000	0.168098344613020
-0.008000000000000	1.140506522438109
-0.007000000000000	1.438066657071169
-0.006000000000000	1.990610147912015
-0.005000000000000	2.272421250025161
-0.004000000000000	6.381796269314856
-0.003000000000000	23.550635141794260
-0.002000000000000	39.166365379524784
-0.001000000000000	37.994404793240491
0.000000000000000	35.128590046556248
0.001000000000000	32.074704420150653
0.002000000000000	33.525122737793772
0.003000000000000	17.985772484483647
0.004000000000000	2.482007876319070
0.005000000000000	1.111331436032339
0.006000000000000	1.156684003013175
0.007000000000000	1.384280951573204
0.008000000000000	0.713493323876876
0.009000000000000	0.731825128627669
0.010000000000000	0.357604489334795
0.011000000000000	0.531445362657773
0.012000000000000	0.949495702604428
0.013000000000000	0.660799113729123
0.014000000000000	0.210984646041572
0.015000000000000	0.580335553710761
0.016000000000000	0.516821897180414
0.017000000000000	0.404786137028973
0.018000000000000	0.072283270202476
0.019000000000000	0.000000000000000
0.020000000000000	0.000000000000000
0.021000000000000	0.000000000000000
0.022000000000000	0.000000000000000
0.023000000000000	0.000000000000000
0.024000000000000	0.000000000000000
0.025000000000000	0.000000000000000
