-0.025000000000000	0.000000000000000
-0.024000000000000	0.000000000000000
-0.023000000000000	0.000000000000000
-0.022000000000000	0.000000000000000
-0.021000000000000	0.000000000000000
-0.020000000000000	0.000000000000000
-0.019000000000000	0.000000000000000
-0.018000000000000	0.000000000000000
-0.017000000000000	0.000000000000000
-0.016000000000000	0.000000000000000
-0.015000000000000	0.457621888162549
-0.014000000000000	1.215511923859233
-0.013000000000000	1.511874956142345
-0.012000000000000	1.898518791684650
-0.011000000000000	1.637291219409530
-0.010000000000000	3.471672751140502
-0.009000000000000	3.756597327838979
-0.008000000000000	5.023362811211725
-0.007000000000000	10.576956122238951
-0.006000000000000	16.500852973101228
-0.005000000000000	18.095548607030281
-0.004000000000000	20.495013385308582
-0.003000000000000	20.131231711899130
-0.002000000000000	18.520632466833845
-0.001000000000000	17.613924676452939
0.000000000000000	19.395742676438875
0.001000000000000	10.562285398861420
0.002000000000000	7.825659325844739
0.003000000000000	5.314649122319604
0.004000000000000	4.514901654199293
0.005000000000000	5.515477832818216
0.006000000000000	3.931013232947834
0.007000000000000	4.516844116924886
0.008000000000000	4.589962106009994
0.009000000000000	5.207357746270463
0.010000000000000	5.286204518694188
0.011000000000000	4.470886799677912
0.012000000000000	4.725630130247733
0.013000000000000	4.347201291814642
0.014000000000000	3.432771752964492
0.015000000000000	5.087582486923576
0.016000000000000	3.756875197817299
0.017000000000000	1.410514285600404
0.018000000000000	0.000830237576055
0.019000000000000	0.000000000000000
0.020000000000000	0.000000000000000
0.021000000000000	0.000000000000000
0.022000000000000	0.000000000000000
0.023000000000000	0.000000000000000
0.024000000000000	0.000000000000000
0.025000000000000	0.000000000000000
