-0.025000000000000	0.000000000000000
-0.024000000000000	0.000000000000000
-0.023000000000000	0.000000000000000
-0.022000000000000	0.000000000000000
-0.021000000000000	0.000000000000000
-0.020000000000000	0.000000000000000
-0.019000000000000	0.000000000000000
-0.018000000000000	0.000000000000000
-0.017000000000000	0.000000000000000
-0.016000000000000	0.000000000000000
-0.015000000000000	0.000000000000000
-0.014000000000000	0.000000000000000
-0.013000000000000	0.000000000000000
-0.012000000000000	0.242882973359074
-0.011000000000000	2.425533246374231
-0.010000000000000	3.772680918414483
-0.009000000000000	3.638955176200943
-0.008000000000000	4.116565964941838
-0.007000000000000	3.313362706419857
-0.006000000000000	3.629082404200327
-0.005000000000000	2.673801914385046
-0.004000000000000	8.139013735713563
-0.003000000000000	18.888509788507267
-0.002000000000000	27.628863986850302
-0.001000000000000	22.466998022046944
0.000000000000000	18.335164460121735
0.001000000000000	15.248193099226485
0.002000000000000	9.432784367466411
0.003000000000000	5.366676207627515
0.004000000000000	3.343330916669371
0.005000000000000	3.400524601307320
0.006000000000000	3.781879884680741
0.007000000000000	2.354629709711006
0.008000000000000	2.307541302524809
0.009000000000000	2.684158628008783
0.010000000000000	2.983236310639669
0.011000000000000	2.108954419698803
0.012000000000000	2.205302518194082
0.013000000000000	2.137972430564656
0.014000000000000	2.162420017187429
0.015000000000000	1.092238788598842
0.016000000000000	0.705110243401688
0.017000000000000	0.487474013065744
0.018000000000000	0.317147589819844
0.019000000000000	0.709691388793178
0.020000000000000	0.145788179424719
0.021000000000000	0.083563900494005
0.022000000000000	0.000000000000000
0.023000000000000	0.000000000000000
0.024000000000000	0.000000000000000
0.025000000000000	0.000000000000000
