-0.025000000000000	0.000000000000000
-0.024000000000000	0.000000000000000
-0.023000000000000	0.000000000000000
-0.022000000000000	0.000000000000000
-0.021000000000000	0.000000000000000
-0.020000000000000	0.000000000000000
-0.019000000000000	0.000000000000000
-0.018000000000000	0.000000000000000
-0.017000000000000	0.000000000000000
-0.016000000000000	0.000000000000000
-0.015000000000000	0.000000000000000
-0.014000000000000	0.000000000000000
-0.013000000000000	0.000000000000000
-0.012000000000000	0.000000000000000
-0.011000000000000	0.014916225721993
-0.010000000000000	1.385132932682593
-0.009000000000000	2.624440697048611
-0.008000000000000	2.755766751396410
-0.007000000000000	2.955655305796772
-0.006000000000000	4.927908008995023
-0.005000000000000	14.433127018820249
-0.004000000000000	16.810968481201925
-0.003000000000000	21.150203792247694
-0.002000000000000	27.402542694618361
-0.001000000000000	20.888729806271712
0.000000000000000	13.603475596124012
0.001000000000000	7.968284938401146
0.002000000000000	4.492595788852443
0.003000000000000	4.012811806003750
0.004000000000000	3.548252776818786
0.005000000000000	2.467905212328097
0.006000000000000	2.699654064839144
0.007000000000000	4.075582902308165
0.008000000000000	2.279229426112226
0.009000000000000	1.318430448472226
0.010000000000000	2.170711655176556
0.011000000000000	2.587319566876357
0.012000000000000	3.200210575431156
0.013000000000000	2.363116506249455
0.014000000000000	2.333140346610419
0.015000000000000	1.926348986593918
0.016000000000000	0.882692511570862
0.017000000000000	1.399274963048887
0.018000000000000	0.366079149012176
0.019000000000000	0.518069536352088
0.020000000000000	0.652115690674931
0.021000000000000	0.369207953328022
0.022000000000000	0.022553352660377
0.023000000000000	0.000000000000000
0.024000000000000	0.000000000000000
0.025000000000000	0.000000000000000
