-0.025000000000000	0.000000000000000
-0.024000000000000	0.000000000000000
-0.023000000000000	0.000000000000000
-0.022000000000000	0.000000000000000
-0.021000000000000	0.000000000000000
-0.020000000000000	0.000000000000000
-0.019000000000000	0.000000000000000
-0.018000000000000	0.000000000000000
-0.017000000000000	0.598909023172143
-0.016000000000000	1.684711357483506
-0.015000000000000	1.138306148561192
-0.014000000000000	1.661083930032245
-0.013000000000000	3.823131595839376
-0.012000000000000	3.585423109508675
-0.011000000000000	3.203168994733909
-0.010000000000000	5.162706465199205
-0.009000000000000	7.390804540332620
-0.008000000000000	7.368539295740106
-0.007000000000000	7.163208189340327
-0.006000000000000	7.319456037227792
-0.005000000000000	13.240108171639204
-0.004000000000000	14.453086510556263
-0.003000000000000	12.892480566993484
-0.002000000000000	10.438436996409456
-0.001000000000000	10.410933829902417
0.000000000000000	10.746959208464240
0.001000000000000	12.619336770565136
0.002000000000000	16.327623913670134
0.003000000000000	11.311943777431692
0.004000000000000	8.895309088695596
0.005000000000000	8.877647949393097
0.006000000000000	7.956484550092410
0.007000000000000	6.453888219842696
0.008000000000000	4.994562448227573
0.009000000000000	4.274237880585475
0.010000000000000	4.325459590805709
0.011000000000000	2.949018914251662
0.012000000000000	2.943879623181175
0.013000000000000	3.120100982940458
0.014000000000000	2.315783839928098
0.015000000000000	2.533381058902358
0.016000000000000	1.930087204325435
0.017000000000000	2.807544868622561
0.018000000000000	0.472237270121180
0.019000000000000	0.584419580529685
0.020000000000000	0.819830801234793
0.021000000000000	0.217155993181296
0.022000000000000	0.000000000000000
0.023000000000000	0.000000000000000
0.024000000000000	0.000000000000000
0.025000000000000	0.000000000000000
