-0.025000000000000	0.000000000000000
-0.024000000000000	0.000000000000000
-0.023000000000000	0.000000000000000
-0.022000000000000	0.000000000000000
-0.021000000000000	0.000000000000000
-0.020000000000000	0.000000000000000
-0.019000000000000	0.000000000000000
-0.018000000000000	0.000000000000000
-0.017000000000000	0.015895284839889
-0.016000000000000	0.873964397337473
-0.015000000000000	1.718891671828494
-0.014000000000000	1.923594653911223
-0.013000000000000	2.058610933371267
-0.012000000000000	2.538637987244837
-0.011000000000000	2.079624618062515
-0.010000000000000	1.909349683824997
-0.009000000000000	1.786355084460415
-0.008000000000000	3.253916101439565
-0.007000000000000	2.849564950225380
-0.006000000000000	4.013854885113332
-0.005000000000000	8.581643577157504
-0.004000000000000	21.949212420565843
-0.003000000000000	33.300872188923009
-0.002000000000000	25.550104079841056
-0.001000000000000	19.827760421201546
0.000000000000000	16.179279104658860
0.001000000000000	11.143538245983445
0.002000000000000	7.926796144291233
0.003000000000000	5.814168390020817
0.004000000000000	5.478069413695925
0.005000000000000	5.504186602493539
0.006000000000000	5.259561387967666
0.007000000000000	5.008470753149316
0.008000000000000	3.456607133691209
0.009000000000000	4.227265738826175
0.010000000000000	4.831327831975530
0.011000000000000	4.227331896193550
0.012000000000000	3.305039670945492
0.013000000000000	3.643277135968577
0.014000000000000	3.424194898273353
0.015000000000000	1.627021709956323
0.016000000000000	2.606127019809168
0.017000000000000	1.859527726556636
0.018000000000000	0.040449963673155
0.019000000000000	0.000000000000000
0.020000000000000	0.000000000000000
0.021000000000000	0.000000000000000
0.022000000000000	0.000000000000000
0.023000000000000	0.000000000000000
0.024000000000000	0.000000000000000
0.025000000000000	0.000000000000000
