-0.025000000000000	0.000000000000000
-0.024000000000000	0.000000000000000
-0.023000000000000	0.000000000000000
-0.022000000000000	0.000000000000000
-0.021000000000000	0.000000000000000
-0.020000000000000	0.000000000000000
-0.019000000000000	0.000000000000000
-0.018000000000000	0.000000000000000
-0.017000000000000	0.000000000000000
-0.016000000000000	0.677886449836672
-0.015000000000000	1.421969711513443
-0.014000000000000	1.019139500224740
-0.013000000000000	1.089899557157454
-0.012000000000000	0.779709412707082
-0.011000000000000	1.063431775552724
-0.010000000000000	2.608857480134157
-0.009000000000000	3.797079451340362
-0.008000000000000	5.518132222067704
-0.007000000000000	6.709231178648215
-0.006000000000000	10.515331129015397
-0.005000000000000	16.696387243759737
-0.004000000000000	25.384870063645799
-0.003000000000000	21.838945802104590
-0.002000000000000	17.315118724915543
-0.001000000000000	14.800772568806559
0.000000000000000	16.257534429537415
0.001000000000000	12.622116473790451
0.002000000000000	12.156999648547615
0.003000000000000	17.478198886634939
0.004000000000000	13.231795247767794
0.005000000000000	9.452183677002719
0.006000000000000	6.420490382710948
0.007000000000000	3.822500169390350
0.008000000000000	3.333102618779686
0.009000000000000	2.675807383792556
0.010000000000000	3.276980690581144
0.011000000000000	3.013095671848081
0.012000000000000	2.401153428776420
0.013000000000000	2.484075979471097
0.014000000000000	2.574626758613321
0.015000000000000	1.706306470427043
0.016000000000000	1.734726529639729
0.017000000000000	1.247564115268176
0.018000000000000	1.391941426682558
0.019000000000000	0.668410828450331
0.020000000000000	0.519354817691288
0.021000000000000	0.219260429983298
0.022000000000000	0.000000000000000
0.023000000000000	0.000000000000000
0.024000000000000	0.000000000000000
0.025000000000000	0.000000000000000
