-0.025000000000000	0.000000000000000
-0.024000000000000	0.000000000000000
-0.023000000000000	0.000000000000000
-0.022000000000000	0.000000000000000
-0.021000000000000	0.000000000000000
-0.020000000000000	0.000000000000000
-0.019000000000000	0.000000000000000
-0.018000000000000	0.000000000000000
-0.017000000000000	0.000000000000000
-0.016000000000000	0.000000000000000
-0.015000000000000	0.023652476855798
-0.014000000000000	0.741719715334951
-0.013000000000000	1.017919909107110
-0.012000000000000	0.917097873832246
-0.011000000000000	0.795076852397351
-0.010000000000000	1.334214395422615
-0.009000000000000	2.491455267729768
-0.008000000000000	3.623829240249612
-0.007000000000000	4.389701722063138
-0.006000000000000	6.961658701736241
-0.005000000000000	11.971608043240083
-0.004000000000000	14.916863863894607
-0.003000000000000	28.557093399670748
-0.002000000000000	46.123276950497917
-0.001000000000000	42.395124077186551
0.000000000000000	36.875816376895877
0.001000000000000	21.771314304708152
0.002000000000000	15.251557467605718
0.003000000000000	7.375093552752720
0.004000000000000	4.723311871991257
0.005000000000000	4.301503094002622
0.006000000000000	3.252483708745026
0.007000000000000	3.658192990214283
0.008000000000000	3.077372816949572
0.009000000000000	3.329869980589088
0.010000000000000	2.145504526347314
0.011000000000000	1.918918647464812
0.012000000000000	2.250368749083035
0.013000000000000	2.526828667622416
0.014000000000000	3.560126485156843
0.015000000000000	5.102420611400159
0.016000000000000	0.766303768767230
0.017000000000000	1.044226263667225
0.018000000000000	0.239900064839406
0.019000000000000	0.598144279971414
0.020000000000000	0.818080746993672
0.021000000000000	0.537176736896325
0.022000000000000	0.177277563441106
0.023000000000000	0.000000000000000
0.024000000000000	0.000000000000000
0.025000000000000	0.000000000000000
