-0.025000000000000	0.000000000000000
-0.024000000000000	0.000000000000000
-0.023000000000000	0.000000000000000
-0.022000000000000	0.000000000000000
-0.021000000000000	0.000000000000000
-0.020000000000000	0.000000000000000
-0.019000000000000	0.000000000000000
-0.018000000000000	0.000000000000000
-0.017000000000000	0.000000000000000
-0.016000000000000	0.000000000000000
-0.015000000000000	0.000000000000000
-0.014000000000000	0.000000000000000
-0.013000000000000	0.000000000000000
-0.012000000000000	0.000000000000000
-0.011000000000000	0.017104402547268
-0.010000000000000	1.239784440940155
-0.009000000000000	3.293092823330497
-0.008000000000000	3.617168405916999
-0.007000000000000	4.454047843326430
-0.006000000000000	4.288255572308074
-0.005000000000000	5.365407306355386
-0.004000000000000	6.318129933079812
-0.003000000000000	14.879060093445206
-0.002000000000000	22.702152884066258
-0.001000000000000	24.255121437603528
0.000000000000000	23.750408276010177
0.001000000000000	18.424580812715543
0.002000000000000	13.281938588329499
0.003000000000000	3.589628121415913
0.004000000000000	1.797009914201584
0.005000000000000	1.528266308340814
0.006000000000000	2.198018970630161
0.007000000000000	2.612530622258200
0.008000000000000	1.218011627460356
0.009000000000000	1.070963409697482
0.010000000000000	1.125455988243750
0.011000000000000	1.388792857145035
0.012000000000000	1.409082899987157
0.013000000000000	1.554998677534066
0.014000000000000	0.945007575654901
0.015000000000000	0.775034572046068
0.016000000000000	0.797995268439772
0.017000000000000	1.305371388187579
0.018000000000000	0.932661109436896
0.019000000000000	0.740131261581754
0.020000000000000	0.447590052914954
0.021000000000000	0.471908518457764
0.022000000000000	0.043352099421783
0.023000000000000	0.000000000000000
0.024000000000000	0.000000000000000
0.025000000000000	0.000000000000000
