-0.025000000000000	0.000000000000000
-0.024000000000000	0.000000000000000
-0.023000000000000	0.000000000000000
-0.022000000000000	0.000000000000000
-0.021000000000000	0.000000000000000
-0.020000000000000	0.000000000000000
-0.019000000000000	0.000000000000000
-0.018000000000000	0.000000000000000
-0.017000000000000	0.703019545183447
-0.016000000000000	1.130003737322275
-0.015000000000000	1.391803067472488
-0.014000000000000	0.765043309571037
-0.013000000000000	1.685991016827490
-0.012000000000000	1.477063381671861
-0.011000000000000	1.913547143708302
-0.010000000000000	1.986384782712065
-0.009000000000000	3.444792170417143
-0.008000000000000	6.759981196855368
-0.007000000000000	12.591218688925949
-0.006000000000000	15.851961168421800
-0.005000000000000	17.126970808698921
-0.004000000000000	20.777636174241191
-0.003000000000000	16.924403741313608
-0.002000000000000	13.643554871695212
-0.001000000000000	14.479194963769171
0.000000000000000	14.382406640975191
0.001000000000000	11.894117013191648
0.002000000000000	7.063680221560229
0.003000000000000	8.549348362833914
0.004000000000000	7.692463387635337
0.005000000000000	5.089649539690709
0.006000000000000	6.474951735139313
0.007000000000000	5.304793240122982
0.008000000000000	5.713707277276630
0.009000000000000	6.547267416290399
0.010000000000000	5.248557341788520
0.011000000000000	5.940303547713083
0.012000000000000	7.832438116199725
0.013000000000000	6.494413062152111
0.014000000000000	3.680076032148691
0.015000000000000	1.028692433961266
0.016000000000000	0.657044860471843
0.017000000000000	0.552374873600022
0.018000000000000	0.071352425010094
0.019000000000000	0.000000000000000
0.020000000000000	0.000000000000000
0.021000000000000	0.000000000000000
0.022000000000000	0.000000000000000
0.023000000000000	0.000000000000000
0.024000000000000	0.000000000000000
0.025000000000000	0.000000000000000
