-0.025000000000000	0.000000000000000
-0.024000000000000	0.000000000000000
-0.023000000000000	0.000000000000000
-0.022000000000000	0.000000000000000
-0.021000000000000	0.000000000000000
-0.020000000000000	0.000000000000000
-0.019000000000000	0.000000000000000
-0.018000000000000	0.000000000000000
-0.017000000000000	0.000000000000000
-0.016000000000000	0.000000000000000
-0.015000000000000	0.310026574167345
-0.014000000000000	0.839244748150327
-0.013000000000000	0.701936449831215
-0.012000000000000	0.936586309145208
-0.011000000000000	0.917261106990626
-0.010000000000000	0.944710325615192
-0.009000000000000	1.758289738094487
-0.008000000000000	2.884932323686249
-0.007000000000000	4.720612993954863
-0.006000000000000	4.541472969367116
-0.005000000000000	5.021673238459807
-0.004000000000000	14.959485078239119
-0.003000000000000	26.444355160869279
-0.002000000000000	25.372446095275656
-0.001000000000000	22.992972549695505
0.000000000000000	22.885370087113916
0.001000000000000	19.951167635262628
0.002000000000000	12.479291304502560
0.003000000000000	12.016120562344526
0.004000000000000	9.638880058483828
0.005000000000000	8.849827294627646
0.006000000000000	6.703455450949824
0.007000000000000	2.957726111105301
0.008000000000000	2.542237977647350
0.009000000000000	2.094110507409801
0.010000000000000	1.524996805349425
0.011000000000000	2.171454060034430
0.012000000000000	1.649275002932786
0.013000000000000	1.424554814188751
0.014000000000000	1.046485921530246
0.015000000000000	0.312187534048916
0.016000000000000	0.833868926171835
0.017000000000000	0.348971799940162
0.018000000000000	0.462524368581304
0.019000000000000	0.363550876848614
0.020000000000000	0.000000000000000
0.021000000000000	0.000000000000000
0.022000000000000	0.000000000000000
0.023000000000000	0.000000000000000
0.024000000000000	0.000000000000000
0.025000000000000	0.000000000000000
