-0.025000000000000	0.000000000000000
-0.024000000000000	0.000000000000000
-0.023000000000000	0.000000000000000
-0.022000000000000	0.000000000000000
-0.021000000000000	0.000000000000000
-0.020000000000000	0.000000000000000
-0.019000000000000	0.000000000000000
-0.018000000000000	0.000000000000000
-0.017000000000000	0.000000000000000
-0.016000000000000	0.365039465516087
-0.015000000000000	1.302310230083481
-0.014000000000000	2.039725624806483
-0.013000000000000	2.436679797473296
-0.012000000000000	1.555955980400591
-0.011000000000000	3.271928151820563
-0.010000000000000	5.626254047603298
-0.009000000000000	5.974617892045663
-0.008000000000000	6.546802830714066
-0.007000000000000	11.569025675451019
-0.006000000000000	19.362740585199038
-0.005000000000000	21.291888219652837
-0.004000000000000	19.789929131007874
-0.003000000000000	20.534092706487950
-0.002000000000000	18.141042401928281
-0.001000000000000	16.881342872872004
0.000000000000000	16.893591668407939
0.001000000000000	14.435174680603176
0.002000000000000	14.005526663540092
0.003000000000000	15.155358289761839
0.004000000000000	13.699494036551036
0.005000000000000	15.664470722627170
0.006000000000000	11.381837107106806
0.007000000000000	3.988005047435855
0.008000000000000	4.527951948274904
0.009000000000000	4.388705165040318
0.010000000000000	3.347351907363409
0.011000000000000	4.828076623322098
0.012000000000000	3.779311569775479
0.013000000000000	5.254483486052790
0.014000000000000	7.245557990180663
0.015000000000000	5.405579256571492
0.016000000000000	1.461139915982727
0.017000000000000	0.124287878188626
0.018000000000000	0.000000000000000
0.019000000000000	0.000000000000000
0.020000000000000	0.000000000000000
0.021000000000000	0.000000000000000
0.022000000000000	0.000000000000000
0.023000000000000	0.000000000000000
0.024000000000000	0.000000000000000
0.025000000000000	0.000000000000000
