-0.025000000000000	0.000000000000000
-0.024000000000000	0.000000000000000
-0.023000000000000	0.000000000000000
-0.022000000000000	0.000000000000000
-0.021000000000000	0.000000000000000
-0.020000000000000	0.000000000000000
-0.019000000000000	0.000000000000000
-0.018000000000000	0.000000000000000
-0.017000000000000	0.000000000000000
-0.016000000000000	0.000000000000000
-0.015000000000000	0.000000000000000
-0.014000000000000	0.000000000000000
-0.013000000000000	0.000000000000000
-0.012000000000000	0.016692647970426
-0.011000000000000	0.968153398632014
-0.010000000000000	1.605892385292367
-0.009000000000000	1.903989142373716
-0.008000000000000	2.683992222776511
-0.007000000000000	3.484292749755680
-0.006000000000000	7.147215414331729
-0.005000000000000	12.724872726827542
-0.004000000000000	16.979798892146434
-0.003000000000000	25.438490902970667
-0.002000000000000	28.713008863058857
-0.001000000000000	23.856713171656974
0.000000000000000	21.734052030802999
0.001000000000000	22.983212318210192
0.002000000000000	18.276548942254220
0.003000000000000	7.486903744156745
0.004000000000000	5.559658652026531
0.005000000000000	4.088744677825524
0.006000000000000	5.284411951373406
0.007000000000000	4.537556971181676
0.008000000000000	4.153988917299436
0.009000000000000	2.462787925757779
0.010000000000000	2.744920775498463
0.011000000000000	2.163244397032837
0.012000000000000	1.062241332454094
0.013000000000000	1.629900529036198
0.014000000000000	2.080016073908456
0.015000000000000	2.489154692302014
0.016000000000000	1.578383327228061
0.017000000000000	0.023235860160860
0.018000000000000	0.000000000000000
0.019000000000000	0.000000000000000
0.020000000000000	0.000000000000000
0.021000000000000	0.000000000000000
0.022000000000000	0.000000000000000
0.023000000000000	0.000000000000000
0.024000000000000	0.000000000000000
0.025000000000000	0.000000000000000
