-0.025000000000000	0.000000000000000
-0.024000000000000	0.000000000000000
-0.023000000000000	0.000000000000000
-0.022000000000000	0.000000000000000
-0.021000000000000	0.000000000000000
-0.020000000000000	0.000000000000000
-0.019000000000000	0.000000000000000
-0.018000000000000	0.000000000000000
-0.017000000000000	0.000000000000000
-0.016000000000000	0.000000000000000
-0.015000000000000	1.006245347563936
-0.014000000000000	2.063459299535871
-0.013000000000000	2.058794672163982
-0.012000000000000	1.626370031367264
-0.011000000000000	2.241833884138044
-0.010000000000000	3.905089988548696
-0.009000000000000	5.238490569141638
-0.008000000000000	6.580322342069189
-0.007000000000000	9.255707211603088
-0.006000000000000	11.698077783863036
-0.005000000000000	21.349681891453447
-0.004000000000000	25.346916011823023
-0.003000000000000	28.842024925078590
-0.002000000000000	28.083497671945540
-0.001000000000000	30.384475827267313
0.000000000000000	25.259726356189962
0.001000000000000	21.504855479130693
0.002000000000000	17.713748826717936
0.003000000000000	13.426066982746667
0.004000000000000	9.925774883308803
0.005000000000000	8.872455292811306
0.006000000000000	8.218131739185509
0.007000000000000	6.805037242693036
0.008000000000000	6.191461483724307
0.009000000000000	5.647546342263647
0.010000000000000	6.483924469137708
0.011000000000000	4.966472272358250
0.012000000000000	4.047474237544105
0.013000000000000	5.584175304632955
0.014000000000000	4.730127333668119
0.015000000000000	3.212111091619446
0.016000000000000	1.806146079577455
0.017000000000000	0.382507263730378
0.018000000000000	0.000000000000000
0.019000000000000	0.000000000000000
0.020000000000000	0.000000000000000
0.021000000000000	0.000000000000000
0.022000000000000	0.000000000000000
0.023000000000000	0.000000000000000
0.024000000000000	0.000000000000000
0.025000000000000	0.000000000000000
