-0.025000000000000	0.000000000000000
-0.024000000000000	0.000000000000000
-0.023000000000000	0.000000000000000
-0.022000000000000	0.000000000000000
-0.021000000000000	0.000000000000000
-0.020000000000000	0.000000000000000
-0.019000000000000	0.008275861885937
-0.018000000000000	0.956757975015789
-0.017000000000000	1.335623423671787
-0.016000000000000	1.163337431850587
-0.015000000000000	0.822486166309699
-0.014000000000000	1.225754560395714
-0.013000000000000	0.787289258748288
-0.012000000000000	2.722448937440646
-0.011000000000000	4.533281045250996
-0.010000000000000	5.170224234502618
-0.009000000000000	5.689603163017857
-0.008000000000000	9.588019112114818
-0.007000000000000	11.498496443695023
-0.006000000000000	13.138362510312119
-0.005000000000000	14.181189006947619
-0.004000000000000	18.520298798530277
-0.003000000000000	33.157645879586916
-0.002000000000000	28.792804381080416
-0.001000000000000	19.995110530915905
0.000000000000000	18.155562257730807
0.001000000000000	17.858345937793288
0.002000000000000	17.556143233412680
0.003000000000000	7.067470194485717
0.004000000000000	5.820439576829560
0.005000000000000	5.355915664552563
0.006000000000000	5.487644571614969
0.007000000000000	4.652841010723916
0.008000000000000	4.194498438851002
0.009000000000000	4.490844061526802
0.010000000000000	3.419289759351495
0.011000000000000	4.119018311483734
0.012000000000000	5.147877285376954
0.013000000000000	9.605569069484446
0.014000000000000	10.946724119035364
0.015000000000000	5.503299149812953
0.016000000000000	2.366007462488255
0.017000000000000	1.370112250233849
0.018000000000000	0.905306128998469
0.019000000000000	0.066787499964021
0.020000000000000	0.000000000000000
0.021000000000000	0.000000000000000
0.022000000000000	0.000000000000000
0.023000000000000	0.000000000000000
0.024000000000000	0.000000000000000
0.025000000000000	0.000000000000000
