-0.025000000000000	0.000000000000000
-0.024000000000000	0.000000000000000
-0.023000000000000	0.000000000000000
-0.022000000000000	0.000000000000000
-0.021000000000000	0.000000000000000
-0.020000000000000	0.000000000000000
-0.019000000000000	0.000000000000000
-0.018000000000000	0.000000000000000
-0.017000000000000	0.000000000000000
-0.016000000000000	0.537694496367513
-0.015000000000000	1.214342394725630
-0.014000000000000	1.570998339428242
-0.013000000000000	2.037783359716469
-0.012000000000000	2.602307791048342
-0.011000000000000	1.467573067286314
-0.010000000000000	2.417063607599683
-0.009000000000000	2.076308157695452
-0.008000000000000	2.970137944973587
-0.007000000000000	2.790675546435909
-0.006000000000000	11.024831170642823
-0.005000000000000	18.130052969946085
-0.004000000000000	19.467861545241853
-0.003000000000000	21.978121113513033
-0.002000000000000	28.986358896532970
-0.001000000000000	24.705543587151094
0.000000000000000	24.185686299844541
0.001000000000000	20.083006982995897
0.002000000000000	17.284236868992085
0.003000000000000	8.338094265054874
0.004000000000000	4.809360599015664
0.005000000000000	5.877542177396089
0.006000000000000	3.932930366710497
0.007000000000000	3.791452865716486
0.008000000000000	4.947243244973663
0.009000000000000	4.837331473786734
0.010000000000000	4.464182023611571
0.011000000000000	3.766868636998655
0.012000000000000	4.307996307394864
0.013000000000000	4.947718283451265
0.014000000000000	3.005764990022749
0.015000000000000	2.467256043845376
0.016000000000000	2.565309351362668
0.017000000000000	0.306415595729020
0.018000000000000	0.000000000000000
0.019000000000000	0.000000000000000
0.020000000000000	0.000000000000000
0.021000000000000	0.000000000000000
0.022000000000000	0.000000000000000
0.023000000000000	0.000000000000000
0.024000000000000	0.000000000000000
0.025000000000000	0.000000000000000
