-0.025000000000000	0.000000000000000
-0.024000000000000	0.000000000000000
-0.023000000000000	0.000000000000000
-0.022000000000000	0.000000000000000
-0.021000000000000	0.000000000000000
-0.020000000000000	0.000000000000000
-0.019000000000000	0.000000000000000
-0.018000000000000	0.000000000000000
-0.017000000000000	0.000000000000000
-0.016000000000000	0.000000000000000
-0.015000000000000	0.000000000000000
-0.014000000000000	0.000000000000000
-0.013000000000000	0.000000000000000
-0.012000000000000	0.000000000000000
-0.011000000000000	0.478867998593965
-0.010000000000000	2.353421741551621
-0.009000000000000	2.395831537838814
-0.008000000000000	2.263882085263075
-0.007000000000000	2.551719267841113
-0.006000000000000	2.516255114346972
-0.005000000000000	2.402011576654601
-0.004000000000000	9.468607704628784
-0.003000000000000	12.792697982783002
-0.002000000000000	14.006210732056761
-0.001000000000000	12.751114533720381
0.000000000000000	16.315123602002760
0.001000000000000	25.164967328569624
0.002000000000000	28.001280259029841
0.003000000000000	5.771112554778085
0.004000000000000	1.824620176295599
0.005000000000000	0.510707693658851
0.006000000000000	1.021557604986902
0.007000000000000	0.976987805944457
0.008000000000000	1.052096447626471
0.009000000000000	0.606926619334301
0.010000000000000	0.306590130813463
0.011000000000000	1.093237791894031
0.012000000000000	0.254976318712830
0.013000000000000	1.177454253421603
0.014000000000000	0.617149083862755
0.015000000000000	0.280463498842107
0.016000000000000	0.774957101029101
0.017000000000000	0.801122365330391
0.018000000000000	0.462981249615591
0.019000000000000	0.656879383025632
0.020000000000000	0.213648247434790
0.021000000000000	0.000000000000000
0.022000000000000	0.000000000000000
0.023000000000000	0.000000000000000
0.024000000000000	0.000000000000000
0.025000000000000	0.000000000000000
