-0.025000000000000	0.000000000000000
-0.024000000000000	0.000000000000000
-0.023000000000000	0.000000000000000
-0.022000000000000	0.000000000000000
-0.021000000000000	0.000000000000000
-0.020000000000000	0.000000000000000
-0.019000000000000	0.000000000000000
-0.018000000000000	0.000000000000000
-0.017000000000000	0.000000000000000
-0.016000000000000	0.000000000000000
-0.015000000000000	0.000000000000000
-0.014000000000000	0.000000000000000
-0.013000000000000	0.302056043509142
-0.012000000000000	2.308300362835542
-0.011000000000000	2.571020794923389
-0.010000000000000	3.244379744470426
-0.009000000000000	4.611780502873508
-0.008000000000000	6.964798198273722
-0.007000000000000	5.426115265694990
-0.006000000000000	8.025264084664574
-0.005000000000000	10.606590616128530
-0.004000000000000	13.025041794455241
-0.003000000000000	15.686587806136560
-0.002000000000000	18.538771087595027
-0.001000000000000	16.457053779193682
0.000000000000000	12.168063650642029
0.001000000000000	14.839958822468478
0.002000000000000	15.434079027912045
0.003000000000000	8.720296765366527
0.004000000000000	8.299246039355584
0.005000000000000	8.857951767745229
0.006000000000000	10.504247753946034
0.007000000000000	10.511172809520971
0.008000000000000	3.141098188159169
0.009000000000000	1.765201096887166
0.010000000000000	1.608765217695801
0.011000000000000	1.051759659375996
0.012000000000000	1.121163986710519
0.013000000000000	1.132204807296350
0.014000000000000	1.463750214958129
0.015000000000000	1.168416039843013
0.016000000000000	0.583722717398481
0.017000000000000	0.330548098148386
0.018000000000000	0.447839410190943
0.019000000000000	0.573174848253464
0.020000000000000	0.668820286488075
0.021000000000000	0.404628550253539
0.022000000000000	0.095606610018677
0.023000000000000	0.000000000000000
0.024000000000000	0.000000000000000
0.025000000000000	0.000000000000000
