-0.025000000000000	0.000000000000000
-0.024000000000000	0.000000000000000
-0.023000000000000	0.000000000000000
-0.022000000000000	0.000000000000000
-0.021000000000000	0.000000000000000
-0.020000000000000	0.000000000000000
-0.019000000000000	0.000000000000000
-0.018000000000000	0.000000000000000
-0.017000000000000	0.000000000000000
-0.016000000000000	0.000000000000000
-0.015000000000000	0.000000000000000
-0.014000000000000	0.000000000000000
-0.013000000000000	0.000000000000000
-0.012000000000000	0.000000000000000
-0.011000000000000	0.871274612304703
-0.010000000000000	2.227999536234664
-0.009000000000000	3.871772285406105
-0.008000000000000	5.056897846992187
-0.007000000000000	5.040759282033179
-0.006000000000000	6.270784749065961
-0.005000000000000	10.959420113897039
-0.004000000000000	17.298092099595589
-0.003000000000000	25.382667070723624
-0.002000000000000	37.908376656196403
-0.001000000000000	50.060452608043605
0.000000000000000	36.131668255361880
0.001000000000000	23.823610767308505
0.002000000000000	18.825626057110707
0.003000000000000	7.275585008061354
0.004000000000000	3.919207096049768
0.005000000000000	4.283997581265058
0.006000000000000	3.908970325216522
0.007000000000000	3.843394105625447
0.008000000000000	4.632775612091808
0.009000000000000	4.242323724004454
0.010000000000000	5.049950477823725
0.011000000000000	4.416076679471598
0.012000000000000	4.333625457268406
0.013000000000000	4.264712446948354
0.014000000000000	2.047673917073086
0.015000000000000	0.376335070863892
0.016000000000000	0.305341234118060
0.017000000000000	0.642228097602615
0.018000000000000	0.141028192383629
0.019000000000000	0.101513954568122
0.020000000000000	0.000000000000000
0.021000000000000	0.000000000000000
0.022000000000000	0.000000000000000
0.023000000000000	0.000000000000000
0.024000000000000	0.000000000000000
0.025000000000000	0.000000000000000
