-0.025000000000000	0.000000000000000
-0.024000000000000	0.000000000000000
-0.023000000000000	0.000000000000000
-0.022000000000000	0.000000000000000
-0.021000000000000	0.000000000000000
-0.020000000000000	0.000000000000000
-0.019000000000000	0.000000000000000
-0.018000000000000	0.586020152052981
-0.017000000000000	1.341047608699007
-0.016000000000000	0.675298582955647
-0.015000000000000	1.356858434652453
-0.014000000000000	1.034098891419292
-0.013000000000000	1.204360604539336
-0.012000000000000	1.806964400498556
-0.011000000000000	1.599621935177002
-0.010000000000000	1.575156744095136
-0.009000000000000	4.214569617769317
-0.008000000000000	4.642028626891206
-0.007000000000000	4.966743719144389
-0.006000000000000	6.215093645121900
-0.005000000000000	6.591648907491845
-0.004000000000000	11.571564235213755
-0.003000000000000	19.917910221647769
-0.002000000000000	24.232647565613469
-0.001000000000000	25.142478958755564
0.000000000000000	24.075517868046941
0.001000000000000	18.676979407168865
0.002000000000000	14.552337228303493
0.003000000000000	11.585570779041770
0.004000000000000	10.702958492898524
0.005000000000000	11.068751139781613
0.006000000000000	11.339365606434166
0.007000000000000	7.771077195258870
0.008000000000000	4.364864643009800
0.009000000000000	3.006866510744872
0.010000000000000	2.279103248993123
0.011000000000000	1.309610968543973
0.012000000000000	0.682830965571451
0.013000000000000	0.563420610337815
0.014000000000000	0.878426083898824
0.015000000000000	0.804581481372681
0.016000000000000	0.304764239977028
0.017000000000000	0.678344829635323
0.018000000000000	0.736193628712122
0.019000000000000	0.697359123298984
0.020000000000000	0.522724046201642
0.021000000000000	0.522018584385652
0.022000000000000	0.004218189747100
0.023000000000000	0.000000000000000
0.024000000000000	0.000000000000000
0.025000000000000	0.000000000000000
