-0.025000000000000	0.000000000000000
-0.024000000000000	0.000000000000000
-0.023000000000000	0.000000000000000
-0.022000000000000	0.000000000000000
-0.021000000000000	0.000000000000000
-0.020000000000000	0.000000000000000
-0.019000000000000	0.000000000000000
-0.018000000000000	0.000000000000000
-0.017000000000000	0.000000000000000
-0.016000000000000	0.000000000000000
-0.015000000000000	0.000000000000000
-0.014000000000000	0.000000000000000
-0.013000000000000	0.000000000000000
-0.012000000000000	0.000000000000000
-0.011000000000000	0.000000000000000
-0.010000000000000	0.000000000000000
-0.009000000000000	0.000000000000000
-0.008000000000000	0.000000000000000
-0.007000000000000	1.977919491133296
-0.006000000000000	13.785647214935176
-0.005000000000000	23.274959962004981
-0.004000000000000	27.735260495066314
-0.003000000000000	25.382231624291375
-0.002000000000000	27.788012880921912
-0.001000000000000	26.112194931198523
0.000000000000000	28.565960669308403
0.001000000000000	16.730390926345397
0.002000000000000	11.436414227235113
0.003000000000000	10.347905132489039
0.004000000000000	9.976822908237159
0.005000000000000	10.177578020356250
0.006000000000000	9.023604821238974
0.007000000000000	9.585426294220602
0.008000000000000	7.310551370056601
0.009000000000000	3.059311969651778
0.010000000000000	2.877546102097164
0.011000000000000	1.383291074976750
0.012000000000000	1.252712706090100
0.013000000000000	0.798740132161396
0.014000000000000	1.357148561848338
0.015000000000000	0.876948041926990
0.016000000000000	0.379761064893624
0.017000000000000	0.359142645775877
0.018000000000000	0.036800033321031
0.019000000000000	0.000000000000000
0.020000000000000	0.000000000000000
0.021000000000000	0.000000000000000
0.022000000000000	0.000000000000000
0.023000000000000	0.000000000000000
0.024000000000000	0.000000000000000
0.025000000000000	0.000000000000000
