-0.025000000000000	0.000000000000000
-0.024000000000000	0.000000000000000
-0.023000000000000	0.000000000000000
-0.022000000000000	0.000000000000000
-0.021000000000000	0.000000000000000
-0.020000000000000	0.000000000000000
-0.019000000000000	0.000000000000000
-0.018000000000000	0.000000000000000
-0.017000000000000	0.000000000000000
-0.016000000000000	0.000000000000000
-0.015000000000000	0.000000000000000
-0.014000000000000	0.000000000000000
-0.013000000000000	0.000000000000000
-0.012000000000000	0.000000000000000
-0.011000000000000	0.000000000000000
-0.010000000000000	0.000000000000000
-0.009000000000000	0.000000000000000
-0.008000000000000	0.000000000000000
-0.007000000000000	0.045154959107468
-0.006000000000000	5.789464036339360
-0.005000000000000	19.511846268741742
-0.004000000000000	26.263237946734968
-0.003000000000000	34.135915429848836
-0.002000000000000	26.179645072714361
-0.001000000000000	25.643339729524509
0.000000000000000	25.558598627646983
0.001000000000000	13.531934445962841
0.002000000000000	8.992870422138818
0.003000000000000	8.671260823870707
0.004000000000000	9.339943053065817
0.005000000000000	11.373273872578970
0.006000000000000	12.924928466529597
0.007000000000000	2.002387524075402
0.008000000000000	2.094864134364979
0.009000000000000	1.245345368358331
0.010000000000000	1.597864329951747
0.011000000000000	0.915825180295266
0.012000000000000	1.300770710144329
0.013000000000000	1.285139824731830
0.014000000000000	1.332579870278491
0.015000000000000	1.170555034287138
0.016000000000000	1.149362834188265
0.017000000000000	1.465161420746570
0.018000000000000	0.480533718609553
0.019000000000000	0.000000000000000
0.020000000000000	0.000000000000000
0.021000000000000	0.000000000000000
0.022000000000000	0.000000000000000
0.023000000000000	0.000000000000000
0.024000000000000	0.000000000000000
0.025000000000000	0.000000000000000
