-0.025000000000000	0.000000000000000
-0.024000000000000	0.000000000000000
-0.023000000000000	0.000000000000000
-0.022000000000000	0.000000000000000
-0.021000000000000	0.000000000000000
-0.020000000000000	0.000000000000000
-0.019000000000000	0.000000000000000
-0.018000000000000	0.000000000000000
-0.017000000000000	0.000000000000000
-0.016000000000000	0.000000000000000
-0.015000000000000	0.000000000000000
-0.014000000000000	0.000000000000000
-0.013000000000000	0.000000000000000
-0.012000000000000	0.000000000000000
-0.011000000000000	0.000000000000000
-0.010000000000000	0.000000000000000
-0.009000000000000	0.000000000000000
-0.008000000000000	0.000000000000000
-0.007000000000000	0.994705896265597
-0.006000000000000	3.590942866602874
-0.005000000000000	9.014128725390819
-0.004000000000000	19.015021350767977
-0.003000000000000	28.403072098260434
-0.002000000000000	31.281896931100938
-0.001000000000000	29.310222779354138
0.000000000000000	31.271734137646860
0.001000000000000	24.723030470049537
0.002000000000000	11.404501200075936
0.003000000000000	10.956463224781517
0.004000000000000	9.594178685377507
0.005000000000000	3.831866621454508
0.006000000000000	2.709329507164212
0.007000000000000	1.854790605054089
0.008000000000000	2.485102221510463
0.009000000000000	2.126134030623554
0.010000000000000	1.245376885716532
0.011000000000000	1.647275439226734
0.012000000000000	1.141460760707549
0.013000000000000	1.474334533584463
0.014000000000000	0.986808369005819
0.015000000000000	0.693594342074642
0.016000000000000	0.627791048401275
0.017000000000000	0.752438360807916
0.018000000000000	0.560459361073079
0.019000000000000	0.040940114959563
0.020000000000000	0.000000000000000
0.021000000000000	0.000000000000000
0.022000000000000	0.000000000000000
0.023000000000000	0.000000000000000
0.024000000000000	0.000000000000000
0.025000000000000	0.000000000000000
