-0.025000000000000	0.000000000000000
-0.024000000000000	0.000000000000000
-0.023000000000000	0.000000000000000
-0.022000000000000	0.000000000000000
-0.021000000000000	0.000000000000000
-0.020000000000000	0.000000000000000
-0.019000000000000	0.000000000000000
-0.018000000000000	0.000000000000000
-0.017000000000000	0.000000000000000
-0.016000000000000	0.000000000000000
-0.015000000000000	0.000000000000000
-0.014000000000000	0.000000000000000
-0.013000000000000	0.000000000000000
-0.012000000000000	0.000000000000000
-0.011000000000000	0.000000000000000
-0.010000000000000	0.645905924569581
-0.009000000000000	4.416473360356540
-0.008000000000000	4.912525125227644
-0.007000000000000	5.298401418027074
-0.006000000000000	6.144097271160526
-0.005000000000000	7.989046227297663
-0.004000000000000	10.457733131206263
-0.003000000000000	28.921004101473120
-0.002000000000000	44.834606822529565
-0.001000000000000	44.015598199343472
0.000000000000000	31.100271243652035
0.001000000000000	24.802847398307186
0.002000000000000	16.313757813043914
0.003000000000000	6.526918018641081
0.004000000000000	3.708119316740861
0.005000000000000	3.932428226649970
0.006000000000000	2.656654498987288
0.007000000000000	2.725169481703091
0.008000000000000	2.544203033037610
0.009000000000000	2.095504875168483
0.010000000000000	2.415034234103788
0.011000000000000	2.073360991212071
0.012000000000000	2.622529432988254
0.013000000000000	1.711823522613245
0.014000000000000	1.429667876978516
0.015000000000000	1.707334353600958
0.016000000000000	1.441803080715726
0.017000000000000	2.037867085043689
0.018000000000000	0.888481979975298
0.019000000000000	0.640116099149545
0.020000000000000	1.400100427325038
0.021000000000000	0.578178122373732
0.022000000000000	0.183940830557945
0.023000000000000	0.000000000000000
0.024000000000000	0.000000000000000
0.025000000000000	0.000000000000000
