-0.025000000000000	0.000000000000000
-0.024000000000000	0.000000000000000
-0.023000000000000	0.000000000000000
-0.022000000000000	0.000000000000000
-0.021000000000000	0.000000000000000
-0.020000000000000	0.000000000000000
-0.019000000000000	0.000000000000000
-0.018000000000000	0.000000000000000
-0.017000000000000	0.000000000000000
-0.016000000000000	0.000000000000000
-0.015000000000000	0.000000000000000
-0.014000000000000	0.000000000000000
-0.013000000000000	0.000000000000000
-0.012000000000000	0.000000000000000
-0.011000000000000	0.000000000000000
-0.010000000000000	0.000000000000000
-0.009000000000000	0.341911458536229
-0.008000000000000	3.366763798892641
-0.007000000000000	4.280645005173559
-0.006000000000000	8.895628015189684
-0.005000000000000	14.693728504427083
-0.004000000000000	23.698075980769321
-0.003000000000000	32.092737305910291
-0.002000000000000	30.976379136014412
-0.001000000000000	27.797207421143462
0.000000000000000	26.356991408360834
0.001000000000000	25.486091527836933
0.002000000000000	13.657140329076256
0.003000000000000	8.241310644262571
0.004000000000000	7.231078319050770
0.005000000000000	8.237729441488899
0.006000000000000	5.835387632086256
0.007000000000000	6.949463357437421
0.008000000000000	3.607114752808346
0.009000000000000	2.289219900374619
0.010000000000000	2.528650941919269
0.011000000000000	1.406910776800440
0.012000000000000	1.794864025060759
0.013000000000000	1.373191878266577
0.014000000000000	1.733764590708323
0.015000000000000	1.469050890972670
0.016000000000000	1.514614744319614
0.017000000000000	1.076251892428236
0.018000000000000	0.880662222632664
0.019000000000000	0.206002606820313
0.020000000000000	0.000000000000000
0.021000000000000	0.000000000000000
0.022000000000000	0.000000000000000
0.023000000000000	0.000000000000000
0.024000000000000	0.000000000000000
0.025000000000000	0.000000000000000
