-0.025000000000000	0.000000000000000
-0.024000000000000	0.000000000000000
-0.023000000000000	0.000000000000000
-0.022000000000000	0.000000000000000
-0.021000000000000	0.000000000000000
-0.020000000000000	0.000000000000000
-0.019000000000000	0.000000000000000
-0.018000000000000	0.000000000000000
-0.017000000000000	0.000000000000000
-0.016000000000000	0.000000000000000
-0.015000000000000	0.000000000000000
-0.014000000000000	0.000000000000000
-0.013000000000000	0.000000000000000
-0.012000000000000	0.000000000000000
-0.011000000000000	0.000000000000000
-0.010000000000000	1.089391877821525
-0.009000000000000	2.315234590963719
-0.008000000000000	2.053064243355224
-0.007000000000000	2.217948672782769
-0.006000000000000	2.354901458214351
-0.005000000000000	3.402054087861022
-0.004000000000000	4.612096354473941
-0.003000000000000	32.212579531758642
-0.002000000000000	35.262380651154828
-0.001000000000000	31.336733303440269
0.000000000000000	31.645171074819839
0.001000000000000	23.859921548371616
0.002000000000000	17.473743846363472
0.003000000000000	4.890358708025882
0.004000000000000	3.026571982413479
0.005000000000000	2.855183461781436
0.006000000000000	1.943076855530406
0.007000000000000	2.160722458111314
0.008000000000000	1.709935605860392
0.009000000000000	1.999686019498081
0.010000000000000	2.387348510497667
0.011000000000000	1.982625789503081
0.012000000000000	1.554246051584809
0.013000000000000	0.986834774376073
0.014000000000000	1.278737743303415
0.015000000000000	1.287458366971734
0.016000000000000	0.866056650033392
0.017000000000000	0.428219710366262
0.018000000000000	0.608671412474938
0.019000000000000	0.407883434966489
0.020000000000000	0.023723536379572
0.021000000000000	0.000000000000000
0.022000000000000	0.000000000000000
0.023000000000000	0.000000000000000
0.024000000000000	0.000000000000000
0.025000000000000	0.000000000000000
