-0.025000000000000	0.000000000000000
-0.024000000000000	0.000000000000000
-0.023000000000000	0.000000000000000
-0.022000000000000	0.000000000000000
-0.021000000000000	0.000000000000000
-0.020000000000000	0.000000000000000
-0.019000000000000	0.000000000000000
-0.018000000000000	0.000000000000000
-0.017000000000000	0.000000000000000
-0.016000000000000	0.000000000000000
-0.015000000000000	0.000000000000000
-0.014000000000000	0.000000000000000
-0.013000000000000	0.000000000000000
-0.012000000000000	0.000000000000000
-0.011000000000000	0.000000000000000
-0.010000000000000	0.333976901754333
-0.009000000000000	2.069558823862269
-0.008000000000000	2.448712692263062
-0.007000000000000	2.453987672174111
-0.006000000000000	3.305552630807815
-0.005000000000000	3.217294778387739
-0.004000000000000	4.234761929900634
-0.003000000000000	14.866625638653449
-0.002000000000000	26.328455522469760
-0.001000000000000	22.963204578172633
0.000000000000000	18.598452924725002
0.001000000000000	16.702320058570308
0.002000000000000	19.662262258464679
0.003000000000000	7.554334901342628
0.004000000000000	1.258187590566117
0.005000000000000	1.314382869098889
0.006000000000000	0.526819967029639
0.007000000000000	1.515342292343703
0.008000000000000	0.783072728829270
0.009000000000000	0.998884879496593
0.010000000000000	0.585647810744168
0.011000000000000	0.490510372056694
0.012000000000000	0.693666566660066
0.013000000000000	0.825826500811237
0.014000000000000	0.934596714476745
0.015000000000000	0.612594659726478
0.016000000000000	0.125747971729566
0.017000000000000	0.656418845957376
0.018000000000000	0.838051975601976
0.019000000000000	0.653112016602308
0.020000000000000	0.354893317620251
0.021000000000000	0.557595484910374
0.022000000000000	0.054923501540996
0.023000000000000	0.000000000000000
0.024000000000000	0.000000000000000
0.025000000000000	0.000000000000000
