-0.025000000000000	0.000000000000000
-0.024000000000000	0.000000000000000
-0.023000000000000	0.000000000000000
-0.022000000000000	0.000000000000000
-0.021000000000000	0.000000000000000
-0.020000000000000	0.000000000000000
-0.019000000000000	0.000000000000000
-0.018000000000000	0.000000000000000
-0.017000000000000	0.000000000000000
-0.016000000000000	0.000000000000000
-0.015000000000000	0.000000000000000
-0.014000000000000	0.006616946242714
-0.013000000000000	0.286592768179617
-0.012000000000000	1.418321757321657
-0.011000000000000	2.103266986515802
-0.010000000000000	2.624613690404508
-0.009000000000000	3.258434434575039
-0.008000000000000	3.767008513976759
-0.007000000000000	3.700266741618614
-0.006000000000000	6.197591225859298
-0.005000000000000	17.690283032298872
-0.004000000000000	20.072057148280599
-0.003000000000000	17.103737026214702
-0.002000000000000	13.745126948553187
-0.001000000000000	10.855035340047451
0.000000000000000	10.387436467882333
0.001000000000000	10.827153395887981
0.002000000000000	6.614469811516237
0.003000000000000	4.370492894021634
0.004000000000000	4.793425586960397
0.005000000000000	4.233940191141525
0.006000000000000	3.368686998493722
0.007000000000000	3.103144882697000
0.008000000000000	3.238948047034421
0.009000000000000	4.221740708628606
0.010000000000000	3.306056202775123
0.011000000000000	2.991890941502696
0.012000000000000	3.825524298807790
0.013000000000000	4.016207918569437
0.014000000000000	4.413059866194335
0.015000000000000	2.764305104423548
0.016000000000000	0.000232510151966
0.017000000000000	0.000000000000000
0.018000000000000	0.000000000000000
0.019000000000000	0.000000000000000
0.020000000000000	0.000000000000000
0.021000000000000	0.000000000000000
0.022000000000000	0.000000000000000
0.023000000000000	0.000000000000000
0.024000000000000	0.000000000000000
0.025000000000000	0.000000000000000
