-0.025000000000000	0.000000000000000
-0.024000000000000	0.000000000000000
-0.023000000000000	0.000000000000000
-0.022000000000000	0.000000000000000
-0.021000000000000	0.000000000000000
-0.020000000000000	0.000000000000000
-0.019000000000000	0.000000000000000
-0.018000000000000	0.000000000000000
-0.017000000000000	0.772829818959157
-0.016000000000000	1.823468996909589
-0.015000000000000	0.875255836888903
-0.014000000000000	1.429205532169951
-0.013000000000000	0.880485094687501
-0.012000000000000	0.672924213776123
-0.011000000000000	0.787848887783357
-0.010000000000000	2.717430099278241
-0.009000000000000	6.142315104017007
-0.008000000000000	7.067978092954812
-0.007000000000000	7.602261247786979
-0.006000000000000	9.253336235792858
-0.005000000000000	12.653645623909153
-0.004000000000000	16.447851289703397
-0.003000000000000	22.562524281343805
-0.002000000000000	20.066806852000809
-0.001000000000000	20.022732134587873
0.000000000000000	15.362611199409670
0.001000000000000	15.494367395164669
0.002000000000000	14.109495475626337
0.003000000000000	15.218862627334154
0.004000000000000	18.033621378485307
0.005000000000000	15.809177621744096
0.006000000000000	11.134265413815186
0.007000000000000	3.141539495041527
0.008000000000000	2.180587949649195
0.009000000000000	2.627869606197873
0.010000000000000	2.082319696477495
0.011000000000000	1.528108859160652
0.012000000000000	1.948102586185785
0.013000000000000	1.736534765031442
0.014000000000000	1.445561965048980
0.015000000000000	2.377266697338733
0.016000000000000	1.606938947489565
0.017000000000000	1.081058691487510
0.018000000000000	0.784583454699339
0.019000000000000	0.783882916913657
0.020000000000000	0.355614612323975
0.021000000000000	0.619361705491907
0.022000000000000	0.092555025900960
0.023000000000000	0.000000000000000
0.024000000000000	0.000000000000000
0.025000000000000	0.000000000000000
