-0.025000000000000	0.000000000000000
-0.024000000000000	0.000000000000000
-0.023000000000000	0.000000000000000
-0.022000000000000	0.000000000000000
-0.021000000000000	0.000000000000000
-0.020000000000000	0.000000000000000
-0.019000000000000	0.000000000000000
-0.018000000000000	0.000000000000000
-0.017000000000000	0.133480127756537
-0.016000000000000	0.953766424102844
-0.015000000000000	1.207499271825317
-0.014000000000000	0.761867331416015
-0.013000000000000	2.000348380452350
-0.012000000000000	2.538402067848135
-0.011000000000000	3.774367608663453
-0.010000000000000	5.073506873248537
-0.009000000000000	4.591383448241139
-0.008000000000000	6.779244601358324
-0.007000000000000	10.118247045369959
-0.006000000000000	13.743967818193092
-0.005000000000000	13.862044260262529
-0.004000000000000	14.383786175922003
-0.003000000000000	11.743185227219231
-0.002000000000000	9.038573374070943
-0.001000000000000	9.754460043464350
0.000000000000000	7.914710597752574
0.001000000000000	7.652313650590448
0.002000000000000	7.484869163958902
0.003000000000000	8.085436932577341
0.004000000000000	5.284172932634136
0.005000000000000	4.221899776792259
0.006000000000000	5.685898984751499
0.007000000000000	5.191989486149003
0.008000000000000	4.475662654022464
0.009000000000000	5.337625171358644
0.010000000000000	6.318828788713798
0.011000000000000	5.208896874935618
0.012000000000000	5.566361001509981
0.013000000000000	5.897754359362165
0.014000000000000	4.598957614709961
0.015000000000000	3.032272077816777
0.016000000000000	0.382532137362931
0.017000000000000	0.600498804750055
0.018000000000000	0.125295839144481
0.019000000000000	0.000000000000000
0.020000000000000	0.000000000000000
0.021000000000000	0.000000000000000
0.022000000000000	0.000000000000000
0.023000000000000	0.000000000000000
0.024000000000000	0.000000000000000
0.025000000000000	0.000000000000000
