-0.025000000000000	0.000000000000000
-0.024000000000000	0.000000000000000
-0.023000000000000	0.000000000000000
-0.022000000000000	0.000000000000000
-0.021000000000000	0.000000000000000
-0.020000000000000	0.000000000000000
-0.019000000000000	0.000000000000000
-0.018000000000000	0.000000000000000
-0.017000000000000	0.000000000000000
-0.016000000000000	0.383054803482872
-0.015000000000000	0.928412377406676
-0.014000000000000	0.920612617346479
-0.013000000000000	0.890955553030632
-0.012000000000000	0.485737024250619
-0.011000000000000	0.968189311431677
-0.010000000000000	3.114272806067458
-0.009000000000000	3.866461248109660
-0.008000000000000	5.184010618520073
-0.007000000000000	5.698516413233848
-0.006000000000000	6.825805712244512
-0.005000000000000	8.922593365399841
-0.004000000000000	21.564414809081171
-0.003000000000000	29.625262804613481
-0.002000000000000	30.965655047420004
-0.001000000000000	28.872200386677076
0.000000000000000	20.392594870350244
0.001000000000000	17.941246482617490
0.002000000000000	9.446022078897688
0.003000000000000	5.234231491397698
0.004000000000000	3.627404512837884
0.005000000000000	3.318907122731690
0.006000000000000	3.343138176926602
0.007000000000000	2.668086243520259
0.008000000000000	3.194214654695936
0.009000000000000	3.363524122516103
0.010000000000000	2.452489545947460
0.011000000000000	3.345053696549527
0.012000000000000	3.551512048674898
0.013000000000000	6.113374224736607
0.014000000000000	7.575414298748409
0.015000000000000	4.558319901857983
0.016000000000000	1.541836442906403
0.017000000000000	0.028003565066380
0.018000000000000	0.000000000000000
0.019000000000000	0.000000000000000
0.020000000000000	0.000000000000000
0.021000000000000	0.000000000000000
0.022000000000000	0.000000000000000
0.023000000000000	0.000000000000000
0.024000000000000	0.000000000000000
0.025000000000000	0.000000000000000
