-0.025000000000000	0.000000000000000
-0.024000000000000	0.000000000000000
-0.023000000000000	0.000000000000000
-0.022000000000000	0.000000000000000
-0.021000000000000	0.000000000000000
-0.020000000000000	0.000000000000000
-0.019000000000000	0.000000000000000
-0.018000000000000	0.000000000000000
-0.017000000000000	0.000000000000000
-0.016000000000000	0.000000000000000
-0.015000000000000	0.000000000000000
-0.014000000000000	0.000000000000000
-0.013000000000000	0.000000000000000
-0.012000000000000	0.129826605738509
-0.011000000000000	1.278554822267785
-0.010000000000000	1.885286533624020
-0.009000000000000	3.095807016921412
-0.008000000000000	3.477823269141099
-0.007000000000000	7.437296733169080
-0.006000000000000	15.166432730006280
-0.005000000000000	21.701812472925852
-0.004000000000000	26.218245644825515
-0.003000000000000	25.027172833813747
-0.002000000000000	25.091219551635881
-0.001000000000000	21.289086977720800
0.000000000000000	14.283814532049831
0.001000000000000	14.340744812195359
0.002000000000000	11.622244404090637
0.003000000000000	11.873158188242504
0.004000000000000	11.804025013052280
0.005000000000000	17.055139514052623
0.006000000000000	8.965442812205488
0.007000000000000	3.139947161810869
0.008000000000000	2.482891638023353
0.009000000000000	2.806641786193008
0.010000000000000	3.287698207456773
0.011000000000000	3.538897349358341
0.012000000000000	2.484917073342133
0.013000000000000	1.138130347946185
0.014000000000000	2.234744203444885
0.015000000000000	3.643959346992141
0.016000000000000	3.918729783116834
0.017000000000000	0.154030606572381
0.018000000000000	0.000000000000000
0.019000000000000	0.000000000000000
0.020000000000000	0.000000000000000
0.021000000000000	0.000000000000000
0.022000000000000	0.000000000000000
0.023000000000000	0.000000000000000
0.024000000000000	0.000000000000000
0.025000000000000	0.000000000000000
