-0.025000000000000	0.000000000000000
-0.024000000000000	0.000000000000000
-0.023000000000000	0.000000000000000
-0.022000000000000	0.000000000000000
-0.021000000000000	0.000000000000000
-0.020000000000000	0.000000000000000
-0.019000000000000	0.000000000000000
-0.018000000000000	0.000000000000000
-0.017000000000000	0.000000000000000
-0.016000000000000	0.000000000000000
-0.015000000000000	0.000000000000000
-0.014000000000000	0.000000000000000
-0.013000000000000	0.000000000000000
-0.012000000000000	0.000000000000000
-0.011000000000000	0.000000000000000
-0.010000000000000	0.000000000000000
-0.009000000000000	0.086238967717100
-0.008000000000000	1.198969371301261
-0.007000000000000	2.367429331283968
-0.006000000000000	5.803891372779001
-0.005000000000000	14.893380554798593
-0.004000000000000	20.673610772750067
-0.003000000000000	25.344297765019274
-0.002000000000000	33.734028173850248
-0.001000000000000	24.471150509944362
0.000000000000000	20.483418970107106
0.001000000000000	12.954787797705087
0.002000000000000	7.399488481799383
0.003000000000000	8.063900675376511
0.004000000000000	8.363364220655603
0.005000000000000	9.203939509304623
0.006000000000000	11.259240555947974
0.007000000000000	12.274269362435376
0.008000000000000	3.366793227103487
0.009000000000000	1.402767758988567
0.010000000000000	1.047543578453140
0.011000000000000	0.657930589931315
0.012000000000000	0.726386415656022
0.013000000000000	0.343894347615237
0.014000000000000	0.012335691059757
0.015000000000000	0.940519248582181
0.016000000000000	0.228695066106906
0.017000000000000	0.434010198371691
0.018000000000000	0.233247650961608
0.019000000000000	0.007339868978527
0.020000000000000	0.000000000000000
0.021000000000000	0.000000000000000
0.022000000000000	0.000000000000000
0.023000000000000	0.000000000000000
0.024000000000000	0.000000000000000
0.025000000000000	0.000000000000000
