-0.025000000000000	0.000000000000000
-0.024000000000000	0.000000000000000
-0.023000000000000	0.000000000000000
-0.022000000000000	0.000000000000000
-0.021000000000000	0.000000000000000
-0.020000000000000	0.000000000000000
-0.019000000000000	0.000000000000000
-0.018000000000000	0.000000000000000
-0.017000000000000	0.000000000000000
-0.016000000000000	0.000000000000000
-0.015000000000000	0.000000000000000
-0.014000000000000	0.000000000000000
-0.013000000000000	0.000000000000000
-0.012000000000000	0.000000000000000
-0.011000000000000	0.341217896402539
-0.010000000000000	1.435000819885717
-0.009000000000000	1.220833641324164
-0.008000000000000	1.440438273646327
-0.007000000000000	1.205300069260500
-0.006000000000000	1.801983608502992
-0.005000000000000	2.780984660423820
-0.004000000000000	11.190190131396291
-0.003000000000000	26.229210368768360
-0.002000000000000	27.302761156137006
-0.001000000000000	22.581823419234190
0.000000000000000	16.102479526453905
0.001000000000000	12.893190763815126
0.002000000000000	8.317458854772626
0.003000000000000	3.084855657189395
0.004000000000000	3.197174655877145
0.005000000000000	1.532645861764326
0.006000000000000	1.905748860513938
0.007000000000000	1.395618506129897
0.008000000000000	2.394742893671505
0.009000000000000	1.247377571427464
0.010000000000000	1.084420194353663
0.011000000000000	1.900290058834049
0.012000000000000	1.236510956311174
0.013000000000000	1.402681360874133
0.014000000000000	1.020003030948133
0.015000000000000	1.702743500512805
0.016000000000000	2.552972090541206
0.017000000000000	1.144282921324125
0.018000000000000	0.000000000000000
0.019000000000000	0.000000000000000
0.020000000000000	0.000000000000000
0.021000000000000	0.000000000000000
0.022000000000000	0.000000000000000
0.023000000000000	0.000000000000000
0.024000000000000	0.000000000000000
0.025000000000000	0.000000000000000
