-0.025000000000000	0.000000000000000
-0.024000000000000	0.000000000000000
-0.023000000000000	0.000000000000000
-0.022000000000000	0.000000000000000
-0.021000000000000	0.000000000000000
-0.020000000000000	0.000000000000000
-0.019000000000000	0.000000000000000
-0.018000000000000	0.000000000000000
-0.017000000000000	0.000000000000000
-0.016000000000000	0.000000000000000
-0.015000000000000	0.000000000000000
-0.014000000000000	0.000000000000000
-0.013000000000000	0.000000000000000
-0.012000000000000	0.000000000000000
-0.011000000000000	0.099006822046556
-0.010000000000000	1.345845815512734
-0.009000000000000	1.690701048078589
-0.008000000000000	2.758552584214510
-0.007000000000000	5.043507349466034
-0.006000000000000	13.314247450263336
-0.005000000000000	23.407264827430044
-0.004000000000000	26.394377808032658
-0.003000000000000	28.069820006601486
-0.002000000000000	23.499397493016499
-0.001000000000000	16.377176212824477
0.000000000000000	13.617420707533832
0.001000000000000	9.732611366189428
0.002000000000000	7.092837035054099
0.003000000000000	9.601123211805701
0.004000000000000	15.132308788526091
0.005000000000000	9.609168669932675
0.006000000000000	6.162494785123614
0.007000000000000	4.354441073541851
0.008000000000000	4.484660174226614
0.009000000000000	3.468992961128657
0.010000000000000	3.172433217603067
0.011000000000000	2.102099757361791
0.012000000000000	1.816984904500467
0.013000000000000	2.004585749388467
0.014000000000000	1.463924711302023
0.015000000000000	0.938898839503503
0.016000000000000	1.629779222465064
0.017000000000000	1.433600003953929
0.018000000000000	1.295100423700421
0.019000000000000	1.107412866347256
0.020000000000000	0.334970582728835
0.021000000000000	0.000000000000000
0.022000000000000	0.000000000000000
0.023000000000000	0.000000000000000
0.024000000000000	0.000000000000000
0.025000000000000	0.000000000000000
