-0.025000000000000	0.000000000000000
-0.024000000000000	0.000000000000000
-0.023000000000000	0.000000000000000
-0.022000000000000	0.000000000000000
-0.021000000000000	0.000000000000000
-0.020000000000000	0.000000000000000
-0.019000000000000	0.000000000000000
-0.018000000000000	0.000000000000000
-0.017000000000000	0.000000000000000
-0.016000000000000	0.000000000000000
-0.015000000000000	0.550362825118031
-0.014000000000000	1.062493659775267
-0.013000000000000	1.300843779420418
-0.012000000000000	0.894254443832705
-0.011000000000000	0.597244843676868
-0.010000000000000	0.794677670224625
-0.009000000000000	2.745482732200619
-0.008000000000000	4.244809201683491
-0.007000000000000	4.925274431501521
-0.006000000000000	9.337887003453266
-0.005000000000000	27.556976940111849
-0.004000000000000	31.811501629483562
-0.003000000000000	32.250020045634976
-0.002000000000000	25.394999036878410
-0.001000000000000	22.218707860547909
0.000000000000000	15.929056288526478
0.001000000000000	6.677834906888228
0.002000000000000	5.616731120006373
0.003000000000000	4.470080960858009
0.004000000000000	4.006682315861588
0.005000000000000	3.451432475158887
0.006000000000000	3.447359596481055
0.007000000000000	3.252529425901676
0.008000000000000	3.163329648463847
0.009000000000000	3.005440069552284
0.010000000000000	3.755953130551183
0.011000000000000	2.274652047740995
0.012000000000000	2.651038011494909
0.013000000000000	3.541403138705134
0.014000000000000	5.528339204773044
0.015000000000000	9.886192615433217
0.016000000000000	5.215106476802418
0.017000000000000	2.218771035954842
0.018000000000000	0.026124590804583
0.019000000000000	0.000000000000000
0.020000000000000	0.000000000000000
0.021000000000000	0.000000000000000
0.022000000000000	0.000000000000000
0.023000000000000	0.000000000000000
0.024000000000000	0.000000000000000
0.025000000000000	0.000000000000000
