-0.025000000000000	0.000000000000000
-0.024000000000000	0.000000000000000
-0.023000000000000	0.000000000000000
-0.022000000000000	0.000000000000000
-0.021000000000000	0.000000000000000
-0.020000000000000	0.000000000000000
-0.019000000000000	0.000000000000000
-0.018000000000000	0.000000000000000
-0.017000000000000	0.000000000000000
-0.016000000000000	0.000000000000000
-0.015000000000000	0.000000000000000
-0.014000000000000	0.000000000000000
-0.013000000000000	0.000000000000000
-0.012000000000000	0.000000000000000
-0.011000000000000	0.000000000000000
-0.010000000000000	0.000000000000000
-0.009000000000000	0.000000000000000
-0.008000000000000	0.000000000000000
-0.007000000000000	0.000000000000000
-0.006000000000000	0.000000000000000
-0.005000000000000	2.657842306849364
-0.004000000000000	23.565328047478463
-0.003000000000000	34.928071955693817
-0.002000000000000	42.731514927924152
-0.001000000000000	36.871742309057865
0.000000000000000	32.794576481410388
0.001000000000000	21.135349736691762
0.002000000000000	8.888709309259998
0.003000000000000	6.734490218281262
0.004000000000000	5.208063219614695
0.005000000000000	4.921323787865076
0.006000000000000	4.214797268594728
0.007000000000000	4.007546166453975
0.008000000000000	2.752442740531321
0.009000000000000	2.340394762227525
0.010000000000000	1.335294277105056
0.011000000000000	1.808673049272097
0.012000000000000	2.366849044308128
0.013000000000000	1.047552101133204
0.014000000000000	1.918551551115934
0.015000000000000	0.972210789946867
0.016000000000000	0.581829048674793
0.017000000000000	0.293045821931424
0.018000000000000	0.228956086229551
0.019000000000000	0.000000000000000
0.020000000000000	0.000000000000000
0.021000000000000	0.000000000000000
0.022000000000000	0.000000000000000
0.023000000000000	0.000000000000000
0.024000000000000	0.000000000000000
0.025000000000000	0.000000000000000
