-0.025000000000000	0.000000000000000
-0.024000000000000	0.000000000000000
-0.023000000000000	0.000000000000000
-0.022000000000000	0.000000000000000
-0.021000000000000	0.000000000000000
-0.020000000000000	0.000000000000000
-0.019000000000000	0.000000000000000
-0.018000000000000	0.000000000000000
-0.017000000000000	0.000000000000000
-0.016000000000000	0.000000000000000
-0.015000000000000	0.000000000000000
-0.014000000000000	0.000000000000000
-0.013000000000000	0.000000000000000
-0.012000000000000	0.000000000000000
-0.011000000000000	0.000000000000000
-0.010000000000000	0.549783139649855
-0.009000000000000	1.460710454791206
-0.008000000000000	1.372590732203241
-0.007000000000000	1.870650672326092
-0.006000000000000	2.427763294101852
-0.005000000000000	4.227465302904617
-0.004000000000000	14.086481550552566
-0.003000000000000	25.082726321069153
-0.002000000000000	31.147726397066975
-0.001000000000000	31.655091415497331
0.000000000000000	28.106879198872395
0.001000000000000	18.608292510842411
0.002000000000000	11.600138390958890
0.003000000000000	7.648767711376139
0.004000000000000	7.003760271867008
0.005000000000000	5.587045930185117
0.006000000000000	4.808979858211102
0.007000000000000	5.137579059124511
0.008000000000000	2.647653294723411
0.009000000000000	0.283104219845185
0.010000000000000	0.528804974626287
0.011000000000000	0.912501428670797
0.012000000000000	0.770901642611547
0.013000000000000	0.490289810695904
0.014000000000000	0.247086610444071
0.015000000000000	0.561477532714512
0.016000000000000	0.676802305508024
0.017000000000000	0.692941573012147
0.018000000000000	0.087577026865701
0.019000000000000	0.746998881002633
0.020000000000000	0.447519632743765
0.021000000000000	0.214074874300939
0.022000000000000	0.000000000000000
0.023000000000000	0.000000000000000
0.024000000000000	0.000000000000000
0.025000000000000	0.000000000000000
