-0.025000000000000	0.000000000000000
-0.024000000000000	0.000000000000000
-0.023000000000000	0.000000000000000
-0.022000000000000	0.000000000000000
-0.021000000000000	0.000000000000000
-0.020000000000000	0.000000000000000
-0.019000000000000	0.000000000000000
-0.018000000000000	0.000000000000000
-0.017000000000000	0.000000000000000
-0.016000000000000	0.995064382499863
-0.015000000000000	2.759446421462319
-0.014000000000000	2.570701748377257
-0.013000000000000	2.996162398336706
-0.012000000000000	2.374305397417673
-0.011000000000000	2.791675121516103
-0.010000000000000	3.736690581885066
-0.009000000000000	4.727684567562125
-0.008000000000000	4.842450248773638
-0.007000000000000	6.664905163804331
-0.006000000000000	10.161120060238831
-0.005000000000000	20.262215586955652
-0.004000000000000	20.167753679348603
-0.003000000000000	21.382917973727498
-0.002000000000000	24.117410085095891
-0.001000000000000	19.261555670185135
0.000000000000000	18.673280672242580
0.001000000000000	10.798912185918253
0.002000000000000	8.725818220528708
0.003000000000000	7.331933450804486
0.004000000000000	6.512274149899750
0.005000000000000	8.102009792528655
0.006000000000000	5.656654960530115
0.007000000000000	5.966764766268287
0.008000000000000	7.485990816406817
0.009000000000000	5.136818141506862
0.010000000000000	5.064515121682119
0.011000000000000	8.553730961078310
0.012000000000000	9.342105933146781
0.013000000000000	5.019242762076422
0.014000000000000	4.105424269615015
0.015000000000000	2.115125058889142
0.016000000000000	0.911277941350832
0.017000000000000	0.337835760955815
0.018000000000000	0.037888693585686
0.019000000000000	0.000000000000000
0.020000000000000	0.000000000000000
0.021000000000000	0.000000000000000
0.022000000000000	0.000000000000000
0.023000000000000	0.000000000000000
0.024000000000000	0.000000000000000
0.025000000000000	0.000000000000000
