-0.025000000000000	0.000000000000000
-0.024000000000000	0.000000000000000
-0.023000000000000	0.000000000000000
-0.022000000000000	0.000000000000000
-0.021000000000000	0.000000000000000
-0.020000000000000	0.000000000000000
-0.019000000000000	0.000000000000000
-0.018000000000000	0.000000000000000
-0.017000000000000	0.000000000000000
-0.016000000000000	0.000000000000000
-0.015000000000000	0.000000000000000
-0.014000000000000	0.000000000000000
-0.013000000000000	0.000000000000000
-0.012000000000000	0.000000000000000
-0.011000000000000	0.000000000000000
-0.010000000000000	0.000000000000000
-0.009000000000000	0.000000000000000
-0.008000000000000	0.000000000000000
-0.007000000000000	0.072245523207053
-0.006000000000000	3.996556128641261
-0.005000000000000	14.022530304062741
-0.004000000000000	30.971848491663817
-0.003000000000000	31.571998842151746
-0.002000000000000	24.233767139973658
-0.001000000000000	23.707532346885632
0.000000000000000	22.985911272002067
0.001000000000000	13.052498407755593
0.002000000000000	7.282805158407839
0.003000000000000	6.658936877435865
0.004000000000000	4.093675521904853
0.005000000000000	3.416675577491610
0.006000000000000	2.621247318286474
0.007000000000000	2.224195744604077
0.008000000000000	1.968674687780470
0.009000000000000	2.292280360808073
0.010000000000000	2.195872268124491
0.011000000000000	1.660524883947100
0.012000000000000	1.956886645639554
0.013000000000000	3.004891893392645
0.014000000000000	3.520363898961385
0.015000000000000	1.908297752081005
0.016000000000000	1.554838498717878
0.017000000000000	0.940381294325377
0.018000000000000	0.541023605171389
0.019000000000000	0.259586666457251
0.020000000000000	0.044884912472133
0.021000000000000	0.000000000000000
0.022000000000000	0.000000000000000
0.023000000000000	0.000000000000000
0.024000000000000	0.000000000000000
0.025000000000000	0.000000000000000
