-0.025000000000000	0.000000000000000
-0.024000000000000	0.000000000000000
-0.023000000000000	0.000000000000000
-0.022000000000000	0.000000000000000
-0.021000000000000	0.000000000000000
-0.020000000000000	0.000000000000000
-0.019000000000000	0.000000000000000
-0.018000000000000	0.000000000000000
-0.017000000000000	0.000000000000000
-0.016000000000000	0.000000000000000
-0.015000000000000	0.000000000000000
-0.014000000000000	0.000000000000000
-0.013000000000000	0.000000000000000
-0.012000000000000	0.000000000000000
-0.011000000000000	0.000000000000000
-0.010000000000000	0.000000000000000
-0.009000000000000	0.000000000000000
-0.008000000000000	0.102632122395886
-0.007000000000000	3.259603663177912
-0.006000000000000	6.744296962269263
-0.005000000000000	17.084004618908466
-0.004000000000000	30.629333954719229
-0.003000000000000	36.044629322049673
-0.002000000000000	38.381703362615660
-0.001000000000000	32.767794041293222
0.000000000000000	30.489610775956031
0.001000000000000	25.599099209856952
0.002000000000000	12.627513961820343
0.003000000000000	8.087287923664904
0.004000000000000	5.320970336924307
0.005000000000000	6.013749261685200
0.006000000000000	4.064766836894641
0.007000000000000	5.169915743374760
0.008000000000000	2.648203293515982
0.009000000000000	2.827667510707950
0.010000000000000	3.086506371310645
0.011000000000000	3.192232112131996
0.012000000000000	2.912733453810497
0.013000000000000	3.353916413257812
0.014000000000000	2.135858955687147
0.015000000000000	1.543572965088863
0.016000000000000	2.684437728102177
0.017000000000000	0.957596068193916
0.018000000000000	0.000000000000000
0.019000000000000	0.000000000000000
0.020000000000000	0.000000000000000
0.021000000000000	0.000000000000000
0.022000000000000	0.000000000000000
0.023000000000000	0.000000000000000
0.024000000000000	0.000000000000000
0.025000000000000	0.000000000000000
