-0.025000000000000	0.000000000000000
-0.024000000000000	0.000000000000000
-0.023000000000000	0.000000000000000
-0.022000000000000	0.000000000000000
-0.021000000000000	0.000000000000000
-0.020000000000000	0.000000000000000
-0.019000000000000	0.000000000000000
-0.018000000000000	0.000000000000000
-0.017000000000000	0.000000000000000
-0.016000000000000	0.073822568479236
-0.015000000000000	1.289483611868048
-0.014000000000000	2.057121839162670
-0.013000000000000	2.079695568549116
-0.012000000000000	2.238259438788007
-0.011000000000000	3.807384297228896
-0.010000000000000	3.578198764726366
-0.009000000000000	6.330684744310532
-0.008000000000000	9.142325199750790
-0.007000000000000	13.980482584712876
-0.006000000000000	18.027460343828828
-0.005000000000000	19.012237178447926
-0.004000000000000	18.546754045818357
-0.003000000000000	19.859614213407163
-0.002000000000000	18.859952569351396
-0.001000000000000	18.019758196017108
0.000000000000000	17.167644401861821
0.001000000000000	16.653887589663896
0.002000000000000	13.632210399761998
0.003000000000000	10.685713603089093
0.004000000000000	7.591808419546712
0.005000000000000	9.416062015351404
0.006000000000000	7.050503642057070
0.007000000000000	5.508647339050252
0.008000000000000	6.218566464256693
0.009000000000000	6.180069932405980
0.010000000000000	5.856733406139643
0.011000000000000	4.227609891552256
0.012000000000000	5.352587584423407
0.013000000000000	5.300198103104822
0.014000000000000	4.896154329769800
0.015000000000000	4.094217570583700
0.016000000000000	1.275524355401487
0.017000000000000	0.927147517147472
0.018000000000000	1.370122305523423
0.019000000000000	0.929843652743401
0.020000000000000	0.808890009878562
0.021000000000000	0.033043777292056
0.022000000000000	0.000000000000000
0.023000000000000	0.000000000000000
0.024000000000000	0.000000000000000
0.025000000000000	0.000000000000000
