-0.025000000000000	0.000000000000000
-0.024000000000000	0.000000000000000
-0.023000000000000	0.000000000000000
-0.022000000000000	0.000000000000000
-0.021000000000000	0.000000000000000
-0.020000000000000	0.000000000000000
-0.019000000000000	0.000000000000000
-0.018000000000000	0.000000000000000
-0.017000000000000	0.000000000000000
-0.016000000000000	0.000000000000000
-0.015000000000000	0.000000000000000
-0.014000000000000	0.070988200988803
-0.013000000000000	1.498200982480927
-0.012000000000000	2.212135763971361
-0.011000000000000	3.234500201040184
-0.010000000000000	4.168923783522010
-0.009000000000000	4.336202470893356
-0.008000000000000	6.145440424042989
-0.007000000000000	9.786788441958391
-0.006000000000000	16.630110456605198
-0.005000000000000	18.698710912577926
-0.004000000000000	16.868066009808363
-0.003000000000000	19.977085811080407
-0.002000000000000	23.209467328335567
-0.001000000000000	22.718460745516662
0.000000000000000	13.695686059372475
0.001000000000000	9.612099710218560
0.002000000000000	9.500860441480008
0.003000000000000	7.576088945927076
0.004000000000000	6.487368629236053
0.005000000000000	7.893640494914351
0.006000000000000	8.358992364170042
0.007000000000000	7.550231981608873
0.008000000000000	6.427926150941271
0.009000000000000	5.200347866564080
0.010000000000000	6.420053952638603
0.011000000000000	4.105315822294238
0.012000000000000	4.447030648244927
0.013000000000000	4.607393184493346
0.014000000000000	3.371880478404925
0.015000000000000	3.158664291399943
0.016000000000000	2.144217623225128
0.017000000000000	0.041768841698130
0.018000000000000	0.000000000000000
0.019000000000000	0.000000000000000
0.020000000000000	0.000000000000000
0.021000000000000	0.000000000000000
0.022000000000000	0.000000000000000
0.023000000000000	0.000000000000000
0.024000000000000	0.000000000000000
0.025000000000000	0.000000000000000
