-0.025000000000000	0.000000000000000
-0.024000000000000	0.000000000000000
-0.023000000000000	0.000000000000000
-0.022000000000000	0.000000000000000
-0.021000000000000	0.000000000000000
-0.020000000000000	0.000000000000000
-0.019000000000000	0.000000000000000
-0.018000000000000	0.000000000000000
-0.017000000000000	0.000000000000000
-0.016000000000000	0.000000000000000
-0.015000000000000	0.000000000000000
-0.014000000000000	0.059014547038133
-0.013000000000000	0.372748099564776
-0.012000000000000	0.709216288301587
-0.011000000000000	1.815512227405229
-0.010000000000000	2.380373852404238
-0.009000000000000	2.779122217628208
-0.008000000000000	4.059193241663002
-0.007000000000000	3.529109650453938
-0.006000000000000	4.812696856996041
-0.005000000000000	15.726602239736870
-0.004000000000000	23.061206848788682
-0.003000000000000	25.680776013035413
-0.002000000000000	35.755187915039116
-0.001000000000000	35.261610230963370
0.000000000000000	33.753303464751085
0.001000000000000	26.045731763772768
0.002000000000000	18.481259918846160
0.003000000000000	9.377841239213335
0.004000000000000	5.782986298783258
0.005000000000000	3.643176580884464
0.006000000000000	3.378463306836236
0.007000000000000	4.373297743080507
0.008000000000000	3.419036593471929
0.009000000000000	3.905138277678657
0.010000000000000	3.656555164596556
0.011000000000000	3.871460942148973
0.012000000000000	2.982214970014733
0.013000000000000	3.152807966732180
0.014000000000000	3.852332885615792
0.015000000000000	1.983554712925558
0.016000000000000	0.561083410308720
0.017000000000000	0.499542805817977
0.018000000000000	0.547544807509610
0.019000000000000	0.319068570684991
0.020000000000000	0.000000000000000
0.021000000000000	0.000000000000000
0.022000000000000	0.000000000000000
0.023000000000000	0.000000000000000
0.024000000000000	0.000000000000000
0.025000000000000	0.000000000000000
