-0.025000000000000	0.000000000000000
-0.024000000000000	0.000000000000000
-0.023000000000000	0.000000000000000
-0.022000000000000	0.000000000000000
-0.021000000000000	0.000000000000000
-0.020000000000000	0.000000000000000
-0.019000000000000	0.005753193587537
-0.018000000000000	0.740436794103427
-0.017000000000000	1.008535536015465
-0.016000000000000	1.305070196273811
-0.015000000000000	0.872130490015662
-0.014000000000000	1.609459194830171
-0.013000000000000	1.763786867264273
-0.012000000000000	1.163412042872141
-0.011000000000000	1.194876193452711
-0.010000000000000	2.583315644815976
-0.009000000000000	2.922998230778252
-0.008000000000000	3.342790203037088
-0.007000000000000	4.107420332183479
-0.006000000000000	9.013518955215837
-0.005000000000000	13.841442546141840
-0.004000000000000	19.895846807603405
-0.003000000000000	26.440118209990739
-0.002000000000000	21.936813443997593
-0.001000000000000	18.558141897852131
0.000000000000000	20.038453707242908
0.001000000000000	16.622123081372262
0.002000000000000	15.395480706373766
0.003000000000000	14.984277619657405
0.004000000000000	13.208180644830703
0.005000000000000	10.128511506698976
0.006000000000000	11.427502894530946
0.007000000000000	7.887969753544745
0.008000000000000	3.543062901081722
0.009000000000000	4.070842608601493
0.010000000000000	3.869207846374887
0.011000000000000	2.029581236394017
0.012000000000000	1.077585836740001
0.013000000000000	2.256136426227088
0.014000000000000	1.295017547915455
0.015000000000000	0.902923820186178
0.016000000000000	0.548140793642935
0.017000000000000	0.693873376244572
0.018000000000000	0.812524116054970
0.019000000000000	0.451194333366949
0.020000000000000	0.692263241490336
0.021000000000000	0.280837690874833
0.022000000000000	0.000000000000000
0.023000000000000	0.000000000000000
0.024000000000000	0.000000000000000
0.025000000000000	0.000000000000000
