-0.025000000000000	0.000000000000000
-0.024000000000000	0.000000000000000
-0.023000000000000	0.000000000000000
-0.022000000000000	0.000000000000000
-0.021000000000000	0.000000000000000
-0.020000000000000	0.000000000000000
-0.019000000000000	0.000000000000000
-0.018000000000000	0.000000000000000
-0.017000000000000	0.578691268980763
-0.016000000000000	1.219912232910208
-0.015000000000000	1.082169851970772
-0.014000000000000	0.988644727730672
-0.013000000000000	0.892963816569307
-0.012000000000000	1.014496471231518
-0.011000000000000	1.261185385053890
-0.010000000000000	1.407078988008030
-0.009000000000000	1.522803290137845
-0.008000000000000	1.929403027154983
-0.007000000000000	2.838341299969097
-0.006000000000000	5.548682414462542
-0.005000000000000	14.078298044463734
-0.004000000000000	21.881716647769643
-0.003000000000000	20.958750078619456
-0.002000000000000	13.551044989071286
-0.001000000000000	11.507154091412493
0.000000000000000	10.973586322794471
0.001000000000000	9.720506387032556
0.002000000000000	6.576541135127805
0.003000000000000	5.132408190648556
0.004000000000000	4.007209731158076
0.005000000000000	3.475705387915248
0.006000000000000	3.368161712554193
0.007000000000000	3.659712406742389
0.008000000000000	3.388146671323570
0.009000000000000	3.170231697586917
0.010000000000000	3.228547150325746
0.011000000000000	2.307204249493150
0.012000000000000	3.275371978610477
0.013000000000000	2.199195824383053
0.014000000000000	4.546331889713329
0.015000000000000	3.061195459769197
0.016000000000000	0.730241853980943
0.017000000000000	0.396304117854447
0.018000000000000	0.680112998712506
0.019000000000000	0.491826771566186
0.020000000000000	0.243871432395522
0.021000000000000	0.000000000000000
0.022000000000000	0.000000000000000
0.023000000000000	0.000000000000000
0.024000000000000	0.000000000000000
0.025000000000000	0.000000000000000
