-0.025000000000000	0.000000000000000
-0.024000000000000	0.000000000000000
-0.023000000000000	0.000000000000000
-0.022000000000000	0.000000000000000
-0.021000000000000	0.000000000000000
-0.020000000000000	0.000000000000000
-0.019000000000000	0.000000000000000
-0.018000000000000	0.000000000000000
-0.017000000000000	0.000000000000000
-0.016000000000000	0.000000000000000
-0.015000000000000	0.000000000000000
-0.014000000000000	0.000000000000000
-0.013000000000000	0.000000000000000
-0.012000000000000	0.000000000000000
-0.011000000000000	0.000000000000000
-0.010000000000000	0.000000000000000
-0.009000000000000	0.000000000000000
-0.008000000000000	0.031541962924018
-0.007000000000000	2.641803991780730
-0.006000000000000	7.337278721854010
-0.005000000000000	15.540107441433266
-0.004000000000000	22.534674373943091
-0.003000000000000	28.021996350467447
-0.002000000000000	27.530159129904764
-0.001000000000000	20.838098734137997
0.000000000000000	20.052575427916469
0.001000000000000	7.912563875982523
0.002000000000000	4.133915842496378
0.003000000000000	2.378534717714198
0.004000000000000	2.255567109531742
0.005000000000000	3.079499869582493
0.006000000000000	1.939362561140850
0.007000000000000	1.561627254769459
0.008000000000000	1.885465541860803
0.009000000000000	2.190401364873446
0.010000000000000	1.745144098467457
0.011000000000000	1.483577458256513
0.012000000000000	1.725755627240241
0.013000000000000	1.844324706691133
0.014000000000000	2.167096674952040
0.015000000000000	3.435245075084229
0.016000000000000	4.849818571879847
0.017000000000000	2.214918320003329
0.018000000000000	0.510901535489276
0.019000000000000	0.000000000000000
0.020000000000000	0.000000000000000
0.021000000000000	0.000000000000000
0.022000000000000	0.000000000000000
0.023000000000000	0.000000000000000
0.024000000000000	0.000000000000000
0.025000000000000	0.000000000000000
