-0.025000000000000	0.000000000000000
-0.024000000000000	0.000000000000000
-0.023000000000000	0.000000000000000
-0.022000000000000	0.000000000000000
-0.021000000000000	0.000000000000000
-0.020000000000000	0.000000000000000
-0.019000000000000	0.000000000000000
-0.018000000000000	0.000000000000000
-0.017000000000000	0.000000000000000
-0.016000000000000	0.000000000000000
-0.015000000000000	0.000000000000000
-0.014000000000000	0.205314097541424
-0.013000000000000	1.479093308863168
-0.012000000000000	2.690794513642112
-0.011000000000000	3.779625529806275
-0.010000000000000	4.027082813548670
-0.009000000000000	4.751325750508719
-0.008000000000000	5.589528054138531
-0.007000000000000	5.010810505373298
-0.006000000000000	6.444307638460026
-0.005000000000000	20.768376221404790
-0.004000000000000	31.842407232872205
-0.003000000000000	30.298202990404853
-0.002000000000000	27.245518656356015
-0.001000000000000	21.731374207759011
0.000000000000000	22.123567878522287
0.001000000000000	17.598973735877767
0.002000000000000	13.150233901917270
0.003000000000000	14.734492467751641
0.004000000000000	16.639972450437803
0.005000000000000	15.434070399028121
0.006000000000000	12.533338034626031
0.007000000000000	9.241297733634639
0.008000000000000	5.122904113508794
0.009000000000000	5.796892887385964
0.010000000000000	4.712540947611492
0.011000000000000	4.000815182886405
0.012000000000000	2.288703761336147
0.013000000000000	1.828881322936527
0.014000000000000	1.569389433750202
0.015000000000000	1.818106100610866
0.016000000000000	0.933425803217857
0.017000000000000	0.858851153327214
0.018000000000000	0.546123064183058
0.019000000000000	0.202190042469484
0.020000000000000	0.000000000000000
0.021000000000000	0.000000000000000
0.022000000000000	0.000000000000000
0.023000000000000	0.000000000000000
0.024000000000000	0.000000000000000
0.025000000000000	0.000000000000000
