-0.025000000000000	0.000000000000000
-0.024000000000000	0.000000000000000
-0.023000000000000	0.000000000000000
-0.022000000000000	0.000000000000000
-0.021000000000000	0.000000000000000
-0.020000000000000	0.003618403645794
-0.019000000000000	0.530768250341591
-0.018000000000000	1.474062009485481
-0.017000000000000	1.569764501638771
-0.016000000000000	3.034917763011664
-0.015000000000000	3.261391467187144
-0.014000000000000	3.312691523511961
-0.013000000000000	4.641085514667918
-0.012000000000000	5.058170162463392
-0.011000000000000	4.664996757259351
-0.010000000000000	6.103609038269931
-0.009000000000000	6.688930454471339
-0.008000000000000	6.318675763552948
-0.007000000000000	8.232551279184287
-0.006000000000000	13.251860893587985
-0.005000000000000	17.609753490785629
-0.004000000000000	17.586052650402724
-0.003000000000000	15.206334824303966
-0.002000000000000	17.897572521370410
-0.001000000000000	17.069969976573883
0.000000000000000	15.475354434088773
0.001000000000000	14.406487640070575
0.002000000000000	13.971466592074210
0.003000000000000	13.096382596507048
0.004000000000000	13.046538079131498
0.005000000000000	8.075003514811472
0.006000000000000	7.021712139059194
0.007000000000000	5.670412543611690
0.008000000000000	4.708235732853158
0.009000000000000	4.947694361482749
0.010000000000000	5.016160370827863
0.011000000000000	4.505713632918391
0.012000000000000	4.748627530896933
0.013000000000000	5.782658144488406
0.014000000000000	6.928468514712313
0.015000000000000	10.020998259615190
0.016000000000000	5.416976289342800
0.017000000000000	2.112094669070887
0.018000000000000	0.029138633276730
0.019000000000000	0.000000000000000
0.020000000000000	0.000000000000000
0.021000000000000	0.000000000000000
0.022000000000000	0.000000000000000
0.023000000000000	0.000000000000000
0.024000000000000	0.000000000000000
0.025000000000000	0.000000000000000
