-0.025000000000000	0.000000000000000
-0.024000000000000	0.000000000000000
-0.023000000000000	0.000000000000000
-0.022000000000000	0.000000000000000
-0.021000000000000	0.000000000000000
-0.020000000000000	0.000000000000000
-0.019000000000000	0.000000000000000
-0.018000000000000	0.000000000000000
-0.017000000000000	0.000000000000000
-0.016000000000000	0.000000000000000
-0.015000000000000	0.000000000000000
-0.014000000000000	0.273583282153229
-0.013000000000000	1.187592811415535
-0.012000000000000	0.876866663992201
-0.011000000000000	1.197773559805635
-0.010000000000000	0.732658904801127
-0.009000000000000	0.787393850169544
-0.008000000000000	1.695480449985776
-0.007000000000000	3.491985579741819
-0.006000000000000	9.299413928693882
-0.005000000000000	16.007947687093303
-0.004000000000000	26.097497140040094
-0.003000000000000	32.759099524543458
-0.002000000000000	24.496228781899717
-0.001000000000000	17.870397917382903
0.000000000000000	7.302121436011606
0.001000000000000	4.745766925137167
0.002000000000000	3.924647639104855
0.003000000000000	5.238596049971818
0.004000000000000	4.529663732629468
0.005000000000000	2.960154800115074
0.006000000000000	2.024234990417911
0.007000000000000	2.255270583619834
0.008000000000000	2.673893259620257
0.009000000000000	1.351185248535331
0.010000000000000	2.670531374218498
0.011000000000000	2.261063056294270
0.012000000000000	2.107374396904238
0.013000000000000	2.960462996295775
0.014000000000000	3.114708112684812
0.015000000000000	2.945689722963624
0.016000000000000	5.779982512277914
0.017000000000000	3.294968474644870
0.018000000000000	1.354603233148229
0.019000000000000	0.000000000000000
0.020000000000000	0.000000000000000
0.021000000000000	0.000000000000000
0.022000000000000	0.000000000000000
0.023000000000000	0.000000000000000
0.024000000000000	0.000000000000000
0.025000000000000	0.000000000000000
