-0.025000000000000	0.000000000000000
-0.024000000000000	0.000000000000000
-0.023000000000000	0.000000000000000
-0.022000000000000	0.000000000000000
-0.021000000000000	0.000000000000000
-0.020000000000000	0.000000000000000
-0.019000000000000	0.000000000000000
-0.018000000000000	0.000000000000000
-0.017000000000000	0.000000000000000
-0.016000000000000	0.000000000000000
-0.015000000000000	0.000000000000000
-0.014000000000000	0.000000000000000
-0.013000000000000	0.000000000000000
-0.012000000000000	0.461242616162959
-0.011000000000000	0.962880955680022
-0.010000000000000	1.076535673155577
-0.009000000000000	0.904519771520257
-0.008000000000000	1.269935325050100
-0.007000000000000	1.216592702573305
-0.006000000000000	3.193204072971287
-0.005000000000000	6.090211637205827
-0.004000000000000	15.599608436885784
-0.003000000000000	31.036510164186311
-0.002000000000000	43.711748751879327
-0.001000000000000	43.499071931469487
0.000000000000000	34.977304226523557
0.001000000000000	24.151680704744159
0.002000000000000	7.893661043499665
0.003000000000000	3.077773509005420
0.004000000000000	2.680871231476367
0.005000000000000	2.397917347565740
0.006000000000000	2.118667197643628
0.007000000000000	1.787249407847803
0.008000000000000	1.588815255320525
0.009000000000000	1.670022482804387
0.010000000000000	2.185518515238738
0.011000000000000	1.059207982948759
0.012000000000000	1.641362433574138
0.013000000000000	1.520467003535394
0.014000000000000	1.380124472527239
0.015000000000000	2.014596782349478
0.016000000000000	5.373534067368992
0.017000000000000	2.339134396080458
0.018000000000000	0.956344317452979
0.019000000000000	0.025470346003937
0.020000000000000	0.000000000000000
0.021000000000000	0.000000000000000
0.022000000000000	0.000000000000000
0.023000000000000	0.000000000000000
0.024000000000000	0.000000000000000
0.025000000000000	0.000000000000000
