-0.025000000000000	0.000000000000000
-0.024000000000000	0.000000000000000
-0.023000000000000	0.000000000000000
-0.022000000000000	0.000000000000000
-0.021000000000000	0.000000000000000
-0.020000000000000	0.000000000000000
-0.019000000000000	0.000000000000000
-0.018000000000000	0.000000000000000
-0.017000000000000	0.000000000000000
-0.016000000000000	0.000000000000000
-0.015000000000000	0.242196515499786
-0.014000000000000	0.865576333220319
-0.013000000000000	1.842021584086339
-0.012000000000000	4.741620007901107
-0.011000000000000	6.010826908935448
-0.010000000000000	6.492697211584503
-0.009000000000000	5.795542501598142
-0.008000000000000	7.175554431053631
-0.007000000000000	6.452691874221088
-0.006000000000000	6.406919952688281
-0.005000000000000	11.719449178755999
-0.004000000000000	16.057330260947872
-0.003000000000000	14.353301511602499
-0.002000000000000	12.642782886647481
-0.001000000000000	12.184738551268456
0.000000000000000	13.084411713595966
0.001000000000000	12.251647628932057
0.002000000000000	8.917294447627723
0.003000000000000	5.947168949183966
0.004000000000000	7.415117114364620
0.005000000000000	8.437013319961830
0.006000000000000	11.648360306300697
0.007000000000000	13.658442533358228
0.008000000000000	6.012732781380585
0.009000000000000	3.328086883418581
0.010000000000000	3.462533336418607
0.011000000000000	3.534071241129387
0.012000000000000	4.258892260838144
0.013000000000000	3.334501222293072
0.014000000000000	2.372608486033985
0.015000000000000	1.788360075646734
0.016000000000000	1.833417534058044
0.017000000000000	0.010168534383346
0.018000000000000	0.000000000000000
0.019000000000000	0.000000000000000
0.020000000000000	0.000000000000000
0.021000000000000	0.000000000000000
0.022000000000000	0.000000000000000
0.023000000000000	0.000000000000000
0.024000000000000	0.000000000000000
0.025000000000000	0.000000000000000
