-0.025000000000000	0.000000000000000
-0.024000000000000	0.000000000000000
-0.023000000000000	0.000000000000000
-0.022000000000000	0.000000000000000
-0.021000000000000	0.000000000000000
-0.020000000000000	0.000000000000000
-0.019000000000000	0.000000000000000
-0.018000000000000	0.000000000000000
-0.017000000000000	0.000000000000000
-0.016000000000000	0.319843854659742
-0.015000000000000	1.163584022329317
-0.014000000000000	1.006952369515129
-0.013000000000000	1.749963058731811
-0.012000000000000	2.165099536081987
-0.011000000000000	2.100700769699806
-0.010000000000000	1.927734152696569
-0.009000000000000	3.150719822261456
-0.008000000000000	4.346336060065781
-0.007000000000000	7.684985985749256
-0.006000000000000	16.973679082344450
-0.005000000000000	21.081785417860299
-0.004000000000000	23.637068843296262
-0.003000000000000	25.302228144787009
-0.002000000000000	19.713989606071475
-0.001000000000000	16.043274984984212
0.000000000000000	15.257814097611975
0.001000000000000	9.552222603616277
0.002000000000000	11.210567740677755
0.003000000000000	10.886694372683699
0.004000000000000	14.623546358768543
0.005000000000000	12.677388207371983
0.006000000000000	7.189857673711731
0.007000000000000	5.521641995186013
0.008000000000000	5.117081546533924
0.009000000000000	6.061297895917246
0.010000000000000	5.489138433314450
0.011000000000000	4.753120068805575
0.012000000000000	3.664989786918522
0.013000000000000	4.904627238682661
0.014000000000000	4.746465171552157
0.015000000000000	2.079668312251063
0.016000000000000	0.000000000000000
0.017000000000000	0.000000000000000
0.018000000000000	0.000000000000000
0.019000000000000	0.000000000000000
0.020000000000000	0.000000000000000
0.021000000000000	0.000000000000000
0.022000000000000	0.000000000000000
0.023000000000000	0.000000000000000
0.024000000000000	0.000000000000000
0.025000000000000	0.000000000000000
