-0.025000000000000	0.000000000000000
-0.024000000000000	0.000000000000000
-0.023000000000000	0.000000000000000
-0.022000000000000	0.000000000000000
-0.021000000000000	0.000000000000000
-0.020000000000000	0.000000000000000
-0.019000000000000	0.000000000000000
-0.018000000000000	0.000000000000000
-0.017000000000000	0.000000000000000
-0.016000000000000	0.000000000000000
-0.015000000000000	0.000000000000000
-0.014000000000000	0.000000000000000
-0.013000000000000	0.000000000000000
-0.012000000000000	0.000000000000000
-0.011000000000000	0.000000000000000
-0.010000000000000	0.000000000000000
-0.009000000000000	0.000000000000000
-0.008000000000000	0.054530634747958
-0.007000000000000	3.046711879314724
-0.006000000000000	6.305371834413170
-0.005000000000000	11.464436605442941
-0.004000000000000	21.613447430812460
-0.003000000000000	20.132756351412819
-0.002000000000000	26.184431262936535
-0.001000000000000	31.381481154253120
0.000000000000000	30.498024604602197
0.001000000000000	25.476558493256409
0.002000000000000	11.554053272542292
0.003000000000000	14.973741233048285
0.004000000000000	6.440141677650508
0.005000000000000	2.932982463137790
0.006000000000000	3.112733314382818
0.007000000000000	3.197452217269435
0.008000000000000	1.487911107649839
0.009000000000000	2.271421180874282
0.010000000000000	1.995617240449967
0.011000000000000	1.258837767605895
0.012000000000000	1.273137270585283
0.013000000000000	1.218797901859100
0.014000000000000	1.181832466907283
0.015000000000000	1.179166476895059
0.016000000000000	0.462995897078376
0.017000000000000	0.921872857444892
0.018000000000000	0.815529998152993
0.019000000000000	0.202244609841893
0.020000000000000	0.000000000000000
0.021000000000000	0.000000000000000
0.022000000000000	0.000000000000000
0.023000000000000	0.000000000000000
0.024000000000000	0.000000000000000
0.025000000000000	0.000000000000000
