-0.025000000000000	0.000000000000000
-0.024000000000000	0.000000000000000
-0.023000000000000	0.000000000000000
-0.022000000000000	0.000000000000000
-0.021000000000000	0.000000000000000
-0.020000000000000	0.000000000000000
-0.019000000000000	0.000000000000000
-0.018000000000000	0.000000000000000
-0.017000000000000	0.000000000000000
-0.016000000000000	0.000000000000000
-0.015000000000000	0.000000000000000
-0.014000000000000	0.000000000000000
-0.013000000000000	0.000000000000000
-0.012000000000000	0.000000000000000
-0.011000000000000	0.000000000000000
-0.010000000000000	0.000000000000000
-0.009000000000000	0.000000000000000
-0.008000000000000	0.000000000000000
-0.007000000000000	0.291890434548961
-0.006000000000000	4.330227179261528
-0.005000000000000	14.704342167658545
-0.004000000000000	32.955840276266080
-0.003000000000000	28.815009070612192
-0.002000000000000	36.430513588235826
-0.001000000000000	34.010196611213075
0.000000000000000	32.074596013804978
0.001000000000000	22.096159538479650
0.002000000000000	9.124892733160243
0.003000000000000	7.812792371865442
0.004000000000000	7.574635185986915
0.005000000000000	7.911889302094997
0.006000000000000	7.147232870132447
0.007000000000000	4.546896334191304
0.008000000000000	4.362557164834938
0.009000000000000	2.458617617832694
0.010000000000000	2.607656743114462
0.011000000000000	2.688974731683259
0.012000000000000	2.891534066577079
0.013000000000000	2.063436953811029
0.014000000000000	0.778773431373402
0.015000000000000	0.865596647851189
0.016000000000000	0.829728180451874
0.017000000000000	0.350288461446898
0.018000000000000	0.146281514399308
0.019000000000000	0.085967809385903
0.020000000000000	0.000000000000000
0.021000000000000	0.000000000000000
0.022000000000000	0.000000000000000
0.023000000000000	0.000000000000000
0.024000000000000	0.000000000000000
0.025000000000000	0.000000000000000
