-0.025000000000000	0.000000000000000
-0.024000000000000	0.000000000000000
-0.023000000000000	0.000000000000000
-0.022000000000000	0.000000000000000
-0.021000000000000	0.000000000000000
-0.020000000000000	0.000000000000000
-0.019000000000000	0.000000000000000
-0.018000000000000	0.000000000000000
-0.017000000000000	0.000000000000000
-0.016000000000000	0.096887254588582
-0.015000000000000	0.805735563125451
-0.014000000000000	0.816942479555564
-0.013000000000000	1.214005102654772
-0.012000000000000	1.687483389014546
-0.011000000000000	2.053036193162054
-0.010000000000000	2.487474281365315
-0.009000000000000	3.444606064403255
-0.008000000000000	3.717672141048189
-0.007000000000000	4.608940138415064
-0.006000000000000	10.056432512988920
-0.005000000000000	19.725550993257830
-0.004000000000000	17.838576167342236
-0.003000000000000	22.189234740104503
-0.002000000000000	24.641440392849805
-0.001000000000000	25.343330568884035
0.000000000000000	26.009439281920287
0.001000000000000	21.178054754906476
0.002000000000000	17.227149239334771
0.003000000000000	8.445471185961962
0.004000000000000	5.782670961231780
0.005000000000000	4.548162143033993
0.006000000000000	5.923477321137178
0.007000000000000	4.614959321079992
0.008000000000000	3.942722736297482
0.009000000000000	3.898806300128550
0.010000000000000	4.662847336397158
0.011000000000000	3.956976901099522
0.012000000000000	3.777867336718614
0.013000000000000	4.667907001383036
0.014000000000000	3.524657017086667
0.015000000000000	2.886119771503154
0.016000000000000	1.493903884644053
0.017000000000000	0.000000000000000
0.018000000000000	0.000000000000000
0.019000000000000	0.000000000000000
0.020000000000000	0.000000000000000
0.021000000000000	0.000000000000000
0.022000000000000	0.000000000000000
0.023000000000000	0.000000000000000
0.024000000000000	0.000000000000000
0.025000000000000	0.000000000000000
