-0.025000000000000	0.000000000000000
-0.024000000000000	0.000000000000000
-0.023000000000000	0.000000000000000
-0.022000000000000	0.000000000000000
-0.021000000000000	0.000000000000000
-0.020000000000000	0.000000000000000
-0.019000000000000	0.000000000000000
-0.018000000000000	0.000000000000000
-0.017000000000000	0.000000000000000
-0.016000000000000	0.711746985120126
-0.015000000000000	1.892662706442744
-0.014000000000000	1.788987103623670
-0.013000000000000	1.756095756339597
-0.012000000000000	2.087338619867261
-0.011000000000000	2.238226324975777
-0.010000000000000	3.314761715753167
-0.009000000000000	3.682747853999621
-0.008000000000000	4.019006876293655
-0.007000000000000	4.517682333080167
-0.006000000000000	7.240766024002702
-0.005000000000000	11.833548327545808
-0.004000000000000	17.989028435093559
-0.003000000000000	22.012279013841102
-0.002000000000000	29.345077413776171
-0.001000000000000	27.353981988793080
0.000000000000000	24.204784250729343
0.001000000000000	18.533376887676994
0.002000000000000	18.763444230562968
0.003000000000000	9.740376020667446
0.004000000000000	5.366398703549778
0.005000000000000	5.384596273979514
0.006000000000000	5.565880190043621
0.007000000000000	3.865289729905826
0.008000000000000	5.009684758367346
0.009000000000000	3.689125409011057
0.010000000000000	5.268354349344417
0.011000000000000	3.727161349332226
0.012000000000000	4.989954102893038
0.013000000000000	3.325031139555153
0.014000000000000	3.095561803765715
0.015000000000000	2.578438515301033
0.016000000000000	2.578243885271486
0.017000000000000	0.294981789291079
0.018000000000000	0.122338010534860
0.019000000000000	0.000000000000000
0.020000000000000	0.000000000000000
0.021000000000000	0.000000000000000
0.022000000000000	0.000000000000000
0.023000000000000	0.000000000000000
0.024000000000000	0.000000000000000
0.025000000000000	0.000000000000000
