-0.025000000000000	0.000000000000000
-0.024000000000000	0.000000000000000
-0.023000000000000	0.000000000000000
-0.022000000000000	0.000000000000000
-0.021000000000000	0.000000000000000
-0.020000000000000	0.000000000000000
-0.019000000000000	0.000000000000000
-0.018000000000000	0.000000000000000
-0.017000000000000	0.000000000000000
-0.016000000000000	0.000000000000000
-0.015000000000000	0.000000000000000
-0.014000000000000	0.000000000000000
-0.013000000000000	0.000000000000000
-0.012000000000000	0.000000000000000
-0.011000000000000	0.000000000000000
-0.010000000000000	0.000000000000000
-0.009000000000000	0.000000000000000
-0.008000000000000	0.559458186098799
-0.007000000000000	2.651326302731569
-0.006000000000000	5.628003743699588
-0.005000000000000	16.233620386784654
-0.004000000000000	21.130327274936700
-0.003000000000000	27.270477436719105
-0.002000000000000	23.258426345246107
-0.001000000000000	22.184224931208380
0.000000000000000	28.324007123898596
0.001000000000000	13.045066448335426
0.002000000000000	7.102390230759905
0.003000000000000	5.770677249019466
0.004000000000000	3.425319877725622
0.005000000000000	4.469909438501436
0.006000000000000	3.396522916922632
0.007000000000000	3.058370063899125
0.008000000000000	3.072277429927936
0.009000000000000	2.698567225753315
0.010000000000000	2.146716364601596
0.011000000000000	2.400626449384514
0.012000000000000	1.862057579795126
0.013000000000000	1.840973236653666
0.014000000000000	2.521143536010495
0.015000000000000	1.542064946687732
0.016000000000000	1.519537259387794
0.017000000000000	1.395034039989050
0.018000000000000	0.064352720981085
0.019000000000000	0.000000000000000
0.020000000000000	0.000000000000000
0.021000000000000	0.000000000000000
0.022000000000000	0.000000000000000
0.023000000000000	0.000000000000000
0.024000000000000	0.000000000000000
0.025000000000000	0.000000000000000
