-0.025000000000000	0.000000000000000
-0.024000000000000	0.000000000000000
-0.023000000000000	0.000000000000000
-0.022000000000000	0.000000000000000
-0.021000000000000	0.000000000000000
-0.020000000000000	0.000000000000000
-0.019000000000000	0.000000000000000
-0.018000000000000	0.000000000000000
-0.017000000000000	0.000000000000000
-0.016000000000000	0.000000000000000
-0.015000000000000	0.000000000000000
-0.014000000000000	0.000000000000000
-0.013000000000000	0.000000000000000
-0.012000000000000	0.000000000000000
-0.011000000000000	0.000000000000000
-0.010000000000000	0.000000000000000
-0.009000000000000	0.000000000000000
-0.008000000000000	1.214369592537864
-0.007000000000000	3.826142411231818
-0.006000000000000	4.401123011765654
-0.005000000000000	15.847496409456657
-0.004000000000000	29.921062599772075
-0.003000000000000	32.718418710329480
-0.002000000000000	34.320613316990851
-0.001000000000000	30.893330158676356
0.000000000000000	27.254229971960967
0.001000000000000	17.245813501030945
0.002000000000000	10.382057830036462
0.003000000000000	9.054743471122297
0.004000000000000	7.851372195712984
0.005000000000000	5.598113627041340
0.006000000000000	3.646711323885179
0.007000000000000	5.574954193021851
0.008000000000000	3.584249018171855
0.009000000000000	4.001166352700221
0.010000000000000	4.811349939712138
0.011000000000000	4.439579866222014
0.012000000000000	2.562157835360448
0.013000000000000	2.697903604263327
0.014000000000000	1.455368945724835
0.015000000000000	0.793958652421843
0.016000000000000	0.221627351122881
0.017000000000000	0.568293017628404
0.018000000000000	0.121452808306252
0.019000000000000	0.000000000000000
0.020000000000000	0.000000000000000
0.021000000000000	0.000000000000000
0.022000000000000	0.000000000000000
0.023000000000000	0.000000000000000
0.024000000000000	0.000000000000000
0.025000000000000	0.000000000000000
