-0.025000000000000	0.000000000000000
-0.024000000000000	0.000000000000000
-0.023000000000000	0.000000000000000
-0.022000000000000	0.000000000000000
-0.021000000000000	0.000000000000000
-0.020000000000000	0.000000000000000
-0.019000000000000	0.000000000000000
-0.018000000000000	0.000000000000000
-0.017000000000000	0.000000000000000
-0.016000000000000	0.000000000000000
-0.015000000000000	0.000000000000000
-0.014000000000000	0.000000000000000
-0.013000000000000	0.000000000000000
-0.012000000000000	0.000000000000000
-0.011000000000000	0.000000000000000
-0.010000000000000	0.200936089430610
-0.009000000000000	2.087597575230339
-0.008000000000000	2.249354729537148
-0.007000000000000	2.916357745196679
-0.006000000000000	3.085399630761586
-0.005000000000000	4.090573270005348
-0.004000000000000	9.673872360566367
-0.003000000000000	23.521717660933469
-0.002000000000000	34.881454247738041
-0.001000000000000	40.651333360485822
0.000000000000000	29.943346511479074
0.001000000000000	23.582233376264714
0.002000000000000	19.969109323522115
0.003000000000000	9.559982563530719
0.004000000000000	2.374377720720867
0.005000000000000	2.648690960141796
0.006000000000000	2.491289128236041
0.007000000000000	1.621920469235425
0.008000000000000	1.459583021430651
0.009000000000000	1.608549806710043
0.010000000000000	1.635299221519769
0.011000000000000	1.326508173583354
0.012000000000000	1.392157744957609
0.013000000000000	1.178134844211151
0.014000000000000	0.912396938113716
0.015000000000000	0.353111995409778
0.016000000000000	0.806829202677288
0.017000000000000	0.889455656928668
0.018000000000000	0.520108335858861
0.019000000000000	0.121161966996990
0.020000000000000	1.073922981123142
0.021000000000000	0.318821155075230
0.022000000000000	0.127226316063530
0.023000000000000	0.000000000000000
0.024000000000000	0.000000000000000
0.025000000000000	0.000000000000000
