-0.025000000000000	0.000000000000000
-0.024000000000000	0.000000000000000
-0.023000000000000	0.000000000000000
-0.022000000000000	0.000000000000000
-0.021000000000000	0.000000000000000
-0.020000000000000	0.000000000000000
-0.019000000000000	0.000000000000000
-0.018000000000000	0.000000000000000
-0.017000000000000	0.000000000000000
-0.016000000000000	0.000000000000000
-0.015000000000000	0.211936771161721
-0.014000000000000	1.950537233169847
-0.013000000000000	2.493213642454770
-0.012000000000000	1.951955671496927
-0.011000000000000	2.573969066845916
-0.010000000000000	3.150125287748913
-0.009000000000000	4.138480165244014
-0.008000000000000	4.958421861977578
-0.007000000000000	6.060291232247467
-0.006000000000000	5.934213005202032
-0.005000000000000	7.406843334353121
-0.004000000000000	6.876851620073678
-0.003000000000000	13.904181674783800
-0.002000000000000	21.489449943672309
-0.001000000000000	23.880612786170541
0.000000000000000	23.158230855545256
0.001000000000000	20.719055302412190
0.002000000000000	12.197695590322430
0.003000000000000	3.889015742959391
0.004000000000000	3.800459926763630
0.005000000000000	2.807627325245300
0.006000000000000	1.794829846322315
0.007000000000000	1.478362029942400
0.008000000000000	2.022650349248348
0.009000000000000	3.112371651176084
0.010000000000000	1.304429643671675
0.011000000000000	2.082978480071243
0.012000000000000	1.825558057496021
0.013000000000000	1.818414006080397
0.014000000000000	2.576486915335388
0.015000000000000	3.541783553105347
0.016000000000000	4.711646976787454
0.017000000000000	2.597996625325957
0.018000000000000	0.648998177331580
0.019000000000000	0.364422167161885
0.020000000000000	0.563229156598939
0.021000000000000	0.138154381115887
0.022000000000000	0.000000000000000
0.023000000000000	0.000000000000000
0.024000000000000	0.000000000000000
0.025000000000000	0.000000000000000
