-0.025 0.0
-0.024 0.0
-0.023 0.0
-0.022000000000000002 0.0
-0.021 0.0
-0.02 0.0
-0.019000000000000003 0.0
-0.018000000000000002 0.0
-0.017 0.0
-0.016 2.1004602909088135
-0.015000000000000001 0.5103017687797546
-0.014000000000000002 1.3697891235351562
-0.013000000000000001 4.316402435302734
-0.012 2.182976007461548
-0.011000000000000001 3.232853889465332
-0.010000000000000002 3.7673020362854004
-0.009000000000000001 5.973397254943848
-0.008 32.30611038208008
-0.006999999999999999 41.16973114013672
-0.006000000000000002 15.853296279907227
-0.005000000000000001 8.896879196166992
-0.004 10.214540481567383
-0.0030000000000000027 13.933608055114746
-0.0020000000000000018 27.667139053344727
-0.0010000000000000009 18.372879028320312
0.0 17.712934494018555
0.0010000000000000009 12.119296073913574
0.0019999999999999983 25.2142333984375
0.002999999999999999 14.382050514221191
0.004 13.01306438446045
0.0049999999999999975 10.499064445495605
0.005999999999999998 12.499593734741211
0.006999999999999999 11.631625175476074
0.008 23.937244415283203
0.009000000000000001 17.455623626708984
0.010000000000000002 15.504119873046875
0.011000000000000003 9.945653915405273
0.011999999999999997 2.296710729598999
0.012999999999999998 1.3572168350219727
0.013999999999999999 2.208601951599121
0.015 1.1217710971832275
0.016 0.5006943941116333
0.017 0.2858869135379791
0.018000000000000002 0.0
0.018999999999999996 0.0
0.019999999999999997 0.0
0.020999999999999998 0.0
0.022 0.0
0.023 0.0
0.024 0.0
0.025 0.0
