-0.025 0.0
-0.024 0.0
-0.023 0.0
-0.022000000000000002 0.0
-0.021 0.0
-0.02 0.0
-0.019000000000000003 0.0
-0.018000000000000002 0.0
-0.017 0.0
-0.016 0.2257276177406311
-0.015000000000000001 0.35506492853164673
-0.014000000000000002 0.6779557466506958
-0.013000000000000001 0.44243791699409485
-0.012 0.23707716166973114
-0.011000000000000001 0.746680736541748
-0.010000000000000002 1.6403745412826538
-0.009000000000000001 3.1795475482940674
-0.008 3.7197349071502686
-0.006999999999999999 9.989442825317383
-0.006000000000000002 18.228557586669922
-0.005000000000000001 23.144283294677734
-0.004 21.70498275756836
-0.0030000000000000027 27.469928741455078
-0.0020000000000000018 21.017480850219727
-0.0010000000000000009 12.529935836791992
0.0 9.552643775939941
0.0010000000000000009 10.31147575378418
0.0019999999999999983 7.319634914398193
0.002999999999999999 7.278106212615967
0.004 7.453352928161621
0.0049999999999999975 11.141727447509766
0.005999999999999998 13.631643295288086
0.006999999999999999 16.619970321655273
0.008 11.17899227142334
0.009000000000000001 4.090914726257324
0.010000000000000002 5.577835559844971
0.011000000000000003 2.3068552017211914
0.011999999999999997 1.3697535991668701
0.012999999999999998 1.2391624450683594
0.013999999999999999 1.6694152355194092
0.015 1.2902356386184692
0.016 0.2188018262386322
0.017 0.3440004885196686
0.018000000000000002 0.0
0.018999999999999996 0.0
0.019999999999999997 0.0
0.020999999999999998 0.0
0.022 0.0
0.023 0.0
0.024 0.0
0.025 0.0
