-0.025 0.0
-0.024 0.0
-0.023 0.0
-0.022000000000000002 0.0
-0.021 0.0
-0.02 0.0
-0.019000000000000003 0.0
-0.018000000000000002 0.0
-0.017 0.0
-0.016 0.9132553339004517
-0.015000000000000001 2.175865411758423
-0.014000000000000002 4.001229286193848
-0.013000000000000001 1.4825348854064941
-0.012 1.9573167562484741
-0.011000000000000001 3.1455483436584473
-0.010000000000000002 4.187704086303711
-0.009000000000000001 3.290174722671509
-0.008 2.6758928298950195
-0.006999999999999999 2.826462507247925
-0.006000000000000002 5.205348968505859
-0.005000000000000001 11.16973876953125
-0.004 15.309478759765625
-0.0030000000000000027 17.72069549560547
-0.0020000000000000018 14.448836326599121
-0.0010000000000000009 12.251928329467773
0.0 9.010747909545898
0.0010000000000000009 2.0259509086608887
0.0019999999999999983 4.804847240447998
0.002999999999999999 4.605957984924316
0.004 3.1311280727386475
0.0049999999999999975 5.151114463806152
0.005999999999999998 4.063420295715332
0.006999999999999999 2.355581760406494
0.008 2.7112481594085693
0.009000000000000001 3.6673998832702637
0.010000000000000002 5.195894241333008
0.011000000000000003 4.298069953918457
0.011999999999999997 3.8759865760803223
0.012999999999999998 5.7745208740234375
0.013999999999999999 6.593082427978516
0.015 3.7906689643859863
0.016 0.02110046148300171
0.017 0.4532020688056946
0.018000000000000002 0.0
0.018999999999999996 0.0
0.019999999999999997 0.0
0.020999999999999998 0.0
0.022 0.0
0.023 0.0
0.024 0.0
0.025 0.0
