-0.025 0.0
-0.024 0.0
-0.023 0.0
-0.022000000000000002 0.0
-0.021 0.0
-0.02 0.0
-0.019000000000000003 0.0
-0.018000000000000002 0.0
-0.017 0.0
-0.016 0.0
-0.015000000000000001 0.3060304820537567
-0.014000000000000002 0.9872875213623047
-0.013000000000000001 0.8967630863189697
-0.012 0.5105758309364319
-0.011000000000000001 4.1971354484558105
-0.010000000000000002 4.407629013061523
-0.009000000000000001 4.523015975952148
-0.008 3.454583168029785
-0.006999999999999999 4.601499557495117
-0.006000000000000002 5.999075889587402
-0.005000000000000001 6.699917793273926
-0.004 17.735246658325195
-0.0030000000000000027 31.197717666625977
-0.0020000000000000018 28.987701416015625
-0.0010000000000000009 24.289756774902344
0.0 32.39712905883789
0.0010000000000000009 17.388879776000977
0.0019999999999999983 14.167409896850586
0.002999999999999999 6.52741003036499
0.004 7.528387069702148
0.0049999999999999975 3.5928163528442383
0.005999999999999998 5.519227027893066
0.006999999999999999 6.227300643920898
0.008 2.435098886489868
0.009000000000000001 5.681484699249268
0.010000000000000002 4.706180572509766
0.011000000000000003 2.2901723384857178
0.011999999999999997 3.6435232162475586
0.012999999999999998 3.5215554237365723
0.013999999999999999 3.4478540420532227
0.015 1.1940175294876099
0.016 0.5626555681228638
0.017 0.10172268748283386
0.018000000000000002 0.0
0.018999999999999996 0.0
0.019999999999999997 0.0
0.020999999999999998 0.0
0.022 0.0
0.023 0.0
0.024 0.0
0.025 0.0
