-0.025 0.0
-0.024 0.0
-0.023 0.0
-0.022000000000000002 0.0
-0.021 0.0
-0.02 0.0
-0.019000000000000003 0.0
-0.018000000000000002 0.3893314599990845
-0.017 0.0
-0.016 1.142627477645874
-0.015000000000000001 0.6886990666389465
-0.014000000000000002 0.8669337034225464
-0.013000000000000001 0.9401186108589172
-0.012 0.2820112705230713
-0.011000000000000001 1.8770482540130615
-0.010000000000000002 2.333247423171997
-0.009000000000000001 4.169668197631836
-0.008 4.256128787994385
-0.006999999999999999 7.899744033813477
-0.006000000000000002 11.64657211303711
-0.005000000000000001 12.7129487991333
-0.004 18.299331665039062
-0.0030000000000000027 22.46837043762207
-0.0020000000000000018 17.938961029052734
-0.0010000000000000009 11.135746955871582
0.0 10.465149879455566
0.0010000000000000009 10.332270622253418
0.0019999999999999983 13.741808891296387
0.002999999999999999 7.4585280418396
0.004 4.999358177185059
0.0049999999999999975 5.922854423522949
0.005999999999999998 9.394981384277344
0.006999999999999999 8.899408340454102
0.008 7.704247951507568
0.009000000000000001 7.719849586486816
0.010000000000000002 10.118087768554688
0.011000000000000003 6.711892127990723
0.011999999999999997 3.3869059085845947
0.012999999999999998 2.835721492767334
0.013999999999999999 2.3632638454437256
0.015 1.4909950494766235
0.016 0.3354438841342926
0.017 0.242300346493721
0.018000000000000002 0.0
0.018999999999999996 0.0
0.019999999999999997 0.0
0.020999999999999998 0.0
0.022 0.0
0.023 0.0
0.024 0.0
0.025 0.0
