-0.025 0.0
-0.024 0.0
-0.023 0.0
-0.022000000000000002 0.0
-0.021 0.0
-0.02 0.0
-0.019000000000000003 0.0
-0.018000000000000002 0.0
-0.017 0.0
-0.016 2.3350114822387695
-0.015000000000000001 1.9860315322875977
-0.014000000000000002 2.0058858394622803
-0.013000000000000001 2.810199737548828
-0.012 2.4029481410980225
-0.011000000000000001 2.9397470951080322
-0.010000000000000002 5.011446952819824
-0.009000000000000001 6.6703057289123535
-0.008 5.638586521148682
-0.006999999999999999 8.902814865112305
-0.006000000000000002 10.182046890258789
-0.005000000000000001 16.642314910888672
-0.004 21.833951950073242
-0.0030000000000000027 22.83509063720703
-0.0020000000000000018 19.42193031311035
-0.0010000000000000009 12.445568084716797
0.0 15.332709312438965
0.0010000000000000009 10.281365394592285
0.0019999999999999983 7.4105072021484375
0.002999999999999999 5.751575946807861
0.004 9.6873779296875
0.0049999999999999975 4.886683464050293
0.005999999999999998 9.18432331085205
0.006999999999999999 10.665472984313965
0.008 8.019975662231445
0.009000000000000001 5.15699577331543
0.010000000000000002 3.241394519805908
0.011000000000000003 2.128375291824341
0.011999999999999997 2.5916996002197266
0.012999999999999998 3.581413745880127
0.013999999999999999 6.83458137512207
0.015 4.006907939910889
0.016 1.8058340549468994
0.017 0.2122589647769928
0.018000000000000002 0.0
0.018999999999999996 0.0
0.019999999999999997 0.0
0.020999999999999998 0.0
0.022 0.0
0.023 0.0
0.024 0.0
0.025 0.0
