-0.025 0.0
-0.024 0.0
-0.023 0.0
-0.022000000000000002 0.0
-0.021 0.0
-0.02 0.0
-0.019000000000000003 0.0
-0.018000000000000002 1.3440594673156738
-0.017 0.0
-0.016 0.05028467997908592
-0.015000000000000001 1.771207571029663
-0.014000000000000002 0.0
-0.013000000000000001 1.0718315839767456
-0.012 3.035196304321289
-0.011000000000000001 7.78524112701416
-0.010000000000000002 9.648447036743164
-0.009000000000000001 6.968924522399902
-0.008 3.215585708618164
-0.006999999999999999 5.94373893737793
-0.006000000000000002 5.013880729675293
-0.005000000000000001 5.716251373291016
-0.004 13.423567771911621
-0.0030000000000000027 29.047605514526367
-0.0020000000000000018 29.69806480407715
-0.0010000000000000009 19.77582550048828
0.0 17.367639541625977
0.0010000000000000009 9.860285758972168
0.0019999999999999983 15.297140121459961
0.002999999999999999 4.525893688201904
0.004 9.633652687072754
0.0049999999999999975 5.074888229370117
0.005999999999999998 15.867305755615234
0.006999999999999999 9.75357723236084
0.008 14.483619689941406
0.009000000000000001 8.376197814941406
0.010000000000000002 2.4760913848876953
0.011000000000000003 2.5304572582244873
0.011999999999999997 1.1784696578979492
0.012999999999999998 0.22837409377098083
0.013999999999999999 0.9338904023170471
0.015 1.0236103534698486
0.016 0.3532133400440216
0.017 0.4971309304237366
0.018000000000000002 0.0
0.018999999999999996 0.0
0.019999999999999997 0.0
0.020999999999999998 0.0
0.022 0.0
0.023 0.0
0.024 0.0
0.025 0.0
