-0.025 0.0
-0.024 0.0
-0.023 0.0
-0.022000000000000002 0.0
-0.021 0.0
-0.02 0.0
-0.019000000000000003 0.0
-0.018000000000000002 0.0
-0.017 0.0
-0.016 0.06333594024181366
-0.015000000000000001 0.3394846022129059
-0.014000000000000002 0.22041761875152588
-0.013000000000000001 0.21482719480991364
-0.012 0.12282303720712662
-0.011000000000000001 1.2168834209442139
-0.010000000000000002 2.131821632385254
-0.009000000000000001 3.232733726501465
-0.008 2.9115731716156006
-0.006999999999999999 4.7949323654174805
-0.006000000000000002 6.993284225463867
-0.005000000000000001 13.991996765136719
-0.004 18.011119842529297
-0.0030000000000000027 19.941347122192383
-0.0020000000000000018 17.571847915649414
-0.0010000000000000009 14.417486190795898
0.0 10.640169143676758
0.0010000000000000009 7.283226013183594
0.0019999999999999983 11.0865478515625
0.002999999999999999 8.67908000946045
0.004 7.297619342803955
0.0049999999999999975 6.49607515335083
0.005999999999999998 7.6239423751831055
0.006999999999999999 4.930482864379883
0.008 3.3618297576904297
0.009000000000000001 2.2634449005126953
0.010000000000000002 2.7889795303344727
0.011000000000000003 1.5735927820205688
0.011999999999999997 1.6866848468780518
0.012999999999999998 2.896665096282959
0.013999999999999999 1.5214513540267944
0.015 0.4776093363761902
0.016 0.2767905294895172
0.017 0.25528764724731445
0.018000000000000002 0.0
0.018999999999999996 0.0
0.019999999999999997 0.0
0.020999999999999998 0.0
0.022 0.0
0.023 0.0
0.024 0.0
0.025 0.0
