-0.025 0.0
-0.024 0.0
-0.023 0.0
-0.022000000000000002 0.0
-0.021 0.0
-0.02 0.0
-0.019000000000000003 0.0
-0.018000000000000002 0.0
-0.017 0.0
-0.016 0.0
-0.015000000000000001 0.0
-0.014000000000000002 0.0
-0.013000000000000001 0.0
-0.012 0.0
-0.011000000000000001 0.09736518561840057
-0.010000000000000002 2.8663578033447266
-0.009000000000000001 6.654937267303467
-0.008 3.9984638690948486
-0.006999999999999999 6.341277122497559
-0.006000000000000002 5.884738922119141
-0.005000000000000001 5.532835960388184
-0.004 10.289270401000977
-0.0030000000000000027 24.389795303344727
-0.0020000000000000018 33.50053024291992
-0.0010000000000000009 33.81340408325195
0.0 25.700267791748047
0.0010000000000000009 15.863276481628418
0.0019999999999999983 12.13638973236084
0.002999999999999999 3.352193593978882
0.004 3.9677836894989014
0.0049999999999999975 2.619642496109009
0.005999999999999998 1.6648496389389038
0.006999999999999999 2.3305509090423584
0.008 1.688817024230957
0.009000000000000001 1.6691722869873047
0.010000000000000002 2.2451443672180176
0.011000000000000003 1.4033578634262085
0.011999999999999997 0.8084388375282288
0.012999999999999998 0.694039523601532
0.013999999999999999 2.8563151359558105
0.015 2.6151058673858643
0.016 0.980387806892395
0.017 1.5498783588409424
0.018000000000000002 0.0
0.018999999999999996 0.0
0.019999999999999997 0.0
0.020999999999999998 0.0
0.022 0.0
0.023 0.0
0.024 0.0
0.025 0.0
