-0.025 0.0
-0.024 0.0
-0.023 0.0
-0.022000000000000002 0.0
-0.021 0.0
-0.02 0.0
-0.019000000000000003 0.0
-0.018000000000000002 0.0
-0.017 0.0
-0.016 0.0
-0.015000000000000001 0.0
-0.014000000000000002 0.0
-0.013000000000000001 0.0
-0.012 0.0
-0.011000000000000001 0.030630188062787056
-0.010000000000000002 0.5951802134513855
-0.009000000000000001 0.9575947523117065
-0.008 0.9970005750656128
-0.006999999999999999 1.4369163513183594
-0.006000000000000002 6.9630656242370605
-0.005000000000000001 11.538230895996094
-0.004 19.501123428344727
-0.0030000000000000027 22.25305938720703
-0.0020000000000000018 22.02613067626953
-0.0010000000000000009 20.807010650634766
0.0 19.333873748779297
0.0010000000000000009 17.75926399230957
0.0019999999999999983 14.433276176452637
0.002999999999999999 8.982461929321289
0.004 6.830503940582275
0.0049999999999999975 8.401698112487793
0.005999999999999998 8.976648330688477
0.006999999999999999 5.498166561126709
0.008 2.01300311088562
0.009000000000000001 0.5730197429656982
0.010000000000000002 0.4515219032764435
0.011000000000000003 0.4116472601890564
0.011999999999999997 0.44506293535232544
0.012999999999999998 0.6346457600593567
0.013999999999999999 0.4210408329963684
0.015 0.45538437366485596
0.016 0.24389700591564178
0.017 0.8177513480186462
0.018000000000000002 0.0
0.018999999999999996 0.0
0.019999999999999997 0.0
0.020999999999999998 0.0
0.022 0.0
0.023 0.0
0.024 0.0
0.025 0.0
