-0.025 0.0
-0.024 0.0
-0.023 0.0
-0.022000000000000002 0.0
-0.021 0.0
-0.02 0.0
-0.019000000000000003 0.0
-0.018000000000000002 0.07327330112457275
-0.017 0.0
-0.016 1.3070533275604248
-0.015000000000000001 0.7406091690063477
-0.014000000000000002 0.7443417310714722
-0.013000000000000001 0.7312555313110352
-0.012 0.828608512878418
-0.011000000000000001 1.0573924779891968
-0.010000000000000002 0.49475812911987305
-0.009000000000000001 0.8300595283508301
-0.008 1.0029315948486328
-0.006999999999999999 0.6154859066009521
-0.006000000000000002 3.986797571182251
-0.005000000000000001 7.150732517242432
-0.004 18.168697357177734
-0.0030000000000000027 29.56036949157715
-0.0020000000000000018 32.000457763671875
-0.0010000000000000009 32.17300033569336
0.0 27.214218139648438
0.0010000000000000009 23.758438110351562
0.0019999999999999983 17.251035690307617
0.002999999999999999 3.196262836456299
0.004 3.095569372177124
0.0049999999999999975 7.546874046325684
0.005999999999999998 7.310934066772461
0.006999999999999999 4.043584823608398
0.008 17.525455474853516
0.009000000000000001 6.080682754516602
0.010000000000000002 5.212087631225586
0.011000000000000003 3.587981700897217
0.011999999999999997 1.2138702869415283
0.012999999999999998 0.418752521276474
0.013999999999999999 0.883808970451355
0.015 0.4813171625137329
0.016 0.22176682949066162
0.017 0.3703312575817108
0.018000000000000002 0.0
0.018999999999999996 0.0
0.019999999999999997 0.0
0.020999999999999998 0.0
0.022 0.0
0.023 0.0
0.024 0.0
0.025 0.0
