-0.025 0.0
-0.024 0.0
-0.023 0.0
-0.022000000000000002 0.0
-0.021 0.0
-0.02 0.0
-0.019000000000000003 0.0
-0.018000000000000002 0.0
-0.017 0.0
-0.016 0.2945658564567566
-0.015000000000000001 1.0579500198364258
-0.014000000000000002 1.1044342517852783
-0.013000000000000001 1.5042455196380615
-0.012 0.8003544807434082
-0.011000000000000001 1.4889435768127441
-0.010000000000000002 2.7168378829956055
-0.009000000000000001 3.1508641242980957
-0.008 2.6784675121307373
-0.006999999999999999 5.588860988616943
-0.006000000000000002 4.979933738708496
-0.005000000000000001 6.261963844299316
-0.004 9.550179481506348
-0.0030000000000000027 22.766448974609375
-0.0020000000000000018 25.136600494384766
-0.0010000000000000009 23.50446128845215
0.0 20.65406608581543
0.0010000000000000009 18.029991149902344
0.0019999999999999983 20.989667892456055
0.002999999999999999 5.212793350219727
0.004 4.844048023223877
0.0049999999999999975 4.407041549682617
0.005999999999999998 2.971076011657715
0.006999999999999999 4.29200553894043
0.008 3.0496954917907715
0.009000000000000001 3.386791944503784
0.010000000000000002 3.92716121673584
0.011000000000000003 3.4169626235961914
0.011999999999999997 3.3623850345611572
0.012999999999999998 2.6394808292388916
0.013999999999999999 2.413745403289795
0.015 1.1338039636611938
0.016 0.4069380760192871
0.017 0.3797776699066162
0.018000000000000002 0.0
0.018999999999999996 0.0
0.019999999999999997 0.0
0.020999999999999998 0.0
0.022 0.0
0.023 0.0
0.024 0.0
0.025 0.0
