-0.025 0.0
-0.024 0.0
-0.023 0.0
-0.022000000000000002 0.0
-0.021 0.0
-0.02 0.0
-0.019000000000000003 0.0
-0.018000000000000002 0.0
-0.017 0.0
-0.016 0.0
-0.015000000000000001 0.2531821131706238
-0.014000000000000002 0.0
-0.013000000000000001 0.902998685836792
-0.012 1.5244252681732178
-0.011000000000000001 8.247087478637695
-0.010000000000000002 5.7812299728393555
-0.009000000000000001 1.5430034399032593
-0.008 1.1154357194900513
-0.006999999999999999 2.4355123043060303
-0.006000000000000002 3.105722427368164
-0.005000000000000001 6.551146507263184
-0.004 21.159759521484375
-0.0030000000000000027 39.66244888305664
-0.0020000000000000018 34.55683135986328
-0.0010000000000000009 29.419479370117188
0.0 29.12427520751953
0.0010000000000000009 16.93685531616211
0.0019999999999999983 17.47856330871582
0.002999999999999999 3.510230302810669
0.004 5.920006275177002
0.0049999999999999975 1.9341022968292236
0.005999999999999998 8.032130241394043
0.006999999999999999 6.154689788818359
0.008 11.457722663879395
0.009000000000000001 9.932779312133789
0.010000000000000002 1.1819063425064087
0.011000000000000003 1.9820526838302612
0.011999999999999997 3.7184762954711914
0.012999999999999998 0.9056953191757202
0.013999999999999999 0.9560227394104004
0.015 0.5678849816322327
0.016 0.24349752068519592
0.017 0.5697252154350281
0.018000000000000002 0.0
0.018999999999999996 0.0
0.019999999999999997 0.0
0.020999999999999998 0.0
0.022 0.0
0.023 0.0
0.024 0.0
0.025 0.0
