-0.025 0.0
-0.024 0.0
-0.023 0.0
-0.022000000000000002 0.0
-0.021 0.0
-0.02 0.0
-0.019000000000000003 0.0
-0.018000000000000002 0.0
-0.017 0.0
-0.016 0.0
-0.015000000000000001 0.0
-0.014000000000000002 0.0
-0.013000000000000001 0.0
-0.012 0.08481621742248535
-0.011000000000000001 1.0030348300933838
-0.010000000000000002 2.4456496238708496
-0.009000000000000001 1.3098695278167725
-0.008 0.06982477009296417
-0.006999999999999999 2.8562517166137695
-0.006000000000000002 6.304009437561035
-0.005000000000000001 12.212496757507324
-0.004 22.535017013549805
-0.0030000000000000027 25.492937088012695
-0.0020000000000000018 29.286584854125977
-0.0010000000000000009 28.09405517578125
0.0 29.48867416381836
0.0010000000000000009 23.264545440673828
0.0019999999999999983 14.634500503540039
0.002999999999999999 7.872341156005859
0.004 7.839964866638184
0.0049999999999999975 4.74053430557251
0.005999999999999998 8.236333847045898
0.006999999999999999 8.021492004394531
0.008 9.553091049194336
0.009000000000000001 6.678657531738281
0.010000000000000002 5.368371486663818
0.011000000000000003 2.047661781311035
0.011999999999999997 2.4722461700439453
0.012999999999999998 2.1932318210601807
0.013999999999999999 0.9397344589233398
0.015 0.5232204794883728
0.016 0.27831023931503296
0.017 0.12230033427476883
0.018000000000000002 0.0
0.018999999999999996 0.0
0.019999999999999997 0.0
0.020999999999999998 0.0
0.022 0.0
0.023 0.0
0.024 0.0
0.025 0.0
