-0.025 0.0
-0.024 0.0
-0.023 0.0
-0.022000000000000002 0.0
-0.021 0.0
-0.02 0.0
-0.019000000000000003 0.0
-0.018000000000000002 0.0
-0.017 0.0
-0.016 0.0
-0.015000000000000001 0.0
-0.014000000000000002 0.0
-0.013000000000000001 0.0
-0.012 0.0
-0.011000000000000001 0.0
-0.010000000000000002 0.7501619458198547
-0.009000000000000001 2.412369966506958
-0.008 2.516446352005005
-0.006999999999999999 8.07872200012207
-0.006000000000000002 15.527896881103516
-0.005000000000000001 19.145471572875977
-0.004 22.755720138549805
-0.0030000000000000027 27.59501838684082
-0.0020000000000000018 22.533554077148438
-0.0010000000000000009 13.871146202087402
0.0 11.57210636138916
0.0010000000000000009 10.019832611083984
0.0019999999999999983 7.26449728012085
0.002999999999999999 5.903294563293457
0.004 7.614828109741211
0.0049999999999999975 8.796319961547852
0.005999999999999998 9.938522338867188
0.006999999999999999 12.155513763427734
0.008 10.458572387695312
0.009000000000000001 3.3524649143218994
0.010000000000000002 3.2654776573181152
0.011000000000000003 0.6844829320907593
0.011999999999999997 0.21805483102798462
0.012999999999999998 0.13644686341285706
0.013999999999999999 0.7463782429695129
0.015 1.294649362564087
0.016 0.2515162229537964
0.017 0.4332140386104584
0.018000000000000002 0.0
0.018999999999999996 0.0
0.019999999999999997 0.0
0.020999999999999998 0.0
0.022 0.0
0.023 0.0
0.024 0.0
0.025 0.0
