-0.025 0.0
-0.024 0.0
-0.023 0.0
-0.022000000000000002 0.0
-0.021 0.0
-0.02 0.0
-0.019000000000000003 0.0
-0.018000000000000002 0.0
-0.017 0.0
-0.016 0.0
-0.015000000000000001 0.0
-0.014000000000000002 0.0
-0.013000000000000001 0.0
-0.012 0.0
-0.011000000000000001 0.0
-0.010000000000000002 0.06489958614110947
-0.009000000000000001 0.7600672245025635
-0.008 1.4660272598266602
-0.006999999999999999 7.866640567779541
-0.006000000000000002 13.98794937133789
-0.005000000000000001 14.926504135131836
-0.004 15.284141540527344
-0.0030000000000000027 23.514137268066406
-0.0020000000000000018 24.737422943115234
-0.0010000000000000009 23.62973403930664
0.0 21.161081314086914
0.0010000000000000009 13.914748191833496
0.0019999999999999983 17.453569412231445
0.002999999999999999 10.983405113220215
0.004 10.919960975646973
0.0049999999999999975 7.2142157554626465
0.005999999999999998 4.291110038757324
0.006999999999999999 3.32915997505188
0.008 2.1932642459869385
0.009000000000000001 3.546675205230713
0.010000000000000002 2.0094728469848633
0.011000000000000003 2.2242531776428223
0.011999999999999997 1.645740270614624
0.012999999999999998 1.1137640476226807
0.013999999999999999 1.1162974834442139
0.015 1.0670554637908936
0.016 0.8727136254310608
0.017 0.32375138998031616
0.018000000000000002 0.0
0.018999999999999996 0.0
0.019999999999999997 0.0
0.020999999999999998 0.0
0.022 0.0
0.023 0.0
0.024 0.0
0.025 0.0
