-0.025 0.0
-0.024 0.0
-0.023 0.0
-0.022000000000000002 0.0
-0.021 0.0
-0.02 0.0
-0.019000000000000003 0.0
-0.018000000000000002 0.0
-0.017 0.0
-0.016 0.0
-0.015000000000000001 0.0
-0.014000000000000002 0.0
-0.013000000000000001 0.0
-0.012 0.0
-0.011000000000000001 0.005739833228290081
-0.010000000000000002 0.05223497375845909
-0.009000000000000001 0.5337166786193848
-0.008 0.8487286567687988
-0.006999999999999999 1.6555137634277344
-0.006000000000000002 11.025690078735352
-0.005000000000000001 19.735868453979492
-0.004 25.758451461791992
-0.0030000000000000027 31.997886657714844
-0.0020000000000000018 24.90612030029297
-0.0010000000000000009 17.058429718017578
0.0 21.92995262145996
0.0010000000000000009 13.843072891235352
0.0019999999999999983 11.910730361938477
0.002999999999999999 2.4092495441436768
0.004 4.037023067474365
0.0049999999999999975 4.600612640380859
0.005999999999999998 3.9211742877960205
0.006999999999999999 2.127629518508911
0.008 3.581221342086792
0.009000000000000001 0.9956652522087097
0.010000000000000002 2.8622426986694336
0.011000000000000003 4.029240131378174
0.011999999999999997 3.002988338470459
0.012999999999999998 2.532057762145996
0.013999999999999999 4.088944435119629
0.015 2.5343875885009766
0.016 1.8937902450561523
0.017 0.35675060749053955
0.018000000000000002 0.0
0.018999999999999996 0.0
0.019999999999999997 0.0
0.020999999999999998 0.0
0.022 0.0
0.023 0.0
0.024 0.0
0.025 0.0
