-0.025 0.0
-0.024 0.0
-0.023 0.0
-0.022000000000000002 0.0
-0.021 0.0
-0.02 0.0
-0.019000000000000003 0.0
-0.018000000000000002 0.0
-0.017 0.0
-0.016 1.2543208599090576
-0.015000000000000001 0.6683975458145142
-0.014000000000000002 0.8537588715553284
-0.013000000000000001 1.208892583847046
-0.012 2.411670446395874
-0.011000000000000001 3.9522526264190674
-0.010000000000000002 5.928861618041992
-0.009000000000000001 2.922276496887207
-0.008 5.473633766174316
-0.006999999999999999 3.8521409034729004
-0.006000000000000002 10.1632661819458
-0.005000000000000001 13.15749740600586
-0.004 17.475997924804688
-0.0030000000000000027 19.30870246887207
-0.0020000000000000018 20.862520217895508
-0.0010000000000000009 16.670217514038086
0.0 19.44781494140625
0.0010000000000000009 12.891918182373047
0.0019999999999999983 10.113133430480957
0.002999999999999999 8.032038688659668
0.004 13.455836296081543
0.0049999999999999975 10.914995193481445
0.005999999999999998 13.344770431518555
0.006999999999999999 15.231298446655273
0.008 10.737286567687988
0.009000000000000001 5.738356113433838
0.010000000000000002 2.0670900344848633
0.011000000000000003 0.48693788051605225
0.011999999999999997 1.5458147525787354
0.012999999999999998 1.7490365505218506
0.013999999999999999 1.1505162715911865
0.015 2.109546422958374
0.016 1.1758105754852295
0.017 0.09289953857660294
0.018000000000000002 0.0
0.018999999999999996 0.0
0.019999999999999997 0.0
0.020999999999999998 0.0
0.022 0.0
0.023 0.0
0.024 0.0
0.025 0.0
