-0.025 0.0
-0.024 0.0
-0.023 0.0
-0.022000000000000002 0.0
-0.021 0.0
-0.02 0.0
-0.019000000000000003 0.0
-0.018000000000000002 0.0
-0.017 0.0
-0.016 0.0
-0.015000000000000001 0.0
-0.014000000000000002 0.0
-0.013000000000000001 0.0
-0.012 0.0
-0.011000000000000001 0.6100463271141052
-0.010000000000000002 1.0446653366088867
-0.009000000000000001 0.7610379457473755
-0.008 1.0058369636535645
-0.006999999999999999 3.2206175327301025
-0.006000000000000002 5.490388870239258
-0.005000000000000001 6.190140247344971
-0.004 10.913177490234375
-0.0030000000000000027 19.535999298095703
-0.0020000000000000018 20.407827377319336
-0.0010000000000000009 18.051719665527344
0.0 13.928853988647461
0.0010000000000000009 9.117841720581055
0.0019999999999999983 7.909560680389404
0.002999999999999999 2.7165751457214355
0.004 3.4150214195251465
0.0049999999999999975 2.9915285110473633
0.005999999999999998 4.219058990478516
0.006999999999999999 3.3568129539489746
0.008 2.4490082263946533
0.009000000000000001 2.5358405113220215
0.010000000000000002 2.8833673000335693
0.011000000000000003 3.161059617996216
0.011999999999999997 2.2028322219848633
0.012999999999999998 0.8537150621414185
0.013999999999999999 0.5595619678497314
0.015 0.4588800072669983
0.016 0.2509389817714691
0.017 0.39535072445869446
0.018000000000000002 0.0
0.018999999999999996 0.0
0.019999999999999997 0.0
0.020999999999999998 0.0
0.022 0.0
0.023 0.0
0.024 0.0
0.025 0.0
