-0.025 0.0
-0.024 0.0
-0.023 0.0
-0.022000000000000002 0.0
-0.021 0.0
-0.02 0.0
-0.019000000000000003 0.0
-0.018000000000000002 0.0
-0.017 0.0
-0.016 0.0
-0.015000000000000001 0.0
-0.014000000000000002 0.0
-0.013000000000000001 0.0
-0.012 0.012470604851841927
-0.011000000000000001 0.0
-0.010000000000000002 0.0
-0.009000000000000001 0.0
-0.008 0.0
-0.006999999999999999 0.2395036369562149
-0.006000000000000002 0.0
-0.005000000000000001 1.7569701671600342
-0.004 11.583541870117188
-0.0030000000000000027 25.979713439941406
-0.0020000000000000018 37.840240478515625
-0.0010000000000000009 36.096527099609375
0.0 28.927024841308594
0.0010000000000000009 26.42799186706543
0.0019999999999999983 24.40607452392578
0.002999999999999999 6.471315860748291
0.004 5.3780107498168945
0.0049999999999999975 0.5076625347137451
0.005999999999999998 1.4004930257797241
0.006999999999999999 2.0941922664642334
0.008 0.6534426808357239
0.009000000000000001 1.4869256019592285
0.010000000000000002 0.4184994697570801
0.011000000000000003 0.399443656206131
0.011999999999999997 2.069364547729492
0.012999999999999998 0.6161381602287292
0.013999999999999999 0.831615149974823
0.015 0.49693411588668823
0.016 0.32532188296318054
0.017 0.28838175535202026
0.018000000000000002 0.0
0.018999999999999996 0.0
0.019999999999999997 0.0
0.020999999999999998 0.0
0.022 0.0
0.023 0.0
0.024 0.0
0.025 0.0
