-0.025 0.0
-0.024 0.0
-0.023 0.0
-0.022000000000000002 0.0
-0.021 0.0
-0.02 0.0
-0.019000000000000003 0.0
-0.018000000000000002 0.0
-0.017 0.0
-0.016 0.0
-0.015000000000000001 0.0
-0.014000000000000002 0.0
-0.013000000000000001 0.0
-0.012 0.0
-0.011000000000000001 0.0
-0.010000000000000002 0.0
-0.009000000000000001 0.0
-0.008 1.2143725156784058
-0.006999999999999999 9.155251502990723
-0.006000000000000002 14.766568183898926
-0.005000000000000001 14.230703353881836
-0.004 14.64891242980957
-0.0030000000000000027 22.457565307617188
-0.0020000000000000018 25.902027130126953
-0.0010000000000000009 26.895645141601562
0.0 22.9654598236084
0.0010000000000000009 18.065160751342773
0.0019999999999999983 15.33219051361084
0.002999999999999999 10.139573097229004
0.004 10.266606330871582
0.0049999999999999975 4.589672088623047
0.005999999999999998 3.353393077850342
0.006999999999999999 4.0679168701171875
0.008 6.731541633605957
0.009000000000000001 4.5024333000183105
0.010000000000000002 3.5891714096069336
0.011000000000000003 1.7399784326553345
0.011999999999999997 1.6059468984603882
0.012999999999999998 0.8595597743988037
0.013999999999999999 0.9420269727706909
0.015 1.1135303974151611
0.016 0.7842190265655518
0.017 0.21423660218715668
0.018000000000000002 0.0
0.018999999999999996 0.0
0.019999999999999997 0.0
0.020999999999999998 0.0
0.022 0.0
0.023 0.0
0.024 0.0
0.025 0.0
