-0.025 0.0
-0.024 0.0
-0.023 0.0
-0.022000000000000002 0.0
-0.021 0.0
-0.02 0.0
-0.019000000000000003 0.0
-0.018000000000000002 0.0
-0.017 0.0
-0.016 0.38806599378585815
-0.015000000000000001 0.0
-0.014000000000000002 0.10135048627853394
-0.013000000000000001 1.4080795049667358
-0.012 0.07753017544746399
-0.011000000000000001 1.0399363040924072
-0.010000000000000002 1.4461116790771484
-0.009000000000000001 1.3457038402557373
-0.008 1.4559426307678223
-0.006999999999999999 1.1507924795150757
-0.006000000000000002 5.681303977966309
-0.005000000000000001 6.593400478363037
-0.004 10.85062026977539
-0.0030000000000000027 21.08346176147461
-0.0020000000000000018 22.83682632446289
-0.0010000000000000009 20.86256980895996
0.0 18.978303909301758
0.0010000000000000009 15.04114055633545
0.0019999999999999983 15.18528938293457
0.002999999999999999 4.539339065551758
0.004 2.37251877784729
0.0049999999999999975 1.970359206199646
0.005999999999999998 4.394166946411133
0.006999999999999999 3.447995185852051
0.008 1.292160987854004
0.009000000000000001 1.33555006980896
0.010000000000000002 4.889330863952637
0.011000000000000003 2.57629656791687
0.011999999999999997 1.7915887832641602
0.012999999999999998 2.5649445056915283
0.013999999999999999 2.464660882949829
0.015 1.9355833530426025
0.016 0.9928544759750366
0.017 0.14329949021339417
0.018000000000000002 0.0
0.018999999999999996 0.0
0.019999999999999997 0.0
0.020999999999999998 0.0
0.022 0.0
0.023 0.0
0.024 0.0
0.025 0.0
