-0.025 0.0
-0.024 0.0
-0.023 0.0
-0.022000000000000002 0.0
-0.021 0.0
-0.02 0.0
-0.019000000000000003 0.0
-0.018000000000000002 0.0
-0.017 0.0
-0.016 0.0
-0.015000000000000001 0.0
-0.014000000000000002 0.0
-0.013000000000000001 0.0
-0.012 0.0
-0.011000000000000001 0.41661933064460754
-0.010000000000000002 1.6384260654449463
-0.009000000000000001 3.44171404838562
-0.008 2.666804075241089
-0.006999999999999999 3.5445504188537598
-0.006000000000000002 4.245975494384766
-0.005000000000000001 11.085709571838379
-0.004 19.419523239135742
-0.0030000000000000027 22.218345642089844
-0.0020000000000000018 21.705062866210938
-0.0010000000000000009 16.98430633544922
0.0 12.747713088989258
0.0010000000000000009 8.94178581237793
0.0019999999999999983 8.6532621383667
0.002999999999999999 6.070918083190918
0.004 4.466578960418701
0.0049999999999999975 8.100231170654297
0.005999999999999998 6.660978317260742
0.006999999999999999 8.541690826416016
0.008 3.5574936866760254
0.009000000000000001 1.4517956972122192
0.010000000000000002 1.3379337787628174
0.011000000000000003 0.7274328470230103
0.011999999999999997 0.3906179368495941
0.012999999999999998 2.087838649749756
0.013999999999999999 2.659359931945801
0.015 1.538742184638977
0.016 0.46842071413993835
0.017 0.5606523156166077
0.018000000000000002 0.0
0.018999999999999996 0.0
0.019999999999999997 0.0
0.020999999999999998 0.0
0.022 0.0
0.023 0.0
0.024 0.0
0.025 0.0
