-0.025 0.0
-0.024 0.0
-0.023 0.0
-0.022000000000000002 0.0
-0.021 0.0
-0.02 0.0
-0.019000000000000003 0.0
-0.018000000000000002 0.0
-0.017 0.0
-0.016 1.2315263748168945
-0.015000000000000001 1.6786866188049316
-0.014000000000000002 0.8011279702186584
-0.013000000000000001 0.7477171421051025
-0.012 0.24038748443126678
-0.011000000000000001 2.4365487098693848
-0.010000000000000002 6.08648681640625
-0.009000000000000001 4.101190090179443
-0.008 4.824368476867676
-0.006999999999999999 7.5114264488220215
-0.006000000000000002 11.277132034301758
-0.005000000000000001 10.63952922821045
-0.004 17.825212478637695
-0.0030000000000000027 26.48075294494629
-0.0020000000000000018 23.004322052001953
-0.0010000000000000009 19.957490921020508
0.0 22.796287536621094
0.0010000000000000009 12.052978515625
0.0019999999999999983 16.529247283935547
0.002999999999999999 11.579718589782715
0.004 8.860824584960938
0.0049999999999999975 16.492019653320312
0.005999999999999998 7.551756858825684
0.006999999999999999 5.479486465454102
0.008 2.3366880416870117
0.009000000000000001 2.150682210922241
0.010000000000000002 1.0236587524414062
0.011000000000000003 2.2526087760925293
0.011999999999999997 2.9139139652252197
0.012999999999999998 6.17371940612793
0.013999999999999999 6.251220226287842
0.015 3.554570436477661
0.016 1.2836099863052368
0.017 0.5990425944328308
0.018000000000000002 0.0
0.018999999999999996 0.0
0.019999999999999997 0.0
0.020999999999999998 0.0
0.022 0.0
0.023 0.0
0.024 0.0
0.025 0.0
