-0.025 0.0
-0.024 0.0
-0.023 0.0
-0.022000000000000002 0.0
-0.021 0.0
-0.02 0.0
-0.019000000000000003 0.0
-0.018000000000000002 0.0
-0.017 0.0
-0.016 0.7370298504829407
-0.015000000000000001 0.0
-0.014000000000000002 0.0
-0.013000000000000001 1.5967888832092285
-0.012 2.88920259475708
-0.011000000000000001 3.2553811073303223
-0.010000000000000002 2.6395790576934814
-0.009000000000000001 1.3212405443191528
-0.008 2.8502843379974365
-0.006999999999999999 0.7044244408607483
-0.006000000000000002 3.928004026412964
-0.005000000000000001 2.7510271072387695
-0.004 8.613297462463379
-0.0030000000000000027 18.09316062927246
-0.0020000000000000018 17.12921142578125
-0.0010000000000000009 14.553265571594238
0.0 16.484783172607422
0.0010000000000000009 12.931270599365234
0.0019999999999999983 13.2111177444458
0.002999999999999999 3.186046600341797
0.004 2.5583860874176025
0.0049999999999999975 0.811582088470459
0.005999999999999998 5.245903968811035
0.006999999999999999 4.997089385986328
0.008 4.588202476501465
0.009000000000000001 3.2267422676086426
0.010000000000000002 5.476304054260254
0.011000000000000003 2.1204159259796143
0.011999999999999997 0.8180347681045532
0.012999999999999998 1.8016185760498047
0.013999999999999999 1.7393893003463745
0.015 1.2017700672149658
0.016 0.6239200830459595
0.017 0.2208997905254364
0.018000000000000002 0.0
0.018999999999999996 0.0
0.019999999999999997 0.0
0.020999999999999998 0.0
0.022 0.0
0.023 0.0
0.024 0.0
0.025 0.0
