-0.025 0.0
-0.024 0.0
-0.023 0.0
-0.022000000000000002 0.0
-0.021 0.0
-0.02 0.0
-0.019000000000000003 0.0
-0.018000000000000002 0.0
-0.017 0.0
-0.016 0.0
-0.015000000000000001 0.0
-0.014000000000000002 0.0
-0.013000000000000001 0.0
-0.012 0.0
-0.011000000000000001 0.0
-0.010000000000000002 0.47406476736068726
-0.009000000000000001 2.1150333881378174
-0.008 1.3084118366241455
-0.006999999999999999 1.985084056854248
-0.006000000000000002 2.5289664268493652
-0.005000000000000001 2.3699631690979004
-0.004 9.988266944885254
-0.0030000000000000027 25.337482452392578
-0.0020000000000000018 21.8994140625
-0.0010000000000000009 20.415916442871094
0.0 19.215782165527344
0.0010000000000000009 14.567756652832031
0.0019999999999999983 25.0358829498291
0.002999999999999999 6.547274589538574
0.004 0.9805182218551636
0.0049999999999999975 0.7810941934585571
0.005999999999999998 0.89323490858078
0.006999999999999999 2.3701512813568115
0.008 0.690538227558136
0.009000000000000001 0.898446261882782
0.010000000000000002 2.1527323722839355
0.011000000000000003 0.7126258611679077
0.011999999999999997 0.025757333263754845
0.012999999999999998 0.11073824018239975
0.013999999999999999 3.0631253719329834
0.015 1.4760494232177734
0.016 0.19396597146987915
0.017 0.4914626479148865
0.018000000000000002 0.0
0.018999999999999996 0.0
0.019999999999999997 0.0
0.020999999999999998 0.0
0.022 0.0
0.023 0.0
0.024 0.0
0.025 0.0
