-0.025 0.0
-0.024 0.0
-0.023 0.0
-0.022000000000000002 0.0
-0.021 0.0
-0.02 0.0
-0.019000000000000003 0.0
-0.018000000000000002 0.059615351259708405
-0.017 0.0
-0.016 3.0313668251037598
-0.015000000000000001 4.461322784423828
-0.014000000000000002 3.8925528526306152
-0.013000000000000001 3.116494655609131
-0.012 2.910684108734131
-0.011000000000000001 2.9388134479522705
-0.010000000000000002 4.959869384765625
-0.009000000000000001 6.5354905128479
-0.008 12.208980560302734
-0.006999999999999999 21.22199249267578
-0.006000000000000002 15.705936431884766
-0.005000000000000001 14.668424606323242
-0.004 22.231056213378906
-0.0030000000000000027 27.895963668823242
-0.0020000000000000018 25.046873092651367
-0.0010000000000000009 12.742996215820312
0.0 12.359572410583496
0.0010000000000000009 8.60743236541748
0.0019999999999999983 12.276640892028809
0.002999999999999999 9.609919548034668
0.004 10.017012596130371
0.0049999999999999975 12.004968643188477
0.005999999999999998 17.62373924255371
0.006999999999999999 14.031015396118164
0.008 10.680098533630371
0.009000000000000001 7.252921104431152
0.010000000000000002 9.198561668395996
0.011000000000000003 13.141932487487793
0.011999999999999997 7.250257968902588
0.012999999999999998 8.687044143676758
0.013999999999999999 5.492908477783203
0.015 1.93777596950531
0.016 0.3769697844982147
0.017 0.44635194540023804
0.018000000000000002 0.0
0.018999999999999996 0.0
0.019999999999999997 0.0
0.020999999999999998 0.0
0.022 0.0
0.023 0.0
0.024 0.0
0.025 0.0
