-0.025 0.0
-0.024 0.0
-0.023 0.0
-0.022000000000000002 0.0
-0.021 0.0
-0.02 0.0
-0.019000000000000003 0.0
-0.018000000000000002 0.0
-0.017 0.0
-0.016 0.0
-0.015000000000000001 0.0
-0.014000000000000002 0.06036481261253357
-0.013000000000000001 0.0
-0.012 0.0
-0.011000000000000001 0.13348256051540375
-0.010000000000000002 0.3252865672111511
-0.009000000000000001 0.9377874732017517
-0.008 1.0291824340820312
-0.006999999999999999 1.3052948713302612
-0.006000000000000002 5.157572269439697
-0.005000000000000001 11.654766082763672
-0.004 22.518207550048828
-0.0030000000000000027 26.579391479492188
-0.0020000000000000018 26.222444534301758
-0.0010000000000000009 15.664336204528809
0.0 13.283804893493652
0.0010000000000000009 10.63740348815918
0.0019999999999999983 8.44963264465332
0.002999999999999999 4.920884132385254
0.004 7.8997368812561035
0.0049999999999999975 9.70169448852539
0.005999999999999998 8.689488410949707
0.006999999999999999 9.209007263183594
0.008 8.004883766174316
0.009000000000000001 4.657845973968506
0.010000000000000002 1.158873438835144
0.011000000000000003 0.3951098322868347
0.011999999999999997 0.59836745262146
0.012999999999999998 0.8317675590515137
0.013999999999999999 1.0102834701538086
0.015 0.7073639631271362
0.016 0.2879171371459961
0.017 0.3510112166404724
0.018000000000000002 0.0
0.018999999999999996 0.0
0.019999999999999997 0.0
0.020999999999999998 0.0
0.022 0.0
0.023 0.0
0.024 0.0
0.025 0.0
