-0.025 0.0
-0.024 0.0
-0.023 0.0
-0.022000000000000002 0.0
-0.021 0.0
-0.02 0.0
-0.019000000000000003 0.0
-0.018000000000000002 0.0
-0.017 0.0
-0.016 0.28167107701301575
-0.015000000000000001 1.2935152053833008
-0.014000000000000002 2.0787599086761475
-0.013000000000000001 2.287774085998535
-0.012 1.0585837364196777
-0.011000000000000001 2.882143020629883
-0.010000000000000002 3.8144872188568115
-0.009000000000000001 3.820537805557251
-0.008 3.3650429248809814
-0.006999999999999999 8.116836547851562
-0.006000000000000002 11.052299499511719
-0.005000000000000001 17.477577209472656
-0.004 22.430404663085938
-0.0030000000000000027 19.595073699951172
-0.0020000000000000018 16.98208999633789
-0.0010000000000000009 15.295488357543945
0.0 13.671799659729004
0.0010000000000000009 8.253233909606934
0.0019999999999999983 8.891463279724121
0.002999999999999999 4.152887344360352
0.004 4.986852645874023
0.0049999999999999975 5.432513236999512
0.005999999999999998 5.382587432861328
0.006999999999999999 6.2679572105407715
0.008 4.426366329193115
0.009000000000000001 4.141951084136963
0.010000000000000002 5.651585578918457
0.011000000000000003 4.55537748336792
0.011999999999999997 4.950395107269287
0.012999999999999998 5.154635906219482
0.013999999999999999 7.927084922790527
0.015 4.570827960968018
0.016 1.9676244258880615
0.017 0.19972392916679382
0.018000000000000002 0.0
0.018999999999999996 0.0
0.019999999999999997 0.0
0.020999999999999998 0.0
0.022 0.0
0.023 0.0
0.024 0.0
0.025 0.0
