-0.025 0.0
-0.024 0.0
-0.023 0.0
-0.022000000000000002 0.0
-0.021 0.0
-0.02 0.0
-0.019000000000000003 0.0
-0.018000000000000002 0.0
-0.017 0.0
-0.016 0.0
-0.015000000000000001 0.06460834294557571
-0.014000000000000002 0.09619691222906113
-0.013000000000000001 0.32566067576408386
-0.012 0.28947147727012634
-0.011000000000000001 2.279910087585449
-0.010000000000000002 1.377595067024231
-0.009000000000000001 1.0171265602111816
-0.008 3.2984955310821533
-0.006999999999999999 11.484367370605469
-0.006000000000000002 13.986248016357422
-0.005000000000000001 14.129095077514648
-0.004 14.540156364440918
-0.0030000000000000027 19.474483489990234
-0.0020000000000000018 19.12491798400879
-0.0010000000000000009 17.172164916992188
0.0 14.344170570373535
0.0010000000000000009 13.663189888000488
0.0019999999999999983 15.7241792678833
0.002999999999999999 14.353727340698242
0.004 19.643898010253906
0.0049999999999999975 19.77981948852539
0.005999999999999998 8.99426555633545
0.006999999999999999 8.429082870483398
0.008 4.534948348999023
0.009000000000000001 4.77127742767334
0.010000000000000002 2.4251012802124023
0.011000000000000003 1.8140026330947876
0.011999999999999997 0.9522265195846558
0.012999999999999998 2.488590717315674
0.013999999999999999 2.649928569793701
0.015 1.292202115058899
0.016 0.5611317753791809
0.017 0.4433177709579468
0.018000000000000002 0.0
0.018999999999999996 0.0
0.019999999999999997 0.0
0.020999999999999998 0.0
0.022 0.0
0.023 0.0
0.024 0.0
0.025 0.0
