-0.025 0.0
-0.024 0.0
-0.023 0.0
-0.022000000000000002 0.0
-0.021 0.0
-0.02 0.0
-0.019000000000000003 0.0
-0.018000000000000002 0.0
-0.017 0.0
-0.016 0.0
-0.015000000000000001 0.0
-0.014000000000000002 0.0
-0.013000000000000001 0.0
-0.012 0.0
-0.011000000000000001 0.0
-0.010000000000000002 0.0
-0.009000000000000001 0.0
-0.008 1.136521339416504
-0.006999999999999999 7.670619010925293
-0.006000000000000002 10.716436386108398
-0.005000000000000001 12.269351959228516
-0.004 19.811687469482422
-0.0030000000000000027 29.612167358398438
-0.0020000000000000018 28.928911209106445
-0.0010000000000000009 27.577678680419922
0.0 27.517261505126953
0.0010000000000000009 24.46444320678711
0.0019999999999999983 19.50012969970703
0.002999999999999999 11.438186645507812
0.004 8.766336441040039
0.0049999999999999975 3.605325222015381
0.005999999999999998 6.298568248748779
0.006999999999999999 5.980949401855469
0.008 5.109375
0.009000000000000001 4.113390922546387
0.010000000000000002 4.0022783279418945
0.011000000000000003 3.0328283309936523
0.011999999999999997 2.406733751296997
0.012999999999999998 0.9741804599761963
0.013999999999999999 1.5585360527038574
0.015 1.256456971168518
0.016 0.7402056455612183
0.017 0.28222793340682983
0.018000000000000002 0.0
0.018999999999999996 0.0
0.019999999999999997 0.0
0.020999999999999998 0.0
0.022 0.0
0.023 0.0
0.024 0.0
0.025 0.0
