-0.025 0.0
-0.024 0.0
-0.023 0.0
-0.022000000000000002 0.0
-0.021 0.0
-0.02 0.0
-0.019000000000000003 0.0
-0.018000000000000002 0.0
-0.017 0.0
-0.016 0.0
-0.015000000000000001 0.0
-0.014000000000000002 0.0
-0.013000000000000001 0.0
-0.012 0.0
-0.011000000000000001 0.25242236256599426
-0.010000000000000002 1.258418321609497
-0.009000000000000001 2.7211172580718994
-0.008 2.7635178565979004
-0.006999999999999999 8.508811950683594
-0.006000000000000002 11.82502555847168
-0.005000000000000001 14.29796314239502
-0.004 19.508235931396484
-0.0030000000000000027 28.93600845336914
-0.0020000000000000018 28.835966110229492
-0.0010000000000000009 21.07440185546875
0.0 20.160676956176758
0.0010000000000000009 18.954322814941406
0.0019999999999999983 18.504152297973633
0.002999999999999999 13.319458961486816
0.004 7.036351680755615
0.0049999999999999975 8.519591331481934
0.005999999999999998 9.688039779663086
0.006999999999999999 8.869955062866211
0.008 5.520648002624512
0.009000000000000001 4.13424015045166
0.010000000000000002 6.977456569671631
0.011000000000000003 2.853513479232788
0.011999999999999997 0.4126139283180237
0.012999999999999998 0.841004490852356
0.013999999999999999 1.332282543182373
0.015 0.6784635186195374
0.016 0.25245732069015503
0.017 0.24303185939788818
0.018000000000000002 0.0
0.018999999999999996 0.0
0.019999999999999997 0.0
0.020999999999999998 0.0
0.022 0.0
0.023 0.0
0.024 0.0
0.025 0.0
