-0.025 0.0
-0.024 0.0
-0.023 0.0
-0.022000000000000002 0.0
-0.021 0.0
-0.02 0.0
-0.019000000000000003 0.0
-0.018000000000000002 0.0
-0.017 0.0
-0.016 1.1017062664031982
-0.015000000000000001 0.0
-0.014000000000000002 0.048847414553165436
-0.013000000000000001 0.0
-0.012 0.0
-0.011000000000000001 0.6535366177558899
-0.010000000000000002 2.4871416091918945
-0.009000000000000001 0.1759766936302185
-0.008 0.5834924578666687
-0.006999999999999999 1.7114720344543457
-0.006000000000000002 3.8591980934143066
-0.005000000000000001 3.7832441329956055
-0.004 10.512085914611816
-0.0030000000000000027 23.48324203491211
-0.0020000000000000018 33.31218338012695
-0.0010000000000000009 34.65988540649414
0.0 36.61703872680664
0.0010000000000000009 19.935131072998047
0.0019999999999999983 14.337807655334473
0.002999999999999999 5.014035701751709
0.004 7.659071922302246
0.0049999999999999975 8.290307998657227
0.005999999999999998 4.6799421310424805
0.006999999999999999 4.135836601257324
0.008 2.836839199066162
0.009000000000000001 6.069008827209473
0.010000000000000002 4.017252445220947
0.011000000000000003 1.2393873929977417
0.011999999999999997 0.9797305464744568
0.012999999999999998 1.3503457307815552
0.013999999999999999 0.9569337368011475
0.015 1.389968991279602
0.016 0.19871319830417633
0.017 0.17640461027622223
0.018000000000000002 0.0
0.018999999999999996 0.0
0.019999999999999997 0.0
0.020999999999999998 0.0
0.022 0.0
0.023 0.0
0.024 0.0
0.025 0.0
