-0.025 0.0
-0.024 0.0
-0.023 0.0
-0.022000000000000002 0.0
-0.021 0.0
-0.02 0.0
-0.019000000000000003 0.0
-0.018000000000000002 0.0
-0.017 0.0
-0.016 0.0
-0.015000000000000001 0.0
-0.014000000000000002 0.0
-0.013000000000000001 0.0
-0.012 0.0
-0.011000000000000001 0.0
-0.010000000000000002 0.06298357248306274
-0.009000000000000001 0.7563979625701904
-0.008 0.996690571308136
-0.006999999999999999 1.2037690877914429
-0.006000000000000002 4.539675712585449
-0.005000000000000001 9.586606979370117
-0.004 17.366413116455078
-0.0030000000000000027 21.821809768676758
-0.0020000000000000018 18.52048683166504
-0.0010000000000000009 12.910396575927734
0.0 12.155710220336914
0.0010000000000000009 8.218076705932617
0.0019999999999999983 10.436450958251953
0.002999999999999999 4.592859268188477
0.004 5.30072546005249
0.0049999999999999975 7.151371479034424
0.005999999999999998 8.607182502746582
0.006999999999999999 5.978198528289795
0.008 4.407939434051514
0.009000000000000001 0.6163075566291809
0.010000000000000002 0.39627984166145325
0.011000000000000003 0.3753637671470642
0.011999999999999997 0.21382834017276764
0.012999999999999998 0.3881624937057495
0.013999999999999999 0.27047860622406006
0.015 0.38180890679359436
0.016 0.1389140635728836
0.017 0.20895904302597046
0.018000000000000002 0.0
0.018999999999999996 0.0
0.019999999999999997 0.0
0.020999999999999998 0.0
0.022 0.0
0.023 0.0
0.024 0.0
0.025 0.0
