-0.025 0.0
-0.024 0.0
-0.023 0.0
-0.022000000000000002 0.0
-0.021 0.0
-0.02 0.0
-0.019000000000000003 0.0
-0.018000000000000002 0.0
-0.017 0.0
-0.016 0.9802345633506775
-0.015000000000000001 0.40871578454971313
-0.014000000000000002 0.8418806791305542
-0.013000000000000001 0.705680251121521
-0.012 0.11017974466085434
-0.011000000000000001 0.6352978348731995
-0.010000000000000002 3.0817995071411133
-0.009000000000000001 1.2618238925933838
-0.008 2.9518167972564697
-0.006999999999999999 7.102207183837891
-0.006000000000000002 12.17419147491455
-0.005000000000000001 12.898798942565918
-0.004 20.004484176635742
-0.0030000000000000027 25.12905502319336
-0.0020000000000000018 25.057283401489258
-0.0010000000000000009 23.410686492919922
0.0 25.045820236206055
0.0010000000000000009 24.08895492553711
0.0019999999999999983 9.987680435180664
0.002999999999999999 12.642895698547363
0.004 9.735471725463867
0.0049999999999999975 11.565834045410156
0.005999999999999998 12.902056694030762
0.006999999999999999 13.37364673614502
0.008 3.4590470790863037
0.009000000000000001 1.8574589490890503
0.010000000000000002 2.255553722381592
0.011000000000000003 0.49721646308898926
0.011999999999999997 1.7963528633117676
0.012999999999999998 2.3707313537597656
0.013999999999999999 1.227243185043335
0.015 2.2287425994873047
0.016 1.9871776103973389
0.017 0.3367660939693451
0.018000000000000002 0.0
0.018999999999999996 0.0
0.019999999999999997 0.0
0.020999999999999998 0.0
0.022 0.0
0.023 0.0
0.024 0.0
0.025 0.0
