-0.025 0.0
-0.024 0.0
-0.023 0.0
-0.022000000000000002 0.0
-0.021 0.0
-0.02 0.0
-0.019000000000000003 0.0
-0.018000000000000002 0.0
-0.017 0.0
-0.016 0.0
-0.015000000000000001 0.0
-0.014000000000000002 0.0
-0.013000000000000001 0.0
-0.012 0.0
-0.011000000000000001 0.0
-0.010000000000000002 0.23064196109771729
-0.009000000000000001 0.5534765124320984
-0.008 0.7233135104179382
-0.006999999999999999 0.9001753330230713
-0.006000000000000002 0.9065970182418823
-0.005000000000000001 0.9920333623886108
-0.004 4.718863487243652
-0.0030000000000000027 14.886642456054688
-0.0020000000000000018 27.016639709472656
-0.0010000000000000009 34.07145309448242
0.0 26.482572555541992
0.0010000000000000009 22.26630401611328
0.0019999999999999983 19.39561653137207
0.002999999999999999 12.777925491333008
0.004 1.851205825805664
0.0049999999999999975 0.8120032548904419
0.005999999999999998 0.6739762425422668
0.006999999999999999 0.5078466534614563
0.008 0.3971904218196869
0.009000000000000001 0.5844287872314453
0.010000000000000002 0.36903929710388184
0.011000000000000003 0.17050102353096008
0.011999999999999997 0.36918675899505615
0.012999999999999998 0.29017525911331177
0.013999999999999999 0.004533891566097736
0.015 0.20326972007751465
0.016 0.003372328355908394
0.017 0.6659468412399292
0.018000000000000002 0.0
0.018999999999999996 0.0
0.019999999999999997 0.0
0.020999999999999998 0.0
0.022 0.0
0.023 0.0
0.024 0.0
0.025 0.0
