-0.025 0.0
-0.024 0.0
-0.023 0.0
-0.022000000000000002 0.0
-0.021 0.0
-0.02 0.0
-0.019000000000000003 0.0
-0.018000000000000002 0.0
-0.017 0.0
-0.016 0.0
-0.015000000000000001 0.0
-0.014000000000000002 0.0
-0.013000000000000001 0.0
-0.012 0.0
-0.011000000000000001 0.0
-0.010000000000000002 0.0
-0.009000000000000001 0.0
-0.008 0.0
-0.006999999999999999 0.0
-0.006000000000000002 1.0367928743362427
-0.005000000000000001 2.3383302688598633
-0.004 9.562335968017578
-0.0030000000000000027 21.835689544677734
-0.0020000000000000018 35.536033630371094
-0.0010000000000000009 42.12251281738281
0.0 36.32405471801758
0.0010000000000000009 27.824195861816406
0.0019999999999999983 19.734130859375
0.002999999999999999 12.008245468139648
0.004 2.553638219833374
0.0049999999999999975 2.114501714706421
0.005999999999999998 3.044585704803467
0.006999999999999999 1.4803283214569092
0.008 1.700345516204834
0.009000000000000001 0.6088026762008667
0.010000000000000002 1.0613824129104614
0.011000000000000003 0.43444395065307617
0.011999999999999997 0.8357502818107605
0.012999999999999998 0.16029173135757446
0.013999999999999999 0.2948795258998871
0.015 0.5405900478363037
0.016 0.21259818971157074
0.017 0.18781395256519318
0.018000000000000002 0.0
0.018999999999999996 0.0
0.019999999999999997 0.0
0.020999999999999998 0.0
0.022 0.0
0.023 0.0
0.024 0.0
0.025 0.0
