-0.025 0.0
-0.024 0.0
-0.023 0.0
-0.022000000000000002 0.0
-0.021 0.0
-0.02 0.0
-0.019000000000000003 0.0
-0.018000000000000002 0.0
-0.017 0.0
-0.016 0.0
-0.015000000000000001 0.0
-0.014000000000000002 0.0
-0.013000000000000001 0.0
-0.012 0.0
-0.011000000000000001 0.0
-0.010000000000000002 0.0
-0.009000000000000001 0.0
-0.008 0.0832444429397583
-0.006999999999999999 4.490070819854736
-0.006000000000000002 7.893339157104492
-0.005000000000000001 12.33874225616455
-0.004 21.707246780395508
-0.0030000000000000027 26.571184158325195
-0.0020000000000000018 28.453956604003906
-0.0010000000000000009 31.01804542541504
0.0 30.53348731994629
0.0010000000000000009 23.388545989990234
0.0019999999999999983 16.66062355041504
0.002999999999999999 11.657820701599121
0.004 12.079473495483398
0.0049999999999999975 5.460739612579346
0.005999999999999998 3.6409099102020264
0.006999999999999999 2.778573513031006
0.008 1.6050606966018677
0.009000000000000001 2.555340528488159
0.010000000000000002 0.7198023200035095
0.011000000000000003 1.199665904045105
0.011999999999999997 1.386730432510376
0.012999999999999998 1.2219080924987793
0.013999999999999999 1.2602487802505493
0.015 1.2118892669677734
0.016 1.2739325761795044
0.017 0.24800066649913788
0.018000000000000002 0.0
0.018999999999999996 0.0
0.019999999999999997 0.0
0.020999999999999998 0.0
0.022 0.0
0.023 0.0
0.024 0.0
0.025 0.0
