-0.025 0.0
-0.024 0.0
-0.023 0.0
-0.022000000000000002 0.0
-0.021 0.0
-0.02 0.0
-0.019000000000000003 0.0
-0.018000000000000002 0.0
-0.017 0.0
-0.016 0.0
-0.015000000000000001 0.3060305714607239
-0.014000000000000002 0.9872872829437256
-0.013000000000000001 0.8967630863189697
-0.012 0.5105759501457214
-0.011000000000000001 4.335607528686523
-0.010000000000000002 4.301650047302246
-0.009000000000000001 4.523015975952148
-0.008 3.454583168029785
-0.006999999999999999 4.601500034332275
-0.006000000000000002 5.999075889587402
-0.005000000000000001 7.213376045227051
-0.004 21.507287979125977
-0.0030000000000000027 29.279193878173828
-0.0020000000000000018 25.5560302734375
-0.0010000000000000009 23.52799415588379
0.0 35.03507995605469
0.0010000000000000009 18.805002212524414
0.0019999999999999983 12.41744613647461
0.002999999999999999 6.62136697769165
0.004 6.749484539031982
0.0049999999999999975 3.629578113555908
0.005999999999999998 5.281917572021484
0.006999999999999999 5.890451431274414
0.008 2.1924586296081543
0.009000000000000001 4.7857255935668945
0.010000000000000002 4.902866840362549
0.011000000000000003 2.27638578414917
0.011999999999999997 3.786137580871582
0.012999999999999998 3.3059351444244385
0.013999999999999999 3.364356756210327
0.015 1.1940175294876099
0.016 0.5626556873321533
0.017 0.10172269493341446
0.018000000000000002 0.0
0.018999999999999996 0.0
0.019999999999999997 0.0
0.020999999999999998 0.0
0.022 0.0
0.023 0.0
0.024 0.0
0.025 0.0
