-0.025 0.0
-0.024 0.0
-0.023 0.0
-0.022000000000000002 0.0
-0.021 0.0
-0.02 0.0
-0.019000000000000003 0.0
-0.018000000000000002 0.0
-0.017 0.0
-0.016 0.0
-0.015000000000000001 0.0
-0.014000000000000002 0.0
-0.013000000000000001 0.0
-0.012 0.0
-0.011000000000000001 0.4847184419631958
-0.010000000000000002 0.5658202767372131
-0.009000000000000001 0.016697796061635017
-0.008 0.8949328660964966
-0.006999999999999999 1.6920931339263916
-0.006000000000000002 3.756260633468628
-0.005000000000000001 7.261264801025391
-0.004 18.317453384399414
-0.0030000000000000027 32.61579513549805
-0.0020000000000000018 26.309024810791016
-0.0010000000000000009 22.928604125976562
0.0 26.728017807006836
0.0010000000000000009 14.685853958129883
0.0019999999999999983 15.903587341308594
0.002999999999999999 2.9381587505340576
0.004 7.550724029541016
0.0049999999999999975 3.8177003860473633
0.005999999999999998 5.952887535095215
0.006999999999999999 5.183224678039551
0.008 3.220332384109497
0.009000000000000001 0.6543459892272949
0.010000000000000002 4.065286636352539
0.011000000000000003 3.7007558345794678
0.011999999999999997 2.7619597911834717
0.012999999999999998 3.0146543979644775
0.013999999999999999 2.806041717529297
0.015 1.3361306190490723
0.016 0.6055410504341125
0.017 0.27074959874153137
0.018000000000000002 0.0
0.018999999999999996 0.0
0.019999999999999997 0.0
0.020999999999999998 0.0
0.022 0.0
0.023 0.0
0.024 0.0
0.025 0.0
