-0.025 0.0
-0.024 0.0
-0.023 0.0
-0.022000000000000002 0.0
-0.021 0.0
-0.02 0.0
-0.019000000000000003 0.0
-0.018000000000000002 0.0
-0.017 0.0
-0.016 0.0
-0.015000000000000001 0.0
-0.014000000000000002 0.0
-0.013000000000000001 0.0
-0.012 0.0
-0.011000000000000001 0.0
-0.010000000000000002 0.0
-0.009000000000000001 0.6539382338523865
-0.008 1.5528254508972168
-0.006999999999999999 4.238433837890625
-0.006000000000000002 11.630611419677734
-0.005000000000000001 15.220269203186035
-0.004 15.4713134765625
-0.0030000000000000027 21.287260055541992
-0.0020000000000000018 21.999235153198242
-0.0010000000000000009 21.196008682250977
0.0 17.423574447631836
0.0010000000000000009 14.080791473388672
0.0019999999999999983 13.757484436035156
0.002999999999999999 9.751832008361816
0.004 7.994662761688232
0.0049999999999999975 10.83224105834961
0.005999999999999998 11.179224014282227
0.006999999999999999 7.700369834899902
0.008 3.6539511680603027
0.009000000000000001 1.3246383666992188
0.010000000000000002 1.8115538358688354
0.011000000000000003 0.764898419380188
0.011999999999999997 0.3675640821456909
0.012999999999999998 0.38636869192123413
0.013999999999999999 0.5341618657112122
0.015 0.5191994905471802
0.016 0.23878982663154602
0.017 0.4836187958717346
0.018000000000000002 0.0
0.018999999999999996 0.0
0.019999999999999997 0.0
0.020999999999999998 0.0
0.022 0.0
0.023 0.0
0.024 0.0
0.025 0.0
