-0.025 0.0
-0.024 0.0
-0.023 0.0
-0.022000000000000002 0.0
-0.021 0.0
-0.02 0.0
-0.019000000000000003 0.0
-0.018000000000000002 0.0
-0.017 0.0
-0.016 0.0
-0.015000000000000001 0.0
-0.014000000000000002 0.0
-0.013000000000000001 0.0
-0.012 0.0
-0.011000000000000001 0.04868259280920029
-0.010000000000000002 0.9602834582328796
-0.009000000000000001 2.483889102935791
-0.008 1.5571675300598145
-0.006999999999999999 2.697171926498413
-0.006000000000000002 7.979031562805176
-0.005000000000000001 12.520715713500977
-0.004 17.416461944580078
-0.0030000000000000027 21.386295318603516
-0.0020000000000000018 18.41592788696289
-0.0010000000000000009 14.411890983581543
0.0 12.748784065246582
0.0010000000000000009 14.451895713806152
0.0019999999999999983 14.921751022338867
0.002999999999999999 9.264301300048828
0.004 7.289952754974365
0.0049999999999999975 7.951045513153076
0.005999999999999998 9.679717063903809
0.006999999999999999 6.329342842102051
0.008 2.4373250007629395
0.009000000000000001 0.6940100789070129
0.010000000000000002 1.183181881904602
0.011000000000000003 0.38892030715942383
0.011999999999999997 0.09237389266490936
0.012999999999999998 0.11539847403764725
0.013999999999999999 0.6514323949813843
0.015 0.6906039714813232
0.016 0.22800184786319733
0.017 0.2839581370353699
0.018000000000000002 0.0
0.018999999999999996 0.0
0.019999999999999997 0.0
0.020999999999999998 0.0
0.022 0.0
0.023 0.0
0.024 0.0
0.025 0.0
