-0.025 0.0
-0.024 0.0
-0.023 0.0
-0.022000000000000002 0.0
-0.021 0.0
-0.02 0.0
-0.019000000000000003 0.0
-0.018000000000000002 0.0
-0.017 0.0
-0.016 0.0
-0.015000000000000001 0.0
-0.014000000000000002 0.5361890196800232
-0.013000000000000001 2.227786064147949
-0.012 1.9154900312423706
-0.011000000000000001 2.204984426498413
-0.010000000000000002 2.3865981101989746
-0.009000000000000001 2.4575228691101074
-0.008 3.091836929321289
-0.006999999999999999 2.9693398475646973
-0.006000000000000002 3.8947765827178955
-0.005000000000000001 8.37926959991455
-0.004 19.732351303100586
-0.0030000000000000027 26.776906967163086
-0.0020000000000000018 26.201007843017578
-0.0010000000000000009 25.397071838378906
0.0 22.90542221069336
0.0010000000000000009 20.250396728515625
0.0019999999999999983 17.38616943359375
0.002999999999999999 7.521147727966309
0.004 5.910765647888184
0.0049999999999999975 5.944981575012207
0.005999999999999998 11.995458602905273
0.006999999999999999 12.027178764343262
0.008 8.362503051757812
0.009000000000000001 3.339329719543457
0.010000000000000002 1.8106986284255981
0.011000000000000003 0.6890401840209961
0.011999999999999997 0.6820082068443298
0.012999999999999998 0.30024251341819763
0.013999999999999999 0.9363692998886108
0.015 0.8330003023147583
0.016 0.3913997411727905
0.017 0.24165195226669312
0.018000000000000002 0.0
0.018999999999999996 0.0
0.019999999999999997 0.0
0.020999999999999998 0.0
0.022 0.0
0.023 0.0
0.024 0.0
0.025 0.0
