-0.025 0.0
-0.024 0.0
-0.023 0.0
-0.022000000000000002 0.0
-0.021 0.0
-0.02 0.0
-0.019000000000000003 0.0
-0.018000000000000002 0.0
-0.017 0.0
-0.016 0.0
-0.015000000000000001 0.0
-0.014000000000000002 0.0
-0.013000000000000001 0.0
-0.012 0.0
-0.011000000000000001 0.0912630707025528
-0.010000000000000002 1.430384874343872
-0.009000000000000001 2.1865053176879883
-0.008 2.0993311405181885
-0.006999999999999999 2.453490734100342
-0.006000000000000002 1.665364384651184
-0.005000000000000001 3.1147780418395996
-0.004 10.96943473815918
-0.0030000000000000027 19.754440307617188
-0.0020000000000000018 28.827316284179688
-0.0010000000000000009 32.3160400390625
0.0 28.146739959716797
0.0010000000000000009 21.755943298339844
0.0019999999999999983 11.491963386535645
0.002999999999999999 2.8129568099975586
0.004 2.3834381103515625
0.0049999999999999975 2.060692310333252
0.005999999999999998 1.116647481918335
0.006999999999999999 1.043407678604126
0.008 0.9722952842712402
0.009000000000000001 1.0714255571365356
0.010000000000000002 0.8992668390274048
0.011000000000000003 0.8680005073547363
0.011999999999999997 0.8823865056037903
0.012999999999999998 0.9779326319694519
0.013999999999999999 1.2828450202941895
0.015 1.0540298223495483
0.016 0.468860387802124
0.017 1.9621816873550415
0.018000000000000002 0.0
0.018999999999999996 0.0
0.019999999999999997 0.0
0.020999999999999998 0.0
0.022 0.0
0.023 0.0
0.024 0.0
0.025 0.0
