-0.025 0.0
-0.024 0.0
-0.023 0.0
-0.022000000000000002 0.0
-0.021 0.0
-0.02 0.0
-0.019000000000000003 0.0
-0.018000000000000002 0.0
-0.017 0.0
-0.016 0.384436696767807
-0.015000000000000001 0.06737064570188522
-0.014000000000000002 0.28239905834198
-0.013000000000000001 0.6269448399543762
-0.012 0.0
-0.011000000000000001 1.2416002750396729
-0.010000000000000002 2.5936217308044434
-0.009000000000000001 2.3098948001861572
-0.008 3.124034881591797
-0.006999999999999999 6.480406761169434
-0.006000000000000002 11.547784805297852
-0.005000000000000001 11.896272659301758
-0.004 22.797563552856445
-0.0030000000000000027 30.81390953063965
-0.0020000000000000018 24.702495574951172
-0.0010000000000000009 24.32941246032715
0.0 24.13346290588379
0.0010000000000000009 15.360771179199219
0.0019999999999999983 18.614601135253906
0.002999999999999999 7.823887825012207
0.004 5.764510154724121
0.0049999999999999975 4.885080337524414
0.005999999999999998 4.420485496520996
0.006999999999999999 4.436659336090088
0.008 5.930700778961182
0.009000000000000001 4.797253131866455
0.010000000000000002 7.67805290222168
0.011000000000000003 4.974754333496094
0.011999999999999997 3.3481476306915283
0.012999999999999998 2.350355625152588
0.013999999999999999 2.801150321960449
0.015 1.9355791807174683
0.016 0.8335500955581665
0.017 0.13607072830200195
0.018000000000000002 0.0
0.018999999999999996 0.0
0.019999999999999997 0.0
0.020999999999999998 0.0
0.022 0.0
0.023 0.0
0.024 0.0
0.025 0.0
