-0.025 0.0
-0.024 0.0
-0.023 0.0
-0.022000000000000002 0.0
-0.021 0.0
-0.02 0.0
-0.019000000000000003 0.0
-0.018000000000000002 0.0
-0.017 0.0
-0.016 0.0
-0.015000000000000001 0.0
-0.014000000000000002 0.0935760959982872
-0.013000000000000001 0.03645677492022514
-0.012 0.0
-0.011000000000000001 0.25242236256599426
-0.010000000000000002 1.2210112810134888
-0.009000000000000001 2.6149282455444336
-0.008 3.0687971115112305
-0.006999999999999999 9.793603897094727
-0.006000000000000002 12.825668334960938
-0.005000000000000001 19.263683319091797
-0.004 21.688243865966797
-0.0030000000000000027 25.86336898803711
-0.0020000000000000018 22.717304229736328
-0.0010000000000000009 20.169723510742188
0.0 21.88226318359375
0.0010000000000000009 23.595321655273438
0.0019999999999999983 12.712554931640625
0.002999999999999999 11.930398941040039
0.004 9.505617141723633
0.0049999999999999975 1.684457540512085
0.005999999999999998 4.582882881164551
0.006999999999999999 9.381800651550293
0.008 11.172062873840332
0.009000000000000001 6.722362518310547
0.010000000000000002 4.7874345779418945
0.011000000000000003 3.63849139213562
0.011999999999999997 0.9004461765289307
0.012999999999999998 0.6509629487991333
0.013999999999999999 1.289389967918396
0.015 0.9770927429199219
0.016 0.3946452736854553
0.017 0.2430318146944046
0.018000000000000002 0.0
0.018999999999999996 0.0
0.019999999999999997 0.0
0.020999999999999998 0.0
0.022 0.0
0.023 0.0
0.024 0.0
0.025 0.0
