-0.025 0.0
-0.024 0.0
-0.023 0.0
-0.022000000000000002 0.0
-0.021 0.0
-0.02 0.0
-0.019000000000000003 0.0
-0.018000000000000002 0.0
-0.017 0.0
-0.016 0.9949225187301636
-0.015000000000000001 0.4752575755119324
-0.014000000000000002 0.7802504301071167
-0.013000000000000001 1.225229263305664
-0.012 0.12005958706140518
-0.011000000000000001 0.8912911415100098
-0.010000000000000002 2.6142284870147705
-0.009000000000000001 2.157811164855957
-0.008 3.154521942138672
-0.006999999999999999 3.579648971557617
-0.006000000000000002 4.745704174041748
-0.005000000000000001 3.769528388977051
-0.004 10.606424331665039
-0.0030000000000000027 24.28185272216797
-0.0020000000000000018 24.757740020751953
-0.0010000000000000009 21.820098876953125
0.0 21.367250442504883
0.0010000000000000009 17.725706100463867
0.0019999999999999983 16.9658145904541
0.002999999999999999 3.4508228302001953
0.004 4.312026500701904
0.0049999999999999975 5.366084098815918
0.005999999999999998 6.029351234436035
0.006999999999999999 6.808190822601318
0.008 2.8455801010131836
0.009000000000000001 1.7229820489883423
0.010000000000000002 0.9804543852806091
0.011000000000000003 0.7084453105926514
0.011999999999999997 1.856643795967102
0.012999999999999998 2.913580894470215
0.013999999999999999 2.1124324798583984
0.015 3.1346139907836914
0.016 2.022510051727295
0.017 0.44466644525527954
0.018000000000000002 0.0
0.018999999999999996 0.0
0.019999999999999997 0.0
0.020999999999999998 0.0
0.022 0.0
0.023 0.0
0.024 0.0
0.025 0.0
