-0.025 0.0
-0.024 0.0
-0.023 0.0
-0.022000000000000002 0.0
-0.021 0.0
-0.02 0.0
-0.019000000000000003 0.0
-0.018000000000000002 0.0
-0.017 0.0
-0.016 0.0
-0.015000000000000001 0.0
-0.014000000000000002 0.0
-0.013000000000000001 0.0
-0.012 0.0
-0.011000000000000001 0.0
-0.010000000000000002 0.4993860125541687
-0.009000000000000001 0.718638002872467
-0.008 1.6006321907043457
-0.006999999999999999 8.877671241760254
-0.006000000000000002 12.747699737548828
-0.005000000000000001 20.40569496154785
-0.004 22.53261947631836
-0.0030000000000000027 22.163305282592773
-0.0020000000000000018 21.317611694335938
-0.0010000000000000009 22.73545265197754
0.0 22.12779426574707
0.0010000000000000009 18.23769187927246
0.0019999999999999983 9.568500518798828
0.002999999999999999 10.778534889221191
0.004 11.034025192260742
0.0049999999999999975 6.234926223754883
0.005999999999999998 5.119144916534424
0.006999999999999999 5.088358402252197
0.008 4.563573360443115
0.009000000000000001 4.427023410797119
0.010000000000000002 4.182243824005127
0.011000000000000003 2.296628475189209
0.011999999999999997 0.9691946506500244
0.012999999999999998 0.4139325022697449
0.013999999999999999 0.7728803157806396
0.015 0.7602052092552185
0.016 0.7039090991020203
0.017 0.6414213180541992
0.018000000000000002 0.0
0.018999999999999996 0.0
0.019999999999999997 0.0
0.020999999999999998 0.0
0.022 0.0
0.023 0.0
0.024 0.0
0.025 0.0
