-0.025 0.0
-0.024 0.0
-0.023 0.0
-0.022000000000000002 0.0
-0.021 0.0
-0.02 0.0
-0.019000000000000003 0.0
-0.018000000000000002 0.0
-0.017 0.0
-0.016 0.0
-0.015000000000000001 0.0
-0.014000000000000002 0.0
-0.013000000000000001 0.0
-0.012 0.0
-0.011000000000000001 0.0563788115978241
-0.010000000000000002 1.5309107303619385
-0.009000000000000001 2.8270370960235596
-0.008 7.459850311279297
-0.006999999999999999 13.952427864074707
-0.006000000000000002 19.8072509765625
-0.005000000000000001 21.428274154663086
-0.004 18.86647605895996
-0.0030000000000000027 19.633573532104492
-0.0020000000000000018 17.06761360168457
-0.0010000000000000009 11.631111145019531
0.0 9.949132919311523
0.0010000000000000009 16.465290069580078
0.0019999999999999983 8.430907249450684
0.002999999999999999 11.492652893066406
0.004 13.947293281555176
0.0049999999999999975 6.340872764587402
0.005999999999999998 9.874271392822266
0.006999999999999999 11.451397895812988
0.008 12.45669174194336
0.009000000000000001 3.8699731826782227
0.010000000000000002 4.513887405395508
0.011000000000000003 0.9532555937767029
0.011999999999999997 0.27053046226501465
0.012999999999999998 0.3019925057888031
0.013999999999999999 1.0838255882263184
0.015 0.9099451899528503
0.016 0.3445153832435608
0.017 0.4364776313304901
0.018000000000000002 0.0
0.018999999999999996 0.0
0.019999999999999997 0.0
0.020999999999999998 0.0
0.022 0.0
0.023 0.0
0.024 0.0
0.025 0.0
