-0.025 0.0
-0.024 0.0
-0.023 0.0
-0.022000000000000002 0.0
-0.021 0.0
-0.02 0.0
-0.019000000000000003 0.0
-0.018000000000000002 0.0
-0.017 0.0
-0.016 0.0
-0.015000000000000001 0.0
-0.014000000000000002 0.0
-0.013000000000000001 0.0
-0.012 0.0
-0.011000000000000001 0.0
-0.010000000000000002 0.0
-0.009000000000000001 0.3883589506149292
-0.008 0.8912254571914673
-0.006999999999999999 3.187624216079712
-0.006000000000000002 5.928284168243408
-0.005000000000000001 11.6018705368042
-0.004 14.486788749694824
-0.0030000000000000027 29.587610244750977
-0.0020000000000000018 28.087398529052734
-0.0010000000000000009 24.954153060913086
0.0 24.098716735839844
0.0010000000000000009 12.943774223327637
0.0019999999999999983 19.227928161621094
0.002999999999999999 7.555277347564697
0.004 10.154154777526855
0.0049999999999999975 7.187162399291992
0.005999999999999998 2.9884450435638428
0.006999999999999999 2.733287811279297
0.008 3.3239071369171143
0.009000000000000001 2.7895450592041016
0.010000000000000002 1.3273581266403198
0.011000000000000003 1.5103962421417236
0.011999999999999997 1.3481276035308838
0.012999999999999998 0.7416232824325562
0.013999999999999999 1.0289355516433716
0.015 0.9299787282943726
0.016 0.7443864345550537
0.017 0.29808104038238525
0.018000000000000002 0.0
0.018999999999999996 0.0
0.019999999999999997 0.0
0.020999999999999998 0.0
0.022 0.0
0.023 0.0
0.024 0.0
0.025 0.0
