-0.025 0.0
-0.024 0.0
-0.023 0.0
-0.022000000000000002 0.0
-0.021 0.0
-0.02 0.0
-0.019000000000000003 0.0
-0.018000000000000002 0.0
-0.017 0.0
-0.016 0.0
-0.015000000000000001 0.0
-0.014000000000000002 0.0
-0.013000000000000001 0.0
-0.012 0.0
-0.011000000000000001 0.0
-0.010000000000000002 0.0
-0.009000000000000001 0.28936678171157837
-0.008 1.1677806377410889
-0.006999999999999999 1.3647576570510864
-0.006000000000000002 7.443422317504883
-0.005000000000000001 12.192413330078125
-0.004 18.277267456054688
-0.0030000000000000027 24.18235206604004
-0.0020000000000000018 21.418901443481445
-0.0010000000000000009 22.148208618164062
0.0 16.993593215942383
0.0010000000000000009 15.233186721801758
0.0019999999999999983 22.07204818725586
0.002999999999999999 14.415507316589355
0.004 6.603951930999756
0.0049999999999999975 9.579211235046387
0.005999999999999998 8.463071823120117
0.006999999999999999 4.411848068237305
0.008 0.9287394881248474
0.009000000000000001 0.3117874562740326
0.010000000000000002 0.45133480429649353
0.011000000000000003 0.30681395530700684
0.011999999999999997 0.23664608597755432
0.012999999999999998 0.6098924875259399
0.013999999999999999 0.519591212272644
0.015 1.3705556392669678
0.016 0.07232355326414108
0.017 0.09282917529344559
0.018000000000000002 0.0
0.018999999999999996 0.0
0.019999999999999997 0.0
0.020999999999999998 0.0
0.022 0.0
0.023 0.0
0.024 0.0
0.025 0.0
