-0.025 0.0
-0.024 0.0
-0.023 0.0
-0.022000000000000002 0.0
-0.021 0.0
-0.02 0.0
-0.019000000000000003 0.0
-0.018000000000000002 0.0
-0.017 0.0
-0.016 1.2100006341934204
-0.015000000000000001 0.3378320038318634
-0.014000000000000002 0.968151867389679
-0.013000000000000001 0.5277454853057861
-0.012 0.2734863758087158
-0.011000000000000001 0.4822158217430115
-0.010000000000000002 1.6715505123138428
-0.009000000000000001 1.3930540084838867
-0.008 2.1926159858703613
-0.006999999999999999 5.849672794342041
-0.006000000000000002 5.209237575531006
-0.005000000000000001 7.737056732177734
-0.004 16.069250106811523
-0.0030000000000000027 29.835243225097656
-0.0020000000000000018 34.82373809814453
-0.0010000000000000009 25.18988609313965
0.0 37.404544830322266
0.0010000000000000009 26.89219093322754
0.0019999999999999983 11.893613815307617
0.002999999999999999 4.158586025238037
0.004 5.348161697387695
0.0049999999999999975 13.28834342956543
0.005999999999999998 13.806625366210938
0.006999999999999999 7.066891670227051
0.008 7.486617565155029
0.009000000000000001 7.184085369110107
0.010000000000000002 5.892001628875732
0.011000000000000003 3.1091716289520264
0.011999999999999997 2.388615608215332
0.012999999999999998 1.598358392715454
0.013999999999999999 2.0563604831695557
0.015 2.1945056915283203
0.016 0.6535390615463257
0.017 0.0659034326672554
0.018000000000000002 0.0
0.018999999999999996 0.0
0.019999999999999997 0.0
0.020999999999999998 0.0
0.022 0.0
0.023 0.0
0.024 0.0
0.025 0.0
