-0.025 0.0
-0.024 0.0
-0.023 0.0
-0.022000000000000002 0.0
-0.021 0.0
-0.02 0.0
-0.019000000000000003 0.0
-0.018000000000000002 0.0
-0.017 0.0
-0.016 0.0
-0.015000000000000001 0.0
-0.014000000000000002 0.0
-0.013000000000000001 0.0
-0.012 0.0
-0.011000000000000001 0.0
-0.010000000000000002 0.0
-0.009000000000000001 0.0
-0.008 0.0
-0.006999999999999999 0.0
-0.006000000000000002 0.0
-0.005000000000000001 2.382706642150879
-0.004 17.923004150390625
-0.0030000000000000027 23.657840728759766
-0.0020000000000000018 29.58196449279785
-0.0010000000000000009 34.57935333251953
0.0 34.20849609375
0.0010000000000000009 29.397563934326172
0.0019999999999999983 11.868941307067871
0.002999999999999999 3.070733070373535
0.004 2.4512147903442383
0.0049999999999999975 1.4835944175720215
0.005999999999999998 2.6612346172332764
0.006999999999999999 1.5388668775558472
0.008 0.5592464208602905
0.009000000000000001 0.38072675466537476
0.010000000000000002 1.0369387865066528
0.011000000000000003 0.5639000535011292
0.011999999999999997 1.2601561546325684
0.012999999999999998 0.9226552248001099
0.013999999999999999 0.8091378808021545
0.015 0.762981653213501
0.016 0.7910386323928833
0.017 0.7350708842277527
0.018000000000000002 0.0
0.018999999999999996 0.0
0.019999999999999997 0.0
0.020999999999999998 0.0
0.022 0.0
0.023 0.0
0.024 0.0
0.025 0.0
