-0.025 0.0
-0.024 0.0
-0.023 0.0
-0.022000000000000002 0.0
-0.021 0.0
-0.02 0.0
-0.019000000000000003 0.0
-0.018000000000000002 0.0
-0.017 0.0
-0.016 0.0
-0.015000000000000001 0.0
-0.014000000000000002 0.0
-0.013000000000000001 0.0
-0.012 0.0
-0.011000000000000001 0.0
-0.010000000000000002 0.0
-0.009000000000000001 0.49478214979171753
-0.008 0.8118942975997925
-0.006999999999999999 0.8817786574363708
-0.006000000000000002 4.381939888000488
-0.005000000000000001 9.767687797546387
-0.004 15.544428825378418
-0.0030000000000000027 24.73283576965332
-0.0020000000000000018 23.82293701171875
-0.0010000000000000009 21.772401809692383
0.0 17.497356414794922
0.0010000000000000009 14.401721000671387
0.0019999999999999983 18.615888595581055
0.002999999999999999 7.798847198486328
0.004 5.540369987487793
0.0049999999999999975 8.34046459197998
0.005999999999999998 8.050671577453613
0.006999999999999999 6.470859527587891
0.008 2.737262010574341
0.009000000000000001 0.8740373849868774
0.010000000000000002 0.6012879610061646
0.011000000000000003 0.6532845497131348
0.011999999999999997 0.27222925424575806
0.012999999999999998 0.9467583894729614
0.013999999999999999 0.838188111782074
0.015 0.8867782354354858
0.016 0.17688417434692383
0.017 0.2511703372001648
0.018000000000000002 0.0
0.018999999999999996 0.0
0.019999999999999997 0.0
0.020999999999999998 0.0
0.022 0.0
0.023 0.0
0.024 0.0
0.025 0.0
