-0.025 0.0
-0.024 0.0
-0.023 0.0
-0.022000000000000002 0.0
-0.021 0.0
-0.02 0.0
-0.019000000000000003 0.0
-0.018000000000000002 0.0
-0.017 0.0
-0.016 0.0
-0.015000000000000001 0.0
-0.014000000000000002 0.20751579105854034
-0.013000000000000001 0.0
-0.012 0.0
-0.011000000000000001 0.9030200242996216
-0.010000000000000002 2.6443607807159424
-0.009000000000000001 5.160294532775879
-0.008 3.315967559814453
-0.006999999999999999 5.465619087219238
-0.006000000000000002 7.868968963623047
-0.005000000000000001 13.703680992126465
-0.004 24.585336685180664
-0.0030000000000000027 36.52725601196289
-0.0020000000000000018 34.747833251953125
-0.0010000000000000009 30.0876407623291
0.0 27.990678787231445
0.0010000000000000009 15.569552421569824
0.0019999999999999983 10.13979721069336
0.002999999999999999 4.383045196533203
0.004 5.553986549377441
0.0049999999999999975 3.717947006225586
0.005999999999999998 2.338655471801758
0.006999999999999999 3.000023603439331
0.008 2.2195394039154053
0.009000000000000001 2.2636759281158447
0.010000000000000002 3.9617819786071777
0.011000000000000003 1.8357064723968506
0.011999999999999997 2.5818850994110107
0.012999999999999998 3.172405242919922
0.013999999999999999 5.9625701904296875
0.015 3.128110885620117
0.016 1.8934369087219238
0.017 0.4971308708190918
0.018000000000000002 0.0
0.018999999999999996 0.0
0.019999999999999997 0.0
0.020999999999999998 0.0
0.022 0.0
0.023 0.0
0.024 0.0
0.025 0.0
