-0.025 0.0
-0.024 0.0
-0.023 0.0
-0.022000000000000002 0.0
-0.021 0.0
-0.02 0.0
-0.019000000000000003 0.0
-0.018000000000000002 0.0
-0.017 0.0
-0.016 0.45692551136016846
-0.015000000000000001 1.6798956394195557
-0.014000000000000002 1.315822958946228
-0.013000000000000001 1.5371286869049072
-0.012 0.8653062582015991
-0.011000000000000001 2.2640187740325928
-0.010000000000000002 3.6700406074523926
-0.009000000000000001 3.3178813457489014
-0.008 2.533911943435669
-0.006999999999999999 5.604241371154785
-0.006000000000000002 6.4132304191589355
-0.005000000000000001 9.619877815246582
-0.004 13.47782039642334
-0.0030000000000000027 20.749141693115234
-0.0020000000000000018 21.933156967163086
-0.0010000000000000009 20.40932846069336
0.0 17.79205322265625
0.0010000000000000009 15.409843444824219
0.0019999999999999983 19.378231048583984
0.002999999999999999 4.863394737243652
0.004 4.323681354522705
0.0049999999999999975 4.290896415710449
0.005999999999999998 4.556267738342285
0.006999999999999999 4.769016742706299
0.008 4.841172695159912
0.009000000000000001 4.422449111938477
0.010000000000000002 6.8659586906433105
0.011000000000000003 3.8097851276397705
0.011999999999999997 4.276902675628662
0.012999999999999998 4.684524059295654
0.013999999999999999 3.928586483001709
0.015 1.5371043682098389
0.016 0.1978464424610138
0.017 0.4519268870353699
0.018000000000000002 0.0
0.018999999999999996 0.0
0.019999999999999997 0.0
0.020999999999999998 0.0
0.022 0.0
0.023 0.0
0.024 0.0
0.025 0.0
