-0.025 0.0
-0.024 0.0
-0.023 0.0
-0.022000000000000002 0.0
-0.021 0.0
-0.02 0.0
-0.019000000000000003 0.0
-0.018000000000000002 0.0
-0.017 0.0
-0.016 0.0
-0.015000000000000001 0.0
-0.014000000000000002 0.0
-0.013000000000000001 0.0
-0.012 0.0
-0.011000000000000001 0.8224131464958191
-0.010000000000000002 2.643479347229004
-0.009000000000000001 5.0350728034973145
-0.008 3.427957773208618
-0.006999999999999999 5.4594550132751465
-0.006000000000000002 13.103297233581543
-0.005000000000000001 16.056053161621094
-0.004 14.074505805969238
-0.0030000000000000027 11.203640937805176
-0.0020000000000000018 11.005192756652832
-0.0010000000000000009 9.884464263916016
0.0 6.4608612060546875
0.0010000000000000009 5.756643295288086
0.0019999999999999983 7.469880104064941
0.002999999999999999 10.366724967956543
0.004 7.80952262878418
0.0049999999999999975 9.360431671142578
0.005999999999999998 8.249545097351074
0.006999999999999999 5.992372035980225
0.008 1.7851818799972534
0.009000000000000001 1.0725409984588623
0.010000000000000002 1.6131396293640137
0.011000000000000003 0.0
0.011999999999999997 0.0
0.012999999999999998 1.2471290826797485
0.013999999999999999 1.71382737159729
0.015 0.6149955987930298
0.016 0.3420730233192444
0.017 0.3715630769729614
0.018000000000000002 0.0
0.018999999999999996 0.0
0.019999999999999997 0.0
0.020999999999999998 0.0
0.022 0.0
0.023 0.0
0.024 0.0
0.025 0.0
