-0.025 0.0
-0.024 0.0
-0.023 0.0
-0.022000000000000002 0.0
-0.021 0.0
-0.02 0.0
-0.019000000000000003 0.0
-0.018000000000000002 0.0
-0.017 0.0
-0.016 0.0
-0.015000000000000001 0.0
-0.014000000000000002 0.0
-0.013000000000000001 0.0
-0.012 0.0
-0.011000000000000001 0.0
-0.010000000000000002 0.0
-0.009000000000000001 0.0
-0.008 0.0
-0.006999999999999999 0.2621534466743469
-0.006000000000000002 8.460102081298828
-0.005000000000000001 16.922229766845703
-0.004 22.639850616455078
-0.0030000000000000027 22.728118896484375
-0.0020000000000000018 19.304529190063477
-0.0010000000000000009 20.236963272094727
0.0 18.49363136291504
0.0010000000000000009 14.8670015335083
0.0019999999999999983 13.727144241333008
0.002999999999999999 12.538070678710938
0.004 8.309369087219238
0.0049999999999999975 10.513640403747559
0.005999999999999998 11.606749534606934
0.006999999999999999 6.618107795715332
0.008 2.7505226135253906
0.009000000000000001 0.5181373357772827
0.010000000000000002 0.745674729347229
0.011000000000000003 0.5025718212127686
0.011999999999999997 0.8425931334495544
0.012999999999999998 0.475531667470932
0.013999999999999999 0.4749825596809387
0.015 1.0278249979019165
0.016 0.14657527208328247
0.017 0.08574788272380829
0.018000000000000002 0.0
0.018999999999999996 0.0
0.019999999999999997 0.0
0.020999999999999998 0.0
0.022 0.0
0.023 0.0
0.024 0.0
0.025 0.0
