-0.025 0.0
-0.024 0.0
-0.023 0.0
-0.022000000000000002 0.0
-0.021 0.0
-0.02 0.0
-0.019000000000000003 0.0
-0.018000000000000002 0.0
-0.017 0.0
-0.016 0.0
-0.015000000000000001 0.0
-0.014000000000000002 0.0
-0.013000000000000001 0.0
-0.012 0.0
-0.011000000000000001 0.236289381980896
-0.010000000000000002 0.8694712519645691
-0.009000000000000001 1.0702468156814575
-0.008 1.1169779300689697
-0.006999999999999999 2.3653111457824707
-0.006000000000000002 8.360108375549316
-0.005000000000000001 20.06635284423828
-0.004 24.61385726928711
-0.0030000000000000027 24.879650115966797
-0.0020000000000000018 24.89180564880371
-0.0010000000000000009 20.959245681762695
0.0 15.594963073730469
0.0010000000000000009 15.749053955078125
0.0019999999999999983 11.045167922973633
0.002999999999999999 9.74040699005127
0.004 10.281524658203125
0.0049999999999999975 7.141083717346191
0.005999999999999998 8.26475715637207
0.006999999999999999 14.644906997680664
0.008 11.372471809387207
0.009000000000000001 4.593334197998047
0.010000000000000002 1.5066444873809814
0.011000000000000003 0.9430332183837891
0.011999999999999997 0.2158275842666626
0.012999999999999998 0.8306884169578552
0.013999999999999999 1.2529361248016357
0.015 0.5114759802818298
0.016 0.21259479224681854
0.017 0.38648882508277893
0.018000000000000002 0.0
0.018999999999999996 0.0
0.019999999999999997 0.0
0.020999999999999998 0.0
0.022 0.0
0.023 0.0
0.024 0.0
0.025 0.0
