-0.025 0.0
-0.024 0.0
-0.023 0.0
-0.022000000000000002 0.0
-0.021 0.0
-0.02 0.0
-0.019000000000000003 0.0
-0.018000000000000002 0.0
-0.017 0.0
-0.016 0.01966065540909767
-0.015000000000000001 0.0
-0.014000000000000002 0.0
-0.013000000000000001 0.0
-0.012 0.0
-0.011000000000000001 0.6124727129936218
-0.010000000000000002 0.7564440965652466
-0.009000000000000001 1.1258167028427124
-0.008 4.865630149841309
-0.006999999999999999 15.446605682373047
-0.006000000000000002 16.804445266723633
-0.005000000000000001 17.532115936279297
-0.004 15.578109741210938
-0.0030000000000000027 21.882322311401367
-0.0020000000000000018 22.78095245361328
-0.0010000000000000009 18.105680465698242
0.0 16.406463623046875
0.0010000000000000009 20.250381469726562
0.0019999999999999983 16.673879623413086
0.002999999999999999 12.570759773254395
0.004 16.574993133544922
0.0049999999999999975 15.235684394836426
0.005999999999999998 5.598667144775391
0.006999999999999999 3.3651833534240723
0.008 7.769304275512695
0.009000000000000001 4.409243583679199
0.010000000000000002 3.7397985458374023
0.011000000000000003 2.585843086242676
0.011999999999999997 0.8201760649681091
0.012999999999999998 1.3204612731933594
0.013999999999999999 1.3402365446090698
0.015 0.8828643560409546
0.016 0.3920683264732361
0.017 0.8540526628494263
0.018000000000000002 0.0
0.018999999999999996 0.0
0.019999999999999997 0.0
0.020999999999999998 0.0
0.022 0.0
0.023 0.0
0.024 0.0
0.025 0.0
