-0.025 0.0
-0.024 0.0
-0.023 0.0
-0.022000000000000002 0.0
-0.021 0.0
-0.02 0.0
-0.019000000000000003 0.0
-0.018000000000000002 0.0
-0.017 0.0
-0.016 0.0
-0.015000000000000001 0.0
-0.014000000000000002 0.0
-0.013000000000000001 0.0
-0.012 0.0
-0.011000000000000001 0.5048447847366333
-0.010000000000000002 2.516836404800415
-0.009000000000000001 5.229856014251709
-0.008 3.319361686706543
-0.006999999999999999 5.0489654541015625
-0.006000000000000002 7.866657733917236
-0.005000000000000001 14.64177131652832
-0.004 17.54400062561035
-0.0030000000000000027 17.29823875427246
-0.0020000000000000018 16.072553634643555
-0.0010000000000000009 12.220744132995605
0.0 8.59894847869873
0.0010000000000000009 7.1903977394104
0.0019999999999999983 6.985800743103027
0.002999999999999999 9.162698745727539
0.004 5.324424743652344
0.0049999999999999975 8.92318058013916
0.005999999999999998 7.650514602661133
0.006999999999999999 8.22910213470459
0.008 2.4593682289123535
0.009000000000000001 1.336895227432251
0.010000000000000002 1.8435074090957642
0.011000000000000003 0.5129862427711487
0.011999999999999997 0.12113058567047119
0.012999999999999998 1.6396434307098389
0.013999999999999999 2.664565086364746
0.015 1.3569272756576538
0.016 0.5049146413803101
0.017 0.4860634207725525
0.018000000000000002 0.0
0.018999999999999996 0.0
0.019999999999999997 0.0
0.020999999999999998 0.0
0.022 0.0
0.023 0.0
0.024 0.0
0.025 0.0
