-0.025 0.0
-0.024 0.0
-0.023 0.0
-0.022000000000000002 0.0
-0.021 0.0
-0.02 0.0
-0.019000000000000003 0.0
-0.018000000000000002 0.0
-0.017 0.0
-0.016 0.0
-0.015000000000000001 0.0
-0.014000000000000002 0.0
-0.013000000000000001 0.0
-0.012 0.0
-0.011000000000000001 0.0
-0.010000000000000002 0.0
-0.009000000000000001 0.0
-0.008 0.24988886713981628
-0.006999999999999999 4.327968120574951
-0.006000000000000002 7.760918617248535
-0.005000000000000001 8.12139892578125
-0.004 11.391317367553711
-0.0030000000000000027 20.60061264038086
-0.0020000000000000018 23.258310317993164
-0.0010000000000000009 23.860944747924805
0.0 20.1163330078125
0.0010000000000000009 10.029294967651367
0.0019999999999999983 14.905143737792969
0.002999999999999999 7.35027551651001
0.004 8.541674613952637
0.0049999999999999975 4.307982444763184
0.005999999999999998 2.8197782039642334
0.006999999999999999 1.6305468082427979
0.008 3.627629280090332
0.009000000000000001 2.668910026550293
0.010000000000000002 1.5240346193313599
0.011000000000000003 1.2006216049194336
0.011999999999999997 1.4443920850753784
0.012999999999999998 0.8551722764968872
0.013999999999999999 1.0794371366500854
0.015 1.0102092027664185
0.016 0.6129120588302612
0.017 0.24695134162902832
0.018000000000000002 0.0
0.018999999999999996 0.0
0.019999999999999997 0.0
0.020999999999999998 0.0
0.022 0.0
0.023 0.0
0.024 0.0
0.025 0.0
