-0.025 0.0
-0.024 0.0
-0.023 0.0
-0.022000000000000002 0.0
-0.021 0.0
-0.02 0.0
-0.019000000000000003 0.0
-0.018000000000000002 0.0
-0.017 0.0
-0.016 0.0
-0.015000000000000001 0.0
-0.014000000000000002 0.0
-0.013000000000000001 0.0
-0.012 0.0
-0.011000000000000001 0.20193669199943542
-0.010000000000000002 1.6857160329818726
-0.009000000000000001 2.99094295501709
-0.008 6.52927303314209
-0.006999999999999999 18.31336212158203
-0.006000000000000002 16.86616325378418
-0.005000000000000001 14.178193092346191
-0.004 13.60090446472168
-0.0030000000000000027 16.93147087097168
-0.0020000000000000018 16.216655731201172
-0.0010000000000000009 11.930269241333008
0.0 10.372745513916016
0.0010000000000000009 6.439651966094971
0.0019999999999999983 15.405698776245117
0.002999999999999999 13.40734577178955
0.004 7.061224937438965
0.0049999999999999975 6.199436664581299
0.005999999999999998 4.175072193145752
0.006999999999999999 2.2923741340637207
0.008 0.8050388097763062
0.009000000000000001 4.373353958129883
0.010000000000000002 8.32749080657959
0.011000000000000003 9.863203048706055
0.011999999999999997 2.410222291946411
0.012999999999999998 5.454683303833008
0.013999999999999999 6.656985282897949
0.015 2.3728229999542236
0.016 0.3818126320838928
0.017 0.31518858671188354
0.018000000000000002 0.0
0.018999999999999996 0.0
0.019999999999999997 0.0
0.020999999999999998 0.0
0.022 0.0
0.023 0.0
0.024 0.0
0.025 0.0
