-0.025 0.0
-0.024 0.0
-0.023 0.0
-0.022000000000000002 0.0
-0.021 0.0
-0.02 0.0
-0.019000000000000003 0.0
-0.018000000000000002 0.0
-0.017 0.0
-0.016 0.0
-0.015000000000000001 0.0
-0.014000000000000002 0.08818413317203522
-0.013000000000000001 0.0
-0.012 0.0
-0.011000000000000001 0.022970907390117645
-0.010000000000000002 0.0
-0.009000000000000001 0.0
-0.008 0.98862224817276
-0.006999999999999999 5.254795074462891
-0.006000000000000002 6.136336326599121
-0.005000000000000001 9.915383338928223
-0.004 13.939979553222656
-0.0030000000000000027 27.411287307739258
-0.0020000000000000018 23.561098098754883
-0.0010000000000000009 23.791763305664062
0.0 32.920780181884766
0.0010000000000000009 16.968585968017578
0.0019999999999999983 21.136661529541016
0.002999999999999999 8.7493257522583
0.004 11.726987838745117
0.0049999999999999975 8.778749465942383
0.005999999999999998 2.1841673851013184
0.006999999999999999 0.40026968717575073
0.008 3.0067827701568604
0.009000000000000001 4.27249813079834
0.010000000000000002 5.347448348999023
0.011000000000000003 4.181155204772949
0.011999999999999997 3.065018892288208
0.012999999999999998 0.9335127472877502
0.013999999999999999 2.7910242080688477
0.015 0.765095591545105
0.016 0.9356608986854553
0.017 0.16827987134456635
0.018000000000000002 0.0
0.018999999999999996 0.0
0.019999999999999997 0.0
0.020999999999999998 0.0
0.022 0.0
0.023 0.0
0.024 0.0
0.025 0.0
