-0.025 0.0
-0.024 0.0
-0.023 0.0
-0.022000000000000002 0.0
-0.021 0.0
-0.02 0.0
-0.019000000000000003 0.0
-0.018000000000000002 0.0
-0.017 0.0
-0.016 0.0
-0.015000000000000001 0.0974355936050415
-0.014000000000000002 1.2609764337539673
-0.013000000000000001 1.191901445388794
-0.012 0.6315072774887085
-0.011000000000000001 1.4245474338531494
-0.010000000000000002 2.638319969177246
-0.009000000000000001 4.576949596405029
-0.008 3.2864909172058105
-0.006999999999999999 6.236505508422852
-0.006000000000000002 7.683622360229492
-0.005000000000000001 13.305967330932617
-0.004 22.64087677001953
-0.0030000000000000027 32.159576416015625
-0.0020000000000000018 37.15773391723633
-0.0010000000000000009 36.043235778808594
0.0 28.60318374633789
0.0010000000000000009 16.27544403076172
0.0019999999999999983 11.262428283691406
0.002999999999999999 3.5980517864227295
0.004 4.423578262329102
0.0049999999999999975 2.5676400661468506
0.005999999999999998 2.311102867126465
0.006999999999999999 3.067854404449463
0.008 1.7479681968688965
0.009000000000000001 1.9937701225280762
0.010000000000000002 2.6330862045288086
0.011000000000000003 2.3800151348114014
0.011999999999999997 2.542968511581421
0.012999999999999998 2.2730257511138916
0.013999999999999999 7.4106645584106445
0.015 4.923532485961914
0.016 2.0314419269561768
0.017 1.0527474880218506
0.018000000000000002 0.0
0.018999999999999996 0.0
0.019999999999999997 0.0
0.020999999999999998 0.0
0.022 0.0
0.023 0.0
0.024 0.0
0.025 0.0
