-0.025 0.0
-0.024 0.0
-0.023 0.0
-0.022000000000000002 0.0
-0.021 0.0
-0.02 0.0
-0.019000000000000003 0.0
-0.018000000000000002 0.0
-0.017 0.0
-0.016 0.0
-0.015000000000000001 0.0
-0.014000000000000002 0.0
-0.013000000000000001 0.0
-0.012 0.0
-0.011000000000000001 0.49830543994903564
-0.010000000000000002 0.9087358117103577
-0.009000000000000001 0.3464994430541992
-0.008 1.0996384620666504
-0.006999999999999999 4.8540544509887695
-0.006000000000000002 12.559752464294434
-0.005000000000000001 18.553936004638672
-0.004 19.040576934814453
-0.0030000000000000027 20.642738342285156
-0.0020000000000000018 14.949311256408691
-0.0010000000000000009 11.646944046020508
0.0 10.40302848815918
0.0010000000000000009 8.433059692382812
0.0019999999999999983 8.751768112182617
0.002999999999999999 8.288240432739258
0.004 9.814294815063477
0.0049999999999999975 13.234004020690918
0.005999999999999998 11.718472480773926
0.006999999999999999 5.72891902923584
0.008 3.366664171218872
0.009000000000000001 2.1913504600524902
0.010000000000000002 1.6599297523498535
0.011000000000000003 0.17161503434181213
0.011999999999999997 0.8296791911125183
0.012999999999999998 0.3144976496696472
0.013999999999999999 0.28237423300743103
0.015 0.12886527180671692
0.016 0.0002302053471794352
0.017 0.5872959494590759
0.018000000000000002 0.0
0.018999999999999996 0.0
0.019999999999999997 0.0
0.020999999999999998 0.0
0.022 0.0
0.023 0.0
0.024 0.0
0.025 0.0
