-0.025 0.0
-0.024 0.0
-0.023 0.0
-0.022000000000000002 0.0
-0.021 0.0
-0.02 0.0
-0.019000000000000003 0.0
-0.018000000000000002 0.0
-0.017 0.0
-0.016 0.7900053262710571
-0.015000000000000001 1.1966733932495117
-0.014000000000000002 1.246843695640564
-0.013000000000000001 2.7791848182678223
-0.012 2.26137113571167
-0.011000000000000001 3.8183846473693848
-0.010000000000000002 4.823885917663574
-0.009000000000000001 5.820174217224121
-0.008 14.754263877868652
-0.006999999999999999 23.068714141845703
-0.006000000000000002 15.088319778442383
-0.005000000000000001 13.52739143371582
-0.004 12.704239845275879
-0.0030000000000000027 12.147686958312988
-0.0020000000000000018 15.34256649017334
-0.0010000000000000009 11.361313819885254
0.0 14.104979515075684
0.0010000000000000009 7.5340166091918945
0.0019999999999999983 30.651681900024414
0.002999999999999999 15.920445442199707
0.004 8.720026969909668
0.0049999999999999975 13.056177139282227
0.005999999999999998 7.807341575622559
0.006999999999999999 7.950798034667969
0.008 10.200248718261719
0.009000000000000001 10.705745697021484
0.010000000000000002 13.476444244384766
0.011000000000000003 9.018844604492188
0.011999999999999997 3.834925889968872
0.012999999999999998 4.942052841186523
0.013999999999999999 5.924986839294434
0.015 2.012568235397339
0.016 0.14148835837841034
0.017 0.7827613353729248
0.018000000000000002 0.0
0.018999999999999996 0.0
0.019999999999999997 0.0
0.020999999999999998 0.0
0.022 0.0
0.023 0.0
0.024 0.0
0.025 0.0
