-0.025 0.0
-0.024 0.0
-0.023 0.0
-0.022000000000000002 0.0
-0.021 0.0
-0.02 0.0
-0.019000000000000003 0.0
-0.018000000000000002 0.0
-0.017 0.0
-0.016 0.39371711015701294
-0.015000000000000001 0.6444148421287537
-0.014000000000000002 0.4996272921562195
-0.013000000000000001 0.45810455083847046
-0.012 0.1711890548467636
-0.011000000000000001 1.0716485977172852
-0.010000000000000002 3.0276403427124023
-0.009000000000000001 2.629492998123169
-0.008 2.6932191848754883
-0.006999999999999999 3.1862845420837402
-0.006000000000000002 6.2152557373046875
-0.005000000000000001 8.971680641174316
-0.004 18.104602813720703
-0.0030000000000000027 19.59868812561035
-0.0020000000000000018 15.151811599731445
-0.0010000000000000009 14.324161529541016
0.0 18.537450790405273
0.0010000000000000009 8.67043685913086
0.0019999999999999983 11.42801284790039
0.002999999999999999 7.238818168640137
0.004 5.9527482986450195
0.0049999999999999975 16.383203506469727
0.005999999999999998 6.9139509201049805
0.006999999999999999 4.631509780883789
0.008 1.5879074335098267
0.009000000000000001 3.6527836322784424
0.010000000000000002 3.715200901031494
0.011000000000000003 2.9907007217407227
0.011999999999999997 3.453949213027954
0.012999999999999998 4.061193466186523
0.013999999999999999 5.575410842895508
0.015 3.45947265625
0.016 0.9494385719299316
0.017 0.38354480266571045
0.018000000000000002 0.0
0.018999999999999996 0.0
0.019999999999999997 0.0
0.020999999999999998 0.0
0.022 0.0
0.023 0.0
0.024 0.0
0.025 0.0
