-0.025 0.0
-0.024 0.0
-0.023 0.0
-0.022000000000000002 0.0
-0.021 0.0
-0.02 0.0
-0.019000000000000003 0.0
-0.018000000000000002 0.0
-0.017 0.0
-0.016 0.0
-0.015000000000000001 0.0
-0.014000000000000002 0.0
-0.013000000000000001 0.0
-0.012 0.0
-0.011000000000000001 0.0
-0.010000000000000002 0.0
-0.009000000000000001 0.0
-0.008 0.4341801404953003
-0.006999999999999999 3.5388875007629395
-0.006000000000000002 9.574967384338379
-0.005000000000000001 15.411842346191406
-0.004 20.45716094970703
-0.0030000000000000027 23.75992774963379
-0.0020000000000000018 22.22519874572754
-0.0010000000000000009 19.762622833251953
0.0 17.199016571044922
0.0010000000000000009 14.762115478515625
0.0019999999999999983 7.838769912719727
0.002999999999999999 6.433629989624023
0.004 5.58537483215332
0.0049999999999999975 8.98235034942627
0.005999999999999998 10.608963966369629
0.006999999999999999 9.859474182128906
0.008 4.69227409362793
0.009000000000000001 1.8312727212905884
0.010000000000000002 2.7372050285339355
0.011000000000000003 0.5509848594665527
0.011999999999999997 0.7780651450157166
0.012999999999999998 0.585028886795044
0.013999999999999999 0.7777477502822876
0.015 1.0849515199661255
0.016 0.2637487053871155
0.017 0.1473855972290039
0.018000000000000002 0.0
0.018999999999999996 0.0
0.019999999999999997 0.0
0.020999999999999998 0.0
0.022 0.0
0.023 0.0
0.024 0.0
0.025 0.0
