-0.025 0.0
-0.024 0.0
-0.023 0.0
-0.022000000000000002 0.0
-0.021 0.0
-0.02 0.0
-0.019000000000000003 0.0
-0.018000000000000002 0.0
-0.017 0.0
-0.016 0.0
-0.015000000000000001 0.0
-0.014000000000000002 0.0
-0.013000000000000001 0.0
-0.012 0.0
-0.011000000000000001 0.16987137496471405
-0.010000000000000002 1.2088837623596191
-0.009000000000000001 2.67626953125
-0.008 1.5608408451080322
-0.006999999999999999 2.7788991928100586
-0.006000000000000002 9.622331619262695
-0.005000000000000001 18.218416213989258
-0.004 20.272619247436523
-0.0030000000000000027 19.162677764892578
-0.0020000000000000018 14.993682861328125
-0.0010000000000000009 14.069997787475586
0.0 14.578476905822754
0.0010000000000000009 12.332542419433594
0.0019999999999999983 9.960931777954102
0.002999999999999999 8.643537521362305
0.004 8.204948425292969
0.0049999999999999975 12.320708274841309
0.005999999999999998 13.951187133789062
0.006999999999999999 9.198465347290039
0.008 2.6890130043029785
0.009000000000000001 0.8129011392593384
0.010000000000000002 1.0944443941116333
0.011000000000000003 0.3847755491733551
0.011999999999999997 0.18011584877967834
0.012999999999999998 0.07994286715984344
0.013999999999999999 0.6986009478569031
0.015 0.555594801902771
0.016 0.1996229588985443
0.017 0.2634134292602539
0.018000000000000002 0.0
0.018999999999999996 0.0
0.019999999999999997 0.0
0.020999999999999998 0.0
0.022 0.0
0.023 0.0
0.024 0.0
0.025 0.0
