-0.025 0.0
-0.024 0.0
-0.023 0.0
-0.022000000000000002 0.0
-0.021 0.0
-0.02 0.0
-0.019000000000000003 0.0
-0.018000000000000002 0.0
-0.017 0.0
-0.016 0.8150250315666199
-0.015000000000000001 2.9981772899627686
-0.014000000000000002 2.984147787094116
-0.013000000000000001 2.4409942626953125
-0.012 2.715884208679199
-0.011000000000000001 3.850309133529663
-0.010000000000000002 6.596232891082764
-0.009000000000000001 5.533590316772461
-0.008 4.707623481750488
-0.006999999999999999 9.712483406066895
-0.006000000000000002 11.887190818786621
-0.005000000000000001 19.12212371826172
-0.004 21.82068634033203
-0.0030000000000000027 23.658418655395508
-0.0020000000000000018 19.962318420410156
-0.0010000000000000009 14.718883514404297
0.0 11.742395401000977
0.0010000000000000009 8.932485580444336
0.0019999999999999983 16.268247604370117
0.002999999999999999 5.208532333374023
0.004 9.753732681274414
0.0049999999999999975 9.402144432067871
0.005999999999999998 6.365020275115967
0.006999999999999999 8.121935844421387
0.008 7.3129658699035645
0.009000000000000001 7.674410820007324
0.010000000000000002 10.008130073547363
0.011000000000000003 6.5581889152526855
0.011999999999999997 7.604420185089111
0.012999999999999998 8.587054252624512
0.013999999999999999 8.230361938476562
0.015 3.0149314403533936
0.016 0.27547258138656616
0.017 0.4811675548553467
0.018000000000000002 0.0
0.018999999999999996 0.0
0.019999999999999997 0.0
0.020999999999999998 0.0
0.022 0.0
0.023 0.0
0.024 0.0
0.025 0.0
