-0.025 0.0
-0.024 0.0
-0.023 0.0
-0.022000000000000002 0.0
-0.021 0.0
-0.02 0.0
-0.019000000000000003 0.0
-0.018000000000000002 0.0
-0.017 0.0
-0.016 0.0
-0.015000000000000001 0.0
-0.014000000000000002 0.0
-0.013000000000000001 0.0
-0.012 0.0
-0.011000000000000001 0.0
-0.010000000000000002 0.7655355334281921
-0.009000000000000001 2.488426685333252
-0.008 2.0711936950683594
-0.006999999999999999 5.528032302856445
-0.006000000000000002 12.208115577697754
-0.005000000000000001 19.273115158081055
-0.004 25.131526947021484
-0.0030000000000000027 30.220321655273438
-0.0020000000000000018 24.876060485839844
-0.0010000000000000009 20.24008560180664
0.0 18.786605834960938
0.0010000000000000009 17.85469627380371
0.0019999999999999983 12.251608848571777
0.002999999999999999 7.562653064727783
0.004 6.467165946960449
0.0049999999999999975 8.711002349853516
0.005999999999999998 13.105762481689453
0.006999999999999999 13.03378677368164
0.008 6.8315324783325195
0.009000000000000001 2.272677183151245
0.010000000000000002 2.5562796592712402
0.011000000000000003 0.7412106394767761
0.011999999999999997 0.1584233045578003
0.012999999999999998 0.15443478524684906
0.013999999999999999 0.8643109202384949
0.015 1.2743613719940186
0.016 0.22589600086212158
0.017 0.40852081775665283
0.018000000000000002 0.0
0.018999999999999996 0.0
0.019999999999999997 0.0
0.020999999999999998 0.0
0.022 0.0
0.023 0.0
0.024 0.0
0.025 0.0
