-0.025 0.0
-0.024 0.0
-0.023 0.0
-0.022000000000000002 0.0
-0.021 0.0
-0.02 0.0
-0.019000000000000003 0.0
-0.018000000000000002 0.0
-0.017 0.0
-0.016 0.11452356725931168
-0.015000000000000001 0.08496703207492828
-0.014000000000000002 0.4745126962661743
-0.013000000000000001 0.36297425627708435
-0.012 0.25622808933258057
-0.011000000000000001 0.4676538109779358
-0.010000000000000002 0.827276349067688
-0.009000000000000001 1.7974984645843506
-0.008 2.514434576034546
-0.006999999999999999 3.338367223739624
-0.006000000000000002 5.333847999572754
-0.005000000000000001 9.435646057128906
-0.004 15.19989013671875
-0.0030000000000000027 18.673545837402344
-0.0020000000000000018 18.94292640686035
-0.0010000000000000009 17.95265769958496
0.0 16.153932571411133
0.0010000000000000009 10.88924789428711
0.0019999999999999983 11.476144790649414
0.002999999999999999 6.884216785430908
0.004 8.056589126586914
0.0049999999999999975 10.404509544372559
0.005999999999999998 7.9577155113220215
0.006999999999999999 7.103494167327881
0.008 5.0312347412109375
0.009000000000000001 2.341946601867676
0.010000000000000002 1.7860528230667114
0.011000000000000003 1.4952243566513062
0.011999999999999997 0.2106824368238449
0.012999999999999998 0.37952327728271484
0.013999999999999999 0.5304356813430786
0.015 0.5144292116165161
0.016 0.11800606548786163
0.017 0.2740554213523865
0.018000000000000002 0.0
0.018999999999999996 0.0
0.019999999999999997 0.0
0.020999999999999998 0.0
0.022 0.0
0.023 0.0
0.024 0.0
0.025 0.0
