-0.025 0.0
-0.024 0.0
-0.023 0.0
-0.022000000000000002 0.0
-0.021 0.0
-0.02 0.0
-0.019000000000000003 0.0
-0.018000000000000002 0.0
-0.017 0.0
-0.016 0.2895587980747223
-0.015000000000000001 0.9739768505096436
-0.014000000000000002 0.6150313019752502
-0.013000000000000001 1.160099744796753
-0.012 0.48080140352249146
-0.011000000000000001 1.4899357557296753
-0.010000000000000002 2.6323790550231934
-0.009000000000000001 3.3211355209350586
-0.008 3.25093936920166
-0.006999999999999999 6.091358661651611
-0.006000000000000002 8.365571022033691
-0.005000000000000001 11.766942024230957
-0.004 14.8892183303833
-0.0030000000000000027 22.450960159301758
-0.0020000000000000018 33.92969512939453
-0.0010000000000000009 40.79167556762695
0.0 29.156993865966797
0.0010000000000000009 24.307214736938477
0.0019999999999999983 23.611974716186523
0.002999999999999999 13.816635131835938
0.004 5.627936840057373
0.0049999999999999975 6.828140735626221
0.005999999999999998 4.568844795227051
0.006999999999999999 3.6277101039886475
0.008 4.649266719818115
0.009000000000000001 3.6061863899230957
0.010000000000000002 3.8973917961120605
0.011000000000000003 3.342358350753784
0.011999999999999997 3.868734836578369
0.012999999999999998 3.9029572010040283
0.013999999999999999 2.856724500656128
0.015 1.1953797340393066
0.016 0.20188497006893158
0.017 0.5130856037139893
0.018000000000000002 0.0
0.018999999999999996 0.0
0.019999999999999997 0.0
0.020999999999999998 0.0
0.022 0.0
0.023 0.0
0.024 0.0
0.025 0.0
