-0.025 0.0
-0.024 0.0
-0.023 0.0
-0.022000000000000002 0.0
-0.021 0.0
-0.02 0.0
-0.019000000000000003 0.0
-0.018000000000000002 0.0
-0.017 0.0
-0.016 0.0
-0.015000000000000001 0.0
-0.014000000000000002 0.0
-0.013000000000000001 0.0
-0.012 0.0
-0.011000000000000001 0.0
-0.010000000000000002 0.06298357248306274
-0.009000000000000001 0.6138988137245178
-0.008 0.7729304432868958
-0.006999999999999999 1.0063194036483765
-0.006000000000000002 0.8263877630233765
-0.005000000000000001 2.996511697769165
-0.004 10.348773002624512
-0.0030000000000000027 19.08146858215332
-0.0020000000000000018 25.216726303100586
-0.0010000000000000009 19.595455169677734
0.0 16.975069046020508
0.0010000000000000009 15.18722915649414
0.0019999999999999983 18.743568420410156
0.002999999999999999 8.34174633026123
0.004 3.1730871200561523
0.0049999999999999975 2.742767572402954
0.005999999999999998 5.285915851593018
0.006999999999999999 3.8052291870117188
0.008 2.947986125946045
0.009000000000000001 1.8527073860168457
0.010000000000000002 1.2216116189956665
0.011000000000000003 0.13610126078128815
0.011999999999999997 0.27965566515922546
0.012999999999999998 0.07847114652395248
0.013999999999999999 0.1310511827468872
0.015 0.8870853781700134
0.016 0.0
0.017 0.0005533547373488545
0.018000000000000002 0.0
0.018999999999999996 0.0
0.019999999999999997 0.0
0.020999999999999998 0.0
0.022 0.0
0.023 0.0
0.024 0.0
0.025 0.0
