-0.025 0.0
-0.024 0.0
-0.023 0.0
-0.022000000000000002 0.0
-0.021 0.0
-0.02 0.0
-0.019000000000000003 0.0
-0.018000000000000002 0.0
-0.017 0.0
-0.016 0.0
-0.015000000000000001 0.0
-0.014000000000000002 0.09481854736804962
-0.013000000000000001 0.0
-0.012 0.0
-0.011000000000000001 0.0
-0.010000000000000002 0.0
-0.009000000000000001 1.730617880821228
-0.008 5.134280204772949
-0.006999999999999999 8.40157699584961
-0.006000000000000002 14.91526985168457
-0.005000000000000001 12.253896713256836
-0.004 18.731595993041992
-0.0030000000000000027 30.255765914916992
-0.0020000000000000018 28.21994972229004
-0.0010000000000000009 23.92269515991211
0.0 23.68659019470215
0.0010000000000000009 15.938106536865234
0.0019999999999999983 11.806193351745605
0.002999999999999999 9.502038955688477
0.004 6.563427925109863
0.0049999999999999975 2.7889294624328613
0.005999999999999998 5.641030311584473
0.006999999999999999 4.89748477935791
0.008 4.898324966430664
0.009000000000000001 3.688612222671509
0.010000000000000002 3.8136098384857178
0.011000000000000003 7.890350341796875
0.011999999999999997 7.118053913116455
0.012999999999999998 4.825157642364502
0.013999999999999999 1.7961329221725464
0.015 0.5294560790061951
0.016 0.47833800315856934
0.017 0.19138900935649872
0.018000000000000002 0.0
0.018999999999999996 0.0
0.019999999999999997 0.0
0.020999999999999998 0.0
0.022 0.0
0.023 0.0
0.024 0.0
0.025 0.0
