-0.025 0.0
-0.024 0.0
-0.023 0.0
-0.022000000000000002 0.0
-0.021 0.0
-0.02 0.0
-0.019000000000000003 0.0
-0.018000000000000002 0.0
-0.017 0.0
-0.016 0.2257276177406311
-0.015000000000000001 0.3550649881362915
-0.014000000000000002 0.5941011905670166
-0.013000000000000001 0.44243791699409485
-0.012 0.23707716166973114
-0.011000000000000001 0.746680736541748
-0.010000000000000002 1.6403743028640747
-0.009000000000000001 3.1795475482940674
-0.008 2.0874457359313965
-0.006999999999999999 3.9830732345581055
-0.006000000000000002 8.24559211730957
-0.005000000000000001 13.692963600158691
-0.004 15.94005012512207
-0.0030000000000000027 22.721643447875977
-0.0020000000000000018 22.555023193359375
-0.0010000000000000009 17.818138122558594
0.0 14.125043869018555
0.0010000000000000009 11.799286842346191
0.0019999999999999983 13.279142379760742
0.002999999999999999 6.652754783630371
0.004 6.240630149841309
0.0049999999999999975 9.635488510131836
0.005999999999999998 8.471314430236816
0.006999999999999999 7.4991865158081055
0.008 4.229050159454346
0.009000000000000001 1.6344877481460571
0.010000000000000002 2.6206471920013428
0.011000000000000003 1.4436604976654053
0.011999999999999997 1.0513054132461548
0.012999999999999998 1.2225139141082764
0.013999999999999999 1.5334577560424805
0.015 1.2083230018615723
0.016 0.218801811337471
0.017 0.34400051832199097
0.018000000000000002 0.0
0.018999999999999996 0.0
0.019999999999999997 0.0
0.020999999999999998 0.0
0.022 0.0
0.023 0.0
0.024 0.0
0.025 0.0
