-0.025 0.0
-0.024 0.0
-0.023 0.0
-0.022000000000000002 0.0
-0.021 0.0
-0.02 0.0
-0.019000000000000003 0.0
-0.018000000000000002 0.0
-0.017 0.0
-0.016 0.33801499009132385
-0.015000000000000001 1.2145276069641113
-0.014000000000000002 1.2871854305267334
-0.013000000000000001 1.2677708864212036
-0.012 0.7180161476135254
-0.011000000000000001 1.811964988708496
-0.010000000000000002 2.907423973083496
-0.009000000000000001 2.9338696002960205
-0.008 2.6779065132141113
-0.006999999999999999 4.12211275100708
-0.006000000000000002 5.451399326324463
-0.005000000000000001 8.16926383972168
-0.004 11.425575256347656
-0.0030000000000000027 25.16241455078125
-0.0020000000000000018 30.57867431640625
-0.0010000000000000009 29.73068618774414
0.0 23.872312545776367
0.0010000000000000009 20.68733024597168
0.0019999999999999983 24.90217399597168
0.002999999999999999 7.808635711669922
0.004 4.245152950286865
0.0049999999999999975 4.333098888397217
0.005999999999999998 3.742642641067505
0.006999999999999999 4.003646373748779
0.008 2.905291795730591
0.009000000000000001 3.6556198596954346
0.010000000000000002 4.655081272125244
0.011000000000000003 3.35742449760437
0.011999999999999997 3.376936435699463
0.012999999999999998 4.016446113586426
0.013999999999999999 3.5060460567474365
0.015 1.5816508531570435
0.016 0.374598890542984
0.017 0.42696529626846313
0.018000000000000002 0.0
0.018999999999999996 0.0
0.019999999999999997 0.0
0.020999999999999998 0.0
0.022 0.0
0.023 0.0
0.024 0.0
0.025 0.0
