-0.025 0.0
-0.024 0.0
-0.023 0.0
-0.022000000000000002 0.0
-0.021 0.0
-0.02 0.0
-0.019000000000000003 0.0
-0.018000000000000002 0.0
-0.017 0.0
-0.016 0.3717402219772339
-0.015000000000000001 0.6572824716567993
-0.014000000000000002 0.11690740287303925
-0.013000000000000001 0.0
-0.012 0.0
-0.011000000000000001 0.11922581493854523
-0.010000000000000002 1.7054171562194824
-0.009000000000000001 3.365492820739746
-0.008 3.688950538635254
-0.006999999999999999 15.826485633850098
-0.006000000000000002 22.801191329956055
-0.005000000000000001 21.58487319946289
-0.004 18.833755493164062
-0.0030000000000000027 17.09056854248047
-0.0020000000000000018 17.526527404785156
-0.0010000000000000009 17.9642276763916
0.0 14.896146774291992
0.0010000000000000009 10.952489852905273
0.0019999999999999983 13.867561340332031
0.002999999999999999 15.071745872497559
0.004 11.706459045410156
0.0049999999999999975 7.5761284828186035
0.005999999999999998 5.340183258056641
0.006999999999999999 5.411004543304443
0.008 2.6673636436462402
0.009000000000000001 4.09853458404541
0.010000000000000002 5.130017280578613
0.011000000000000003 4.642857074737549
0.011999999999999997 3.4113681316375732
0.012999999999999998 3.5743589401245117
0.013999999999999999 3.170614004135132
0.015 0.841354250907898
0.016 0.5660424828529358
0.017 0.3124503493309021
0.018000000000000002 0.0
0.018999999999999996 0.0
0.019999999999999997 0.0
0.020999999999999998 0.0
0.022 0.0
0.023 0.0
0.024 0.0
0.025 0.0
