-0.025 0.0
-0.024 0.0
-0.023 0.0
-0.022000000000000002 0.0
-0.021 0.0
-0.02 0.0
-0.019000000000000003 0.0
-0.018000000000000002 0.0
-0.017 0.0
-0.016 0.0
-0.015000000000000001 0.0
-0.014000000000000002 0.12547722458839417
-0.013000000000000001 0.0
-0.012 0.0
-0.011000000000000001 0.0
-0.010000000000000002 0.434747576713562
-0.009000000000000001 0.7401421070098877
-0.008 0.5951671004295349
-0.006999999999999999 1.2915675640106201
-0.006000000000000002 8.906415939331055
-0.005000000000000001 20.99013328552246
-0.004 28.047773361206055
-0.0030000000000000027 26.77552604675293
-0.0020000000000000018 23.350563049316406
-0.0010000000000000009 18.41267204284668
0.0 21.436717987060547
0.0010000000000000009 9.636723518371582
0.0019999999999999983 4.93577241897583
0.002999999999999999 3.20924973487854
0.004 4.142336845397949
0.0049999999999999975 5.309475421905518
0.005999999999999998 2.769702434539795
0.006999999999999999 0.873724102973938
0.008 2.3383541107177734
0.009000000000000001 1.3541994094848633
0.010000000000000002 2.077587127685547
0.011000000000000003 3.0548758506774902
0.011999999999999997 3.0987260341644287
0.012999999999999998 3.728346586227417
0.013999999999999999 5.569549560546875
0.015 3.1891491413116455
0.016 1.6265801191329956
0.017 0.49600884318351746
0.018000000000000002 0.0
0.018999999999999996 0.0
0.019999999999999997 0.0
0.020999999999999998 0.0
0.022 0.0
0.023 0.0
0.024 0.0
0.025 0.0
