-0.025 0.0
-0.024 0.0
-0.023 0.0
-0.022000000000000002 0.0
-0.021 0.0
-0.02 0.0
-0.019000000000000003 0.0
-0.018000000000000002 0.0
-0.017 0.0
-0.016 1.5877882242202759
-0.015000000000000001 0.14704959094524384
-0.014000000000000002 0.3276207447052002
-0.013000000000000001 2.3715829849243164
-0.012 2.4030816555023193
-0.011000000000000001 3.060598850250244
-0.010000000000000002 2.673582077026367
-0.009000000000000001 2.488603353500366
-0.008 8.808652877807617
-0.006999999999999999 8.136151313781738
-0.006000000000000002 4.708749294281006
-0.005000000000000001 11.373125076293945
-0.004 18.608373641967773
-0.0030000000000000027 22.772846221923828
-0.0020000000000000018 27.58164405822754
-0.0010000000000000009 28.709487915039062
0.0 23.355453491210938
0.0010000000000000009 13.147561073303223
0.0019999999999999983 14.516841888427734
0.002999999999999999 7.072541236877441
0.004 10.10187816619873
0.0049999999999999975 8.681447982788086
0.005999999999999998 3.103092670440674
0.006999999999999999 4.828596115112305
0.008 10.438854217529297
0.009000000000000001 8.733898162841797
0.010000000000000002 3.181196689605713
0.011000000000000003 2.3830060958862305
0.011999999999999997 0.7931098341941833
0.012999999999999998 0.5756515860557556
0.013999999999999999 1.4260802268981934
0.015 0.5388230085372925
0.016 0.15453241765499115
0.017 0.4331238567829132
0.018000000000000002 0.0
0.018999999999999996 0.0
0.019999999999999997 0.0
0.020999999999999998 0.0
0.022 0.0
0.023 0.0
0.024 0.0
0.025 0.0
