-0.025 0.0
-0.024 0.0
-0.023 0.0
-0.022000000000000002 0.0
-0.021 0.0
-0.02 0.0
-0.019000000000000003 0.0
-0.018000000000000002 0.0
-0.017 0.0
-0.016 0.0
-0.015000000000000001 0.0
-0.014000000000000002 0.0
-0.013000000000000001 0.0
-0.012 0.0
-0.011000000000000001 0.25242242217063904
-0.010000000000000002 1.258418321609497
-0.009000000000000001 2.6149282455444336
-0.008 1.6596808433532715
-0.006999999999999999 2.4964635372161865
-0.006000000000000002 4.965893745422363
-0.005000000000000001 13.650483131408691
-0.004 18.566043853759766
-0.0030000000000000027 17.93682861328125
-0.0020000000000000018 15.284994125366211
-0.0010000000000000009 12.667919158935547
0.0 12.036574363708496
0.0010000000000000009 11.859330177307129
0.0019999999999999983 7.329961776733398
0.002999999999999999 8.527029037475586
0.004 6.086125373840332
0.0049999999999999975 7.858699798583984
0.005999999999999998 8.748918533325195
0.006999999999999999 6.8995490074157715
0.008 1.9362812042236328
0.009000000000000001 0.7142986059188843
0.010000000000000002 0.9217537045478821
0.011000000000000003 0.25649309158325195
0.011999999999999997 0.0605652779340744
0.012999999999999998 0.8198217153549194
0.013999999999999999 1.3322826623916626
0.015 0.6784635782241821
0.016 0.2524573802947998
0.017 0.24303172528743744
0.018000000000000002 0.0
0.018999999999999996 0.0
0.019999999999999997 0.0
0.020999999999999998 0.0
0.022 0.0
0.023 0.0
0.024 0.0
0.025 0.0
