-0.025 0.0
-0.024 0.0
-0.023 0.0
-0.022000000000000002 0.0
-0.021 0.0
-0.02 0.0
-0.019000000000000003 0.0
-0.018000000000000002 0.0
-0.017 0.0
-0.016 0.0
-0.015000000000000001 0.0
-0.014000000000000002 0.0
-0.013000000000000001 0.0
-0.012 0.0
-0.011000000000000001 0.0
-0.010000000000000002 0.0
-0.009000000000000001 0.0
-0.008 0.0
-0.006999999999999999 1.7096447944641113
-0.006000000000000002 9.212939262390137
-0.005000000000000001 17.018014907836914
-0.004 22.636600494384766
-0.0030000000000000027 26.46754264831543
-0.0020000000000000018 33.57835388183594
-0.0010000000000000009 39.79452133178711
0.0 35.283329010009766
0.0010000000000000009 22.158260345458984
0.0019999999999999983 17.107404708862305
0.002999999999999999 8.685230255126953
0.004 2.9501729011535645
0.0049999999999999975 2.2805700302124023
0.005999999999999998 1.7915258407592773
0.006999999999999999 1.588599443435669
0.008 1.2984769344329834
0.009000000000000001 1.0573844909667969
0.010000000000000002 4.095582485198975
0.011000000000000003 2.178361654281616
0.011999999999999997 2.426077365875244
0.012999999999999998 3.6765496730804443
0.013999999999999999 6.182277679443359
0.015 3.0161609649658203
0.016 1.9481011629104614
0.017 0.22397059202194214
0.018000000000000002 0.0
0.018999999999999996 0.0
0.019999999999999997 0.0
0.020999999999999998 0.0
0.022 0.0
0.023 0.0
0.024 0.0
0.025 0.0
