-0.025 0.0
-0.024 0.0
-0.023 0.0
-0.022000000000000002 0.0
-0.021 0.0
-0.02 0.0
-0.019000000000000003 0.0
-0.018000000000000002 0.0
-0.017 0.0
-0.016 0.0
-0.015000000000000001 0.0
-0.014000000000000002 0.0
-0.013000000000000001 0.0
-0.012 0.0
-0.011000000000000001 0.057021331042051315
-0.010000000000000002 0.6161882877349854
-0.009000000000000001 0.8225480914115906
-0.008 0.8249536752700806
-0.006999999999999999 1.198228120803833
-0.006000000000000002 0.9392684102058411
-0.005000000000000001 6.807415008544922
-0.004 11.718725204467773
-0.0030000000000000027 12.508100509643555
-0.0020000000000000018 14.152902603149414
-0.0010000000000000009 15.645054817199707
0.0 12.188543319702148
0.0010000000000000009 8.496442794799805
0.0019999999999999983 2.2096192836761475
0.002999999999999999 0.9958643913269043
0.004 2.10052227973938
0.0049999999999999975 2.0662591457366943
0.005999999999999998 0.5756603479385376
0.006999999999999999 0.45036572217941284
0.008 0.10717764496803284
0.009000000000000001 0.27279719710350037
0.010000000000000002 0.270884245634079
0.011000000000000003 0.020906461402773857
0.011999999999999997 0.007272269576787949
0.012999999999999998 0.0
0.013999999999999999 0.29285556077957153
0.015 0.11425747722387314
0.016 0.21220311522483826
0.017 0.818594753742218
0.018000000000000002 0.0
0.018999999999999996 0.0
0.019999999999999997 0.0
0.020999999999999998 0.0
0.022 0.0
0.023 0.0
0.024 0.0
0.025 0.0
