-0.025 0.0
-0.024 0.0
-0.023 0.0
-0.022000000000000002 0.0
-0.021 0.0
-0.02 0.0
-0.019000000000000003 0.0
-0.018000000000000002 0.0
-0.017 0.0
-0.016 0.8821792602539062
-0.015000000000000001 0.5322197675704956
-0.014000000000000002 0.9646413326263428
-0.013000000000000001 1.2641146183013916
-0.012 1.603924036026001
-0.011000000000000001 0.40986645221710205
-0.010000000000000002 1.9488191604614258
-0.009000000000000001 1.983518123626709
-0.008 3.25136137008667
-0.006999999999999999 7.66414737701416
-0.006000000000000002 7.652924060821533
-0.005000000000000001 7.484175682067871
-0.004 11.851771354675293
-0.0030000000000000027 22.039772033691406
-0.0020000000000000018 25.47559928894043
-0.0010000000000000009 23.600080490112305
0.0 21.773664474487305
0.0010000000000000009 16.25197410583496
0.0019999999999999983 13.4765043258667
0.002999999999999999 7.6278767585754395
0.004 9.385504722595215
0.0049999999999999975 11.208301544189453
0.005999999999999998 11.062642097473145
0.006999999999999999 10.391613960266113
0.008 6.604229927062988
0.009000000000000001 2.222116231918335
0.010000000000000002 0.6096861958503723
0.011000000000000003 0.802378237247467
0.011999999999999997 1.7625643014907837
0.012999999999999998 1.1843388080596924
0.013999999999999999 1.3225332498550415
0.015 1.2471473217010498
0.016 0.8428900241851807
0.017 0.49005353450775146
0.018000000000000002 0.0
0.018999999999999996 0.0
0.019999999999999997 0.0
0.020999999999999998 0.0
0.022 0.0
0.023 0.0
0.024 0.0
0.025 0.0
