-0.025 0.0
-0.024 0.0
-0.023 0.0
-0.022000000000000002 0.0
-0.021 0.0
-0.02 0.0
-0.019000000000000003 0.0
-0.018000000000000002 0.0
-0.017 0.0
-0.016 0.17525441944599152
-0.015000000000000001 0.5862550735473633
-0.014000000000000002 0.7506864666938782
-0.013000000000000001 0.37573426961898804
-0.012 0.40396490693092346
-0.011000000000000001 0.8753647208213806
-0.010000000000000002 1.0981611013412476
-0.009000000000000001 1.544358253479004
-0.008 1.598931074142456
-0.006999999999999999 1.6688064336776733
-0.006000000000000002 2.6617794036865234
-0.005000000000000001 4.520236015319824
-0.004 7.846579074859619
-0.0030000000000000027 15.739983558654785
-0.0020000000000000018 17.851634979248047
-0.0010000000000000009 18.030752182006836
0.0 13.976051330566406
0.0010000000000000009 8.680026054382324
0.0019999999999999983 10.818589210510254
0.002999999999999999 2.418616533279419
0.004 2.2073729038238525
0.0049999999999999975 2.5173850059509277
0.005999999999999998 1.8975982666015625
0.006999999999999999 1.350937843322754
0.008 1.2070720195770264
0.009000000000000001 1.564657211303711
0.010000000000000002 2.2812156677246094
0.011000000000000003 1.6823639869689941
0.011999999999999997 1.7381720542907715
0.012999999999999998 2.529730796813965
0.013999999999999999 2.4769771099090576
0.015 1.3619718551635742
0.016 0.34692081809043884
0.017 0.5180466771125793
0.018000000000000002 0.0
0.018999999999999996 0.0
0.019999999999999997 0.0
0.020999999999999998 0.0
0.022 0.0
0.023 0.0
0.024 0.0
0.025 0.0
