-0.025 0.0
-0.024 0.0
-0.023 0.0
-0.022000000000000002 0.0
-0.021 0.0
-0.02 0.0
-0.019000000000000003 0.0
-0.018000000000000002 0.0
-0.017 0.0
-0.016 1.1117920875549316
-0.015000000000000001 1.9604849815368652
-0.014000000000000002 1.110537052154541
-0.013000000000000001 1.226167917251587
-0.012 1.1836607456207275
-0.011000000000000001 2.324035167694092
-0.010000000000000002 4.300478935241699
-0.009000000000000001 2.923391819000244
-0.008 2.740579128265381
-0.006999999999999999 6.363799571990967
-0.006000000000000002 10.754980087280273
-0.005000000000000001 12.214780807495117
-0.004 13.108397483825684
-0.0030000000000000027 15.514793395996094
-0.0020000000000000018 11.85296630859375
-0.0010000000000000009 11.280129432678223
0.0 12.48426342010498
0.0010000000000000009 6.873745918273926
0.0019999999999999983 11.604717254638672
0.002999999999999999 13.493571281433105
0.004 9.806214332580566
0.0049999999999999975 14.477386474609375
0.005999999999999998 9.973739624023438
0.006999999999999999 8.024457931518555
0.008 3.3464059829711914
0.009000000000000001 2.0924181938171387
0.010000000000000002 2.6333580017089844
0.011000000000000003 3.2494211196899414
0.011999999999999997 2.657280445098877
0.012999999999999998 1.9075539112091064
0.013999999999999999 1.2107040882110596
0.015 0.32727327942848206
0.016 0.402973473072052
0.017 0.0
0.018000000000000002 0.0
0.018999999999999996 0.0
0.019999999999999997 0.0
0.020999999999999998 0.0
0.022 0.0
0.023 0.0
0.024 0.0
0.025 0.0
