-0.025 0.0
-0.024 0.0
-0.023 0.0
-0.022000000000000002 0.0
-0.021 0.0
-0.02 0.0
-0.019000000000000003 0.0
-0.018000000000000002 0.0
-0.017 0.0
-0.016 0.0
-0.015000000000000001 0.0
-0.014000000000000002 0.0
-0.013000000000000001 0.0
-0.012 0.0
-0.011000000000000001 0.2666946351528168
-0.010000000000000002 1.6323051452636719
-0.009000000000000001 2.317814826965332
-0.008 2.129967212677002
-0.006999999999999999 8.301492691040039
-0.006000000000000002 21.341712951660156
-0.005000000000000001 28.71658706665039
-0.004 29.695125579833984
-0.0030000000000000027 32.259422302246094
-0.0020000000000000018 22.175209045410156
-0.0010000000000000009 14.974973678588867
0.0 17.19802474975586
0.0010000000000000009 20.58710479736328
0.0019999999999999983 8.121221542358398
0.002999999999999999 10.179441452026367
0.004 11.520425796508789
0.0049999999999999975 9.008081436157227
0.005999999999999998 12.194440841674805
0.006999999999999999 12.241350173950195
0.008 9.804352760314941
0.009000000000000001 4.12855339050293
0.010000000000000002 3.2223172187805176
0.011000000000000003 0.5291560292243958
0.011999999999999997 1.4390722513198853
0.012999999999999998 0.42021310329437256
0.013999999999999999 1.0638401508331299
0.015 1.0019333362579346
0.016 0.2939046323299408
0.017 1.3428088426589966
0.018000000000000002 0.0
0.018999999999999996 0.0
0.019999999999999997 0.0
0.020999999999999998 0.0
0.022 0.0
0.023 0.0
0.024 0.0
0.025 0.0
