-0.025 0.0
-0.024 0.0
-0.023 0.0
-0.022000000000000002 0.0
-0.021 0.0
-0.02 0.0
-0.019000000000000003 0.0
-0.018000000000000002 0.0
-0.017 0.0
-0.016 0.6540067791938782
-0.015000000000000001 1.4025822877883911
-0.014000000000000002 1.1730386018753052
-0.013000000000000001 1.2954849004745483
-0.012 0.682858407497406
-0.011000000000000001 2.382039785385132
-0.010000000000000002 4.247424602508545
-0.009000000000000001 4.721604347229004
-0.008 4.817724704742432
-0.006999999999999999 10.226056098937988
-0.006000000000000002 15.166234970092773
-0.005000000000000001 20.217416763305664
-0.004 19.650856018066406
-0.0030000000000000027 16.825891494750977
-0.0020000000000000018 11.818402290344238
-0.0010000000000000009 7.504626274108887
0.0 6.86034631729126
0.0010000000000000009 7.775863170623779
0.0019999999999999983 6.584773063659668
0.002999999999999999 4.400242328643799
0.004 4.711230754852295
0.0049999999999999975 7.48972225189209
0.005999999999999998 6.538983345031738
0.006999999999999999 4.641530990600586
0.008 6.361537456512451
0.009000000000000001 5.23483943939209
0.010000000000000002 7.31179141998291
0.011000000000000003 4.47681188583374
0.011999999999999997 5.614651203155518
0.012999999999999998 5.787269115447998
0.013999999999999999 4.550285339355469
0.015 1.5121296644210815
0.016 0.29090628027915955
0.017 0.6902151107788086
0.018000000000000002 0.0
0.018999999999999996 0.0
0.019999999999999997 0.0
0.020999999999999998 0.0
0.022 0.0
0.023 0.0
0.024 0.0
0.025 0.0
