-0.025 0.0
-0.024 0.0
-0.023 0.0
-0.022000000000000002 0.0
-0.021 0.0
-0.02 0.0
-0.019000000000000003 0.0
-0.018000000000000002 0.0
-0.017 0.0
-0.016 0.8532498478889465
-0.015000000000000001 2.6459927558898926
-0.014000000000000002 2.561741828918457
-0.013000000000000001 2.033348798751831
-0.012 1.4897434711456299
-0.011000000000000001 3.3083996772766113
-0.010000000000000002 5.086895942687988
-0.009000000000000001 4.277427673339844
-0.008 3.4583399295806885
-0.006999999999999999 6.574141979217529
-0.006000000000000002 8.499784469604492
-0.005000000000000001 13.719194412231445
-0.004 17.215015411376953
-0.0030000000000000027 17.587886810302734
-0.0020000000000000018 15.757736206054688
-0.0010000000000000009 12.026632308959961
0.0 10.865793228149414
0.0010000000000000009 6.8701605796813965
0.0019999999999999983 10.659224510192871
0.002999999999999999 4.628965854644775
0.004 4.891997337341309
0.0049999999999999975 5.18351936340332
0.005999999999999998 5.578011989593506
0.006999999999999999 5.462604522705078
0.008 5.74462366104126
0.009000000000000001 5.4003119468688965
0.010000000000000002 8.691418647766113
0.011000000000000003 5.226078033447266
0.011999999999999997 5.776366233825684
0.012999999999999998 7.012880802154541
0.013999999999999999 5.813447952270508
0.015 2.529090404510498
0.016 0.23107098042964935
0.017 0.4342767000198364
0.018000000000000002 0.0
0.018999999999999996 0.0
0.019999999999999997 0.0
0.020999999999999998 0.0
0.022 0.0
0.023 0.0
0.024 0.0
0.025 0.0
