-0.025 0.0
-0.024 0.0
-0.023 0.0
-0.022000000000000002 0.0
-0.021 0.0
-0.02 0.0
-0.019000000000000003 0.0
-0.018000000000000002 0.0
-0.017 0.0
-0.016 0.27295687794685364
-0.015000000000000001 0.9224904775619507
-0.014000000000000002 1.6565767526626587
-0.013000000000000001 2.4097561836242676
-0.012 0.9351742267608643
-0.011000000000000001 3.0197739601135254
-0.010000000000000002 4.000823497772217
-0.009000000000000001 3.565666675567627
-0.008 2.391087532043457
-0.006999999999999999 7.1275153160095215
-0.006000000000000002 9.608829498291016
-0.005000000000000001 13.314966201782227
-0.004 21.040422439575195
-0.0030000000000000027 21.885026931762695
-0.0020000000000000018 19.72445297241211
-0.0010000000000000009 18.194368362426758
0.0 20.151975631713867
0.0010000000000000009 12.61228084564209
0.0019999999999999983 11.249995231628418
0.002999999999999999 1.6198432445526123
0.004 4.200923442840576
0.0049999999999999975 4.244007110595703
0.005999999999999998 4.846831321716309
0.006999999999999999 4.835060119628906
0.008 4.714113712310791
0.009000000000000001 3.740154981613159
0.010000000000000002 6.550530433654785
0.011000000000000003 4.2435102462768555
0.011999999999999997 5.234860897064209
0.012999999999999998 2.8988895416259766
0.013999999999999999 6.590447425842285
0.015 4.0406646728515625
0.016 2.4735465049743652
0.017 0.4299575090408325
0.018000000000000002 0.0
0.018999999999999996 0.0
0.019999999999999997 0.0
0.020999999999999998 0.0
0.022 0.0
0.023 0.0
0.024 0.0
0.025 0.0
