-0.025 0.0
-0.024 0.0
-0.023 0.0
-0.022000000000000002 0.0
-0.021 0.0
-0.02 0.0
-0.019000000000000003 0.0
-0.018000000000000002 0.0
-0.017 0.0
-0.016 0.0
-0.015000000000000001 0.0
-0.014000000000000002 0.0
-0.013000000000000001 0.0
-0.012 0.0
-0.011000000000000001 0.0
-0.010000000000000002 0.0
-0.009000000000000001 0.0
-0.008 0.4341801404953003
-0.006999999999999999 3.550337791442871
-0.006000000000000002 10.849250793457031
-0.005000000000000001 16.03253173828125
-0.004 25.75370979309082
-0.0030000000000000027 31.502452850341797
-0.0020000000000000018 31.408126831054688
-0.0010000000000000009 28.746929168701172
0.0 26.83400535583496
0.0010000000000000009 23.610137939453125
0.0019999999999999983 10.714776992797852
0.002999999999999999 8.991601943969727
0.004 7.189530372619629
0.0049999999999999975 9.611405372619629
0.005999999999999998 13.241110801696777
0.006999999999999999 10.558555603027344
0.008 3.8988094329833984
0.009000000000000001 1.4851938486099243
0.010000000000000002 2.3263256549835205
0.011000000000000003 0.42893221974372864
0.011999999999999997 0.7885013818740845
0.012999999999999998 0.46132758259773254
0.013999999999999999 0.4045689105987549
0.015 0.3814907968044281
0.016 0.3955193758010864
0.017 0.36753544211387634
0.018000000000000002 0.0
0.018999999999999996 0.0
0.019999999999999997 0.0
0.020999999999999998 0.0
0.022 0.0
0.023 0.0
0.024 0.0
0.025 0.0
