-0.025 0.0
-0.024 0.0
-0.023 0.0
-0.022000000000000002 0.0
-0.021 0.0
-0.02 0.0
-0.019000000000000003 0.0
-0.018000000000000002 0.10756435990333557
-0.017 0.0
-0.016 2.3009891510009766
-0.015000000000000001 1.6876932382583618
-0.014000000000000002 1.197448968887329
-0.013000000000000001 2.787132740020752
-0.012 3.637768030166626
-0.011000000000000001 4.906050205230713
-0.010000000000000002 5.73562479019165
-0.009000000000000001 9.161288261413574
-0.008 15.72710132598877
-0.006999999999999999 13.221503257751465
-0.006000000000000002 9.37379264831543
-0.005000000000000001 11.659305572509766
-0.004 12.885769844055176
-0.0030000000000000027 15.297082901000977
-0.0020000000000000018 12.892932891845703
-0.0010000000000000009 10.16479778289795
0.0 13.189496040344238
0.0010000000000000009 12.600652694702148
0.0019999999999999983 10.905800819396973
0.002999999999999999 5.5410261154174805
0.004 9.552888870239258
0.0049999999999999975 9.763904571533203
0.005999999999999998 13.132120132446289
0.006999999999999999 11.809511184692383
0.008 14.801668167114258
0.009000000000000001 9.89936637878418
0.010000000000000002 9.822376251220703
0.011000000000000003 2.458002805709839
0.011999999999999997 2.925428867340088
0.012999999999999998 3.569826602935791
0.013999999999999999 3.115556240081787
0.015 1.4217292070388794
0.016 0.17835406959056854
0.017 0.23837612569332123
0.018000000000000002 0.0
0.018999999999999996 0.0
0.019999999999999997 0.0
0.020999999999999998 0.0
0.022 0.0
0.023 0.0
0.024 0.0
0.025 0.0
