-0.025 0.0
-0.024 0.0
-0.023 0.0
-0.022000000000000002 0.0
-0.021 0.0
-0.02 0.0
-0.019000000000000003 0.0
-0.018000000000000002 0.0
-0.017 0.0
-0.016 0.0
-0.015000000000000001 0.0
-0.014000000000000002 0.0
-0.013000000000000001 0.0
-0.012 0.0
-0.011000000000000001 0.0
-0.010000000000000002 0.09638563543558121
-0.009000000000000001 0.2613113820552826
-0.008 0.44754937291145325
-0.006999999999999999 0.7526527643203735
-0.006000000000000002 1.1451373100280762
-0.005000000000000001 1.3680921792984009
-0.004 6.766195297241211
-0.0030000000000000027 16.607643127441406
-0.0020000000000000018 28.98712730407715
-0.0010000000000000009 35.37976837158203
0.0 27.541595458984375
0.0010000000000000009 23.63074493408203
0.0019999999999999983 20.640268325805664
0.002999999999999999 13.454652786254883
0.004 2.4476723670959473
0.0049999999999999975 0.7984355688095093
0.005999999999999998 1.083233118057251
0.006999999999999999 0.2386510968208313
0.008 0.23039120435714722
0.009000000000000001 0.3791845440864563
0.010000000000000002 0.41894611716270447
0.011000000000000003 0.08196540921926498
0.011999999999999997 0.32441529631614685
0.012999999999999998 0.19563508033752441
0.013999999999999999 0.0
0.015 0.319541335105896
0.016 0.06996273249387741
0.017 0.5658793449401855
0.018000000000000002 0.0
0.018999999999999996 0.0
0.019999999999999997 0.0
0.020999999999999998 0.0
0.022 0.0
0.023 0.0
0.024 0.0
0.025 0.0
