-0.025 0.0
-0.024 0.0
-0.023 0.0
-0.022000000000000002 0.0
-0.021 0.0
-0.02 0.0
-0.019000000000000003 0.0
-0.018000000000000002 0.0
-0.017 0.0
-0.016 0.0
-0.015000000000000001 0.16159000992774963
-0.014000000000000002 0.5415825843811035
-0.013000000000000001 0.707805871963501
-0.012 0.6195310354232788
-0.011000000000000001 0.3007776439189911
-0.010000000000000002 2.3381972312927246
-0.009000000000000001 3.210258960723877
-0.008 1.9542992115020752
-0.006999999999999999 3.5667495727539062
-0.006000000000000002 3.578552484512329
-0.005000000000000001 3.2107834815979004
-0.004 5.299753665924072
-0.0030000000000000027 16.69101905822754
-0.0020000000000000018 35.12481689453125
-0.0010000000000000009 39.57676696777344
0.0 29.380352020263672
0.0010000000000000009 21.764629364013672
0.0019999999999999983 17.16504669189453
0.002999999999999999 12.827024459838867
0.004 4.574957370758057
0.0049999999999999975 1.7118992805480957
0.005999999999999998 1.2228124141693115
0.006999999999999999 2.0677456855773926
0.008 0.9528152346611023
0.009000000000000001 1.4729626178741455
0.010000000000000002 1.4954185485839844
0.011000000000000003 2.1270346641540527
0.011999999999999997 2.300224781036377
0.012999999999999998 0.5814611315727234
0.013999999999999999 2.5063138008117676
0.015 1.4752907752990723
0.016 0.5417523384094238
0.017 0.4971308708190918
0.018000000000000002 0.0
0.018999999999999996 0.020366167649626732
0.019999999999999997 0.0
0.020999999999999998 0.0
0.022 0.0
0.023 0.0
0.024 0.0
0.025 0.0
