-0.025 0.0
-0.024 0.0
-0.023 0.0
-0.022000000000000002 0.0
-0.021 0.0
-0.02 0.0
-0.019000000000000003 0.0
-0.018000000000000002 0.0
-0.017 0.0
-0.016 0.8200657963752747
-0.015000000000000001 2.633255958557129
-0.014000000000000002 2.5340576171875
-0.013000000000000001 2.271677017211914
-0.012 1.7511605024337769
-0.011000000000000001 3.790228843688965
-0.010000000000000002 5.8624982833862305
-0.009000000000000001 5.693508148193359
-0.008 4.861420631408691
-0.006999999999999999 7.704261779785156
-0.006000000000000002 13.782791137695312
-0.005000000000000001 20.676239013671875
-0.004 23.717506408691406
-0.0030000000000000027 22.673351287841797
-0.0020000000000000018 18.05270004272461
-0.0010000000000000009 17.246109008789062
0.0 8.82619857788086
0.0010000000000000009 7.5384979248046875
0.0019999999999999983 14.047369956970215
0.002999999999999999 11.692686080932617
0.004 8.985129356384277
0.0049999999999999975 9.02310562133789
0.005999999999999998 6.048606872558594
0.006999999999999999 5.517308235168457
0.008 7.192862510681152
0.009000000000000001 6.5333662033081055
0.010000000000000002 8.489238739013672
0.011000000000000003 5.870839595794678
0.011999999999999997 7.31162166595459
0.012999999999999998 10.53300666809082
0.013999999999999999 9.468618392944336
0.015 3.906931161880493
0.016 0.21929651498794556
0.017 0.42784202098846436
0.018000000000000002 0.0
0.018999999999999996 0.0
0.019999999999999997 0.0
0.020999999999999998 0.0
0.022 0.0
0.023 0.0
0.024 0.0
0.025 0.0
