-0.025 0.0
-0.024 0.0
-0.023 0.0
-0.022000000000000002 0.0
-0.021 0.0
-0.02 0.0
-0.019000000000000003 0.0
-0.018000000000000002 0.0
-0.017 0.0
-0.016 0.4062344431877136
-0.015000000000000001 0.6135236620903015
-0.014000000000000002 1.2130677700042725
-0.013000000000000001 0.3217207193374634
-0.012 0.36092865467071533
-0.011000000000000001 1.0023140907287598
-0.010000000000000002 1.1658072471618652
-0.009000000000000001 0.8023629188537598
-0.008 2.2524573802948
-0.006999999999999999 9.84178638458252
-0.006000000000000002 14.759936332702637
-0.005000000000000001 15.14778995513916
-0.004 15.412293434143066
-0.0030000000000000027 23.91775131225586
-0.0020000000000000018 26.045124053955078
-0.0010000000000000009 25.329631805419922
0.0 25.52301025390625
0.0010000000000000009 21.21441078186035
0.0019999999999999983 21.942340850830078
0.002999999999999999 13.09164047241211
0.004 11.3566255569458
0.0049999999999999975 7.789191722869873
0.005999999999999998 5.055508613586426
0.006999999999999999 5.850969314575195
0.008 5.931534767150879
0.009000000000000001 4.691794395446777
0.010000000000000002 5.871049880981445
0.011000000000000003 3.4171652793884277
0.011999999999999997 2.9192049503326416
0.012999999999999998 2.8816747665405273
0.013999999999999999 2.815187692642212
0.015 0.8536056876182556
0.016 0.40938302874565125
0.017 0.2970867156982422
0.018000000000000002 0.0
0.018999999999999996 0.0
0.019999999999999997 0.0
0.020999999999999998 0.0
0.022 0.0
0.023 0.0
0.024 0.0
0.025 0.0
