-0.025 0.0
-0.024 0.0
-0.023 0.0
-0.022000000000000002 0.0
-0.021 0.0
-0.02 0.0
-0.019000000000000003 0.0
-0.018000000000000002 0.0
-0.017 0.0
-0.016 0.0
-0.015000000000000001 0.0
-0.014000000000000002 0.0
-0.013000000000000001 0.0
-0.012 0.0
-0.011000000000000001 0.25242236256599426
-0.010000000000000002 1.2210111618041992
-0.009000000000000001 2.6149282455444336
-0.008 1.6609077453613281
-0.006999999999999999 5.05830717086792
-0.006000000000000002 17.577665328979492
-0.005000000000000001 22.88152503967285
-0.004 20.959449768066406
-0.0030000000000000027 20.989810943603516
-0.0020000000000000018 16.183128356933594
-0.0010000000000000009 14.625864028930664
0.0 13.247320175170898
0.0010000000000000009 12.419390678405762
0.0019999999999999983 10.263741493225098
0.002999999999999999 17.419233322143555
0.004 16.285730361938477
0.0049999999999999975 14.514809608459473
0.005999999999999998 12.03818130493164
0.006999999999999999 6.094893932342529
0.008 2.432323932647705
0.009000000000000001 1.9624148607254028
0.010000000000000002 1.7745544910430908
0.011000000000000003 0.4180653691291809
0.011999999999999997 0.17886576056480408
0.012999999999999998 0.8293022513389587
0.013999999999999999 1.1506881713867188
0.015 0.5922515392303467
0.016 0.24067485332489014
0.017 0.2430317997932434
0.018000000000000002 0.0
0.018999999999999996 0.0
0.019999999999999997 0.0
0.020999999999999998 0.0
0.022 0.0
0.023 0.0
0.024 0.0
0.025 0.0
