-0.025 0.0
-0.024 0.0
-0.023 0.0
-0.022000000000000002 0.0
-0.021 0.0
-0.02 0.0
-0.019000000000000003 0.0
-0.018000000000000002 0.4548211395740509
-0.017 0.0
-0.016 0.6886727809906006
-0.015000000000000001 0.5762259364128113
-0.014000000000000002 0.9518570899963379
-0.013000000000000001 1.1129863262176514
-0.012 0.6420040726661682
-0.011000000000000001 0.8981195092201233
-0.010000000000000002 1.4060194492340088
-0.009000000000000001 3.0353214740753174
-0.008 2.8584580421447754
-0.006999999999999999 4.043361663818359
-0.006000000000000002 6.627687931060791
-0.005000000000000001 8.989652633666992
-0.004 13.47117805480957
-0.0030000000000000027 23.25745964050293
-0.0020000000000000018 18.17289161682129
-0.0010000000000000009 9.618350982666016
0.0 9.011816024780273
0.0010000000000000009 6.333858489990234
0.0019999999999999983 11.07679271697998
0.002999999999999999 4.31881856918335
0.004 6.245284557342529
0.0049999999999999975 8.818681716918945
0.005999999999999998 11.004176139831543
0.006999999999999999 8.754989624023438
0.008 6.928868293762207
0.009000000000000001 1.5178275108337402
0.010000000000000002 3.629153251647949
0.011000000000000003 2.6690807342529297
0.011999999999999997 0.28964734077453613
0.012999999999999998 0.14395415782928467
0.013999999999999999 0.6132625341415405
0.015 1.0035074949264526
0.016 0.20164671540260315
0.017 0.3457877039909363
0.018000000000000002 0.0
0.018999999999999996 0.0
0.019999999999999997 0.0
0.020999999999999998 0.0
0.022 0.0
0.023 0.0
0.024 0.0
0.025 0.0
