-0.025 0.0
-0.024 0.0
-0.023 0.0
-0.022000000000000002 0.0
-0.021 0.0
-0.02 0.0
-0.019000000000000003 0.0
-0.018000000000000002 0.0
-0.017 0.0
-0.016 0.0
-0.015000000000000001 0.0
-0.014000000000000002 0.0
-0.013000000000000001 0.0
-0.012 0.0
-0.011000000000000001 0.0
-0.010000000000000002 0.0
-0.009000000000000001 0.0
-0.008 0.1222226619720459
-0.006999999999999999 2.1204233169555664
-0.006000000000000002 4.730859756469727
-0.005000000000000001 6.120047569274902
-0.004 16.424514770507812
-0.0030000000000000027 27.796342849731445
-0.0020000000000000018 24.540966033935547
-0.0010000000000000009 20.96751594543457
0.0 21.703664779663086
0.0010000000000000009 16.293304443359375
0.0019999999999999983 14.15708065032959
0.002999999999999999 2.7627644538879395
0.004 2.040461540222168
0.0049999999999999975 1.7478283643722534
0.005999999999999998 4.640987396240234
0.006999999999999999 2.7821359634399414
0.008 1.8585736751556396
0.009000000000000001 2.936899423599243
0.010000000000000002 4.303947448730469
0.011000000000000003 3.9493260383605957
0.011999999999999997 3.68877911567688
0.012999999999999998 0.2937217354774475
0.013999999999999999 1.0517277717590332
0.015 0.20337854325771332
0.016 0.44463154673576355
0.017 0.6356152892112732
0.018000000000000002 0.0
0.018999999999999996 0.0
0.019999999999999997 0.0
0.020999999999999998 0.0
0.022 0.0
0.023 0.0
0.024 0.0
0.025 0.0
