-0.025 0.0
-0.024 0.0
-0.023 0.0
-0.022000000000000002 0.0
-0.021 0.0
-0.02 0.0
-0.019000000000000003 0.0
-0.018000000000000002 0.0
-0.017 0.0
-0.016 1.3297340869903564
-0.015000000000000001 1.237236499786377
-0.014000000000000002 0.5022680163383484
-0.013000000000000001 1.7020776271820068
-0.012 2.1096224784851074
-0.011000000000000001 0.53321373462677
-0.010000000000000002 1.6460729837417603
-0.009000000000000001 2.8300070762634277
-0.008 4.241374969482422
-0.006999999999999999 9.653997421264648
-0.006000000000000002 8.419181823730469
-0.005000000000000001 8.62032413482666
-0.004 11.906181335449219
-0.0030000000000000027 21.025238037109375
-0.0020000000000000018 22.287757873535156
-0.0010000000000000009 18.4515380859375
0.0 19.880859375
0.0010000000000000009 12.124322891235352
0.0019999999999999983 9.217863082885742
0.002999999999999999 8.798454284667969
0.004 12.264318466186523
0.0049999999999999975 9.780367851257324
0.005999999999999998 13.97614860534668
0.006999999999999999 15.116548538208008
0.008 9.576099395751953
0.009000000000000001 2.8493378162384033
0.010000000000000002 1.170125126838684
0.011000000000000003 1.379333257675171
0.011999999999999997 1.5085461139678955
0.012999999999999998 1.0674571990966797
0.013999999999999999 1.5120803117752075
0.015 1.6593191623687744
0.016 0.499336838722229
0.017 0.3973109722137451
0.018000000000000002 0.0
0.018999999999999996 0.0
0.019999999999999997 0.0
0.020999999999999998 0.0
0.022 0.0
0.023 0.0
0.024 0.0
0.025 0.0
