-0.025 0.0
-0.024 0.0
-0.023 0.0
-0.022000000000000002 0.0
-0.021 0.0
-0.02 0.0
-0.019000000000000003 0.0
-0.018000000000000002 0.0
-0.017 0.0
-0.016 0.0
-0.015000000000000001 0.22364060580730438
-0.014000000000000002 1.8016390800476074
-0.013000000000000001 1.4291434288024902
-0.012 0.605866551399231
-0.011000000000000001 2.3258771896362305
-0.010000000000000002 1.7175514698028564
-0.009000000000000001 1.8753911256790161
-0.008 1.3346918821334839
-0.006999999999999999 3.6299707889556885
-0.006000000000000002 7.537801742553711
-0.005000000000000001 17.365903854370117
-0.004 28.655040740966797
-0.0030000000000000027 25.658597946166992
-0.0020000000000000018 22.45013999938965
-0.0010000000000000009 25.628755569458008
0.0 26.696191787719727
0.0010000000000000009 16.772300720214844
0.0019999999999999983 9.095776557922363
0.002999999999999999 6.289966106414795
0.004 3.9661707878112793
0.0049999999999999975 2.35825777053833
0.005999999999999998 3.7481613159179688
0.006999999999999999 2.6726489067077637
0.008 0.6473886370658875
0.009000000000000001 1.412859559059143
0.010000000000000002 2.4859628677368164
0.011000000000000003 1.2657573223114014
0.011999999999999997 1.7580894231796265
0.012999999999999998 5.741360664367676
0.013999999999999999 10.155372619628906
0.015 5.366971492767334
0.016 3.7314555644989014
0.017 0.025534074753522873
0.018000000000000002 0.0
0.018999999999999996 0.0
0.019999999999999997 0.0
0.020999999999999998 0.0
0.022 0.0
0.023 0.0
0.024 0.0
0.025 0.0
