-0.025 0.0
-0.024 0.0
-0.023 0.0
-0.022000000000000002 0.0
-0.021 0.0
-0.02 0.0
-0.019000000000000003 0.0
-0.018000000000000002 0.4548211991786957
-0.017 0.0
-0.016 0.688672661781311
-0.015000000000000001 0.576225996017456
-0.014000000000000002 0.9518572688102722
-0.013000000000000001 1.1129865646362305
-0.012 0.6420040726661682
-0.011000000000000001 1.1505420207977295
-0.010000000000000002 2.0791373252868652
-0.009000000000000001 3.438816547393799
-0.008 3.1807868480682373
-0.006999999999999999 4.7958903312683105
-0.006000000000000002 8.897502899169922
-0.005000000000000001 11.805314064025879
-0.004 11.502191543579102
-0.0030000000000000027 10.778772354125977
-0.0020000000000000018 9.593514442443848
-0.0010000000000000009 8.396246910095215
0.0 7.462698936462402
0.0010000000000000009 5.561060905456543
0.0019999999999999983 5.972930431365967
0.002999999999999999 8.743598937988281
0.004 7.414804935455322
0.0049999999999999975 10.738534927368164
0.005999999999999998 10.167622566223145
0.006999999999999999 8.305920600891113
0.008 3.052696704864502
0.009000000000000001 1.6173856258392334
0.010000000000000002 3.5025222301483154
0.011000000000000003 2.474605083465576
0.011999999999999997 0.29538872838020325
0.012999999999999998 0.8198216557502747
0.013999999999999999 1.332282543182373
0.015 0.6784635782241821
0.016 0.25245729088783264
0.017 0.24303168058395386
0.018000000000000002 0.0
0.018999999999999996 0.0
0.019999999999999997 0.0
0.020999999999999998 0.0
0.022 0.0
0.023 0.0
0.024 0.0
0.025 0.0
