-0.025 0.0
-0.024 0.0
-0.023 0.0
-0.022000000000000002 0.0
-0.021 0.0
-0.02 0.0
-0.019000000000000003 0.0
-0.018000000000000002 0.6767770051956177
-0.017 0.0
-0.016 0.7873228192329407
-0.015000000000000001 1.1143543720245361
-0.014000000000000002 2.117461681365967
-0.013000000000000001 3.269043207168579
-0.012 2.712693691253662
-0.011000000000000001 3.3748135566711426
-0.010000000000000002 6.205440998077393
-0.009000000000000001 7.9911346435546875
-0.008 7.411689281463623
-0.006999999999999999 7.923839092254639
-0.006000000000000002 7.379517555236816
-0.005000000000000001 7.013044834136963
-0.004 10.70427131652832
-0.0030000000000000027 14.406473159790039
-0.0020000000000000018 13.738534927368164
-0.0010000000000000009 10.363033294677734
0.0 9.754356384277344
0.0010000000000000009 7.252272605895996
0.0019999999999999983 9.934789657592773
0.002999999999999999 7.950262069702148
0.004 11.024086952209473
0.0049999999999999975 10.274551391601562
0.005999999999999998 10.60615348815918
0.006999999999999999 13.765448570251465
0.008 9.453964233398438
0.009000000000000001 6.377016067504883
0.010000000000000002 4.45711612701416
0.011000000000000003 1.8817095756530762
0.011999999999999997 0.11210720986127853
0.012999999999999998 0.30199262499809265
0.013999999999999999 1.0838255882263184
0.015 0.9099451899528503
0.016 0.3445153832435608
0.017 0.43647754192352295
0.018000000000000002 0.0
0.018999999999999996 0.0
0.019999999999999997 0.0
0.020999999999999998 0.0
0.022 0.0
0.023 0.0
0.024 0.0
0.025 0.0
