-0.025 0.0
-0.024 0.0
-0.023 0.0
-0.022000000000000002 0.0
-0.021 0.0
-0.02 0.0
-0.019000000000000003 0.0
-0.018000000000000002 0.0
-0.017 0.0
-0.016 0.5425192713737488
-0.015000000000000001 0.0
-0.014000000000000002 0.0
-0.013000000000000001 0.0
-0.012 0.0
-0.011000000000000001 1.2047673463821411
-0.010000000000000002 2.86167049407959
-0.009000000000000001 3.8421361446380615
-0.008 4.0932207107543945
-0.006999999999999999 4.467852592468262
-0.006000000000000002 9.213857650756836
-0.005000000000000001 10.864823341369629
-0.004 15.104673385620117
-0.0030000000000000027 16.750368118286133
-0.0020000000000000018 13.92819595336914
-0.0010000000000000009 17.484159469604492
0.0 14.049027442932129
0.0010000000000000009 10.273470878601074
0.0019999999999999983 11.20654296875
0.002999999999999999 8.590739250183105
0.004 9.400700569152832
0.0049999999999999975 7.790915012359619
0.005999999999999998 7.982898712158203
0.006999999999999999 5.889505386352539
0.008 2.640620470046997
0.009000000000000001 1.6232811212539673
0.010000000000000002 0.9700344800949097
0.011000000000000003 0.3407673239707947
0.011999999999999997 0.6529406905174255
0.012999999999999998 0.3750700354576111
0.013999999999999999 0.5327104926109314
0.015 0.14896465837955475
0.016 0.09064062684774399
0.017 0.5628631114959717
0.018000000000000002 0.0
0.018999999999999996 0.0
0.019999999999999997 0.0
0.020999999999999998 0.0
0.022 0.0
0.023 0.0
0.024 0.0
0.025 0.0
