-0.025 0.0
-0.024 0.0
-0.023 0.0
-0.022000000000000002 0.0
-0.021 0.0
-0.02 0.0
-0.019000000000000003 0.0
-0.018000000000000002 0.0
-0.017 0.0
-0.016 0.2750738859176636
-0.015000000000000001 0.0
-0.014000000000000002 0.0
-0.013000000000000001 0.0
-0.012 0.0
-0.011000000000000001 0.5940374732017517
-0.010000000000000002 1.8141624927520752
-0.009000000000000001 3.0177602767944336
-0.008 2.592052459716797
-0.006999999999999999 2.5566494464874268
-0.006000000000000002 4.308535099029541
-0.005000000000000001 6.797039985656738
-0.004 14.853852272033691
-0.0030000000000000027 20.028141021728516
-0.0020000000000000018 19.609508514404297
-0.0010000000000000009 23.9163875579834
0.0 19.90199089050293
0.0010000000000000009 14.746940612792969
0.0019999999999999983 15.480314254760742
0.002999999999999999 7.142908573150635
0.004 5.876883506774902
0.0049999999999999975 5.228838920593262
0.005999999999999998 4.113429069519043
0.006999999999999999 4.302482604980469
0.008 2.529886484146118
0.009000000000000001 2.0204315185546875
0.010000000000000002 0.4013412594795227
0.011000000000000003 0.5914188623428345
0.011999999999999997 0.5187671184539795
0.012999999999999998 0.4770399332046509
0.013999999999999999 0.9949253797531128
0.015 0.46081507205963135
0.016 0.10703711211681366
0.017 0.5514459013938904
0.018000000000000002 0.0
0.018999999999999996 0.0
0.019999999999999997 0.0
0.020999999999999998 0.0
0.022 0.0
0.023 0.0
0.024 0.0
0.025 0.0
