-0.025 0.0
-0.024 0.0
-0.023 0.0
-0.022000000000000002 0.0
-0.021 0.0
-0.02 0.0
-0.019000000000000003 0.0
-0.018000000000000002 0.0
-0.017 0.0
-0.016 0.0
-0.015000000000000001 0.0
-0.014000000000000002 0.0
-0.013000000000000001 0.0
-0.012 0.0
-0.011000000000000001 0.7648853659629822
-0.010000000000000002 1.7852816581726074
-0.009000000000000001 2.588313341140747
-0.008 5.383677005767822
-0.006999999999999999 7.187176704406738
-0.006000000000000002 11.976478576660156
-0.005000000000000001 14.094413757324219
-0.004 23.31041145324707
-0.0030000000000000027 23.954336166381836
-0.0020000000000000018 27.416629791259766
-0.0010000000000000009 24.659202575683594
0.0 21.313549041748047
0.0010000000000000009 12.262308120727539
0.0019999999999999983 11.550970077514648
0.002999999999999999 13.93916130065918
0.004 14.575462341308594
0.0049999999999999975 7.876623153686523
0.005999999999999998 10.079546928405762
0.006999999999999999 7.965841293334961
0.008 3.857402801513672
0.009000000000000001 2.5634894371032715
0.010000000000000002 3.835340976715088
0.011000000000000003 3.257564067840576
0.011999999999999997 2.0159308910369873
0.012999999999999998 2.920225143432617
0.013999999999999999 2.5016028881073
0.015 1.0745368003845215
0.016 0.4093146324157715
0.017 0.8568164706230164
0.018000000000000002 0.0
0.018999999999999996 0.0
0.019999999999999997 0.0
0.020999999999999998 0.0
0.022 0.0
0.023 0.0
0.024 0.0
0.025 0.0
