-0.025 0.0
-0.024 0.0
-0.023 0.0
-0.022000000000000002 0.0
-0.021 0.0
-0.02 0.0
-0.019000000000000003 0.0
-0.018000000000000002 0.20883721113204956
-0.017 0.0
-0.016 0.611890435218811
-0.015000000000000001 1.0849230289459229
-0.014000000000000002 1.8261744976043701
-0.013000000000000001 3.4440865516662598
-0.012 3.29762601852417
-0.011000000000000001 3.4955554008483887
-0.010000000000000002 6.5549163818359375
-0.009000000000000001 7.719155311584473
-0.008 7.781955718994141
-0.006999999999999999 9.10905933380127
-0.006000000000000002 8.311567306518555
-0.005000000000000001 7.31384801864624
-0.004 10.158775329589844
-0.0030000000000000027 13.906914710998535
-0.0020000000000000018 12.887022018432617
-0.0010000000000000009 9.941699028015137
0.0 9.970873832702637
0.0010000000000000009 6.668208122253418
0.0019999999999999983 9.265379905700684
0.002999999999999999 8.900156021118164
0.004 13.079193115234375
0.0049999999999999975 10.334383010864258
0.005999999999999998 11.469192504882812
0.006999999999999999 15.276098251342773
0.008 9.746121406555176
0.009000000000000001 4.440919876098633
0.010000000000000002 3.165299892425537
0.011000000000000003 1.8233355283737183
0.011999999999999997 0.11210720986127853
0.012999999999999998 0.30199262499809265
0.013999999999999999 1.0838255882263184
0.015 0.9099451899528503
0.016 0.3445153832435608
0.017 0.43647754192352295
0.018000000000000002 0.0
0.018999999999999996 0.0
0.019999999999999997 0.0
0.020999999999999998 0.0
0.022 0.0
0.023 0.0
0.024 0.0
0.025 0.0
