-0.025 0.0
-0.024 0.0
-0.023 0.0
-0.022000000000000002 0.0
-0.021 0.0
-0.02 0.0
-0.019000000000000003 0.0
-0.018000000000000002 0.7272380590438843
-0.017 0.0
-0.016 0.8637327551841736
-0.015000000000000001 1.1518893241882324
-0.014000000000000002 1.8670654296875
-0.013000000000000001 2.0827252864837646
-0.012 1.1728267669677734
-0.011000000000000001 1.330233097076416
-0.010000000000000002 2.176687717437744
-0.009000000000000001 2.463825225830078
-0.008 2.4546375274658203
-0.006999999999999999 2.2867586612701416
-0.006000000000000002 3.854224920272827
-0.005000000000000001 6.667219638824463
-0.004 18.153995513916016
-0.0030000000000000027 29.048145294189453
-0.0020000000000000018 27.390567779541016
-0.0010000000000000009 23.67281723022461
0.0 24.06875991821289
0.0010000000000000009 19.311115264892578
0.0019999999999999983 18.003686904907227
0.002999999999999999 6.693758964538574
0.004 9.33425235748291
0.0049999999999999975 9.697227478027344
0.005999999999999998 11.642060279846191
0.006999999999999999 11.406177520751953
0.008 6.442959308624268
0.009000000000000001 3.1425859928131104
0.010000000000000002 3.0821242332458496
0.011000000000000003 1.900297999382019
0.011999999999999997 0.6945029497146606
0.012999999999999998 0.34129390120506287
0.013999999999999999 0.9195209741592407
0.015 0.6966339349746704
0.016 0.42516064643859863
0.017 0.3765806257724762
0.018000000000000002 0.0
0.018999999999999996 0.0
0.019999999999999997 0.0
0.020999999999999998 0.0
0.022 0.0
0.023 0.0
0.024 0.0
0.025 0.0
