-0.025 0.0
-0.024 0.0
-0.023 0.0
-0.022000000000000002 0.0
-0.021 0.0
-0.02 0.0
-0.019000000000000003 0.0
-0.018000000000000002 0.0
-0.017 0.0
-0.016 0.0
-0.015000000000000001 0.0
-0.014000000000000002 0.0
-0.013000000000000001 0.0
-0.012 0.0
-0.011000000000000001 0.0
-0.010000000000000002 0.7655355334281921
-0.009000000000000001 2.488426685333252
-0.008 1.650100827217102
-0.006999999999999999 5.613994598388672
-0.006000000000000002 16.353918075561523
-0.005000000000000001 20.568262100219727
-0.004 25.523393630981445
-0.0030000000000000027 31.21681022644043
-0.0020000000000000018 24.504777908325195
-0.0010000000000000009 20.869050979614258
0.0 16.626646041870117
0.0010000000000000009 16.500843048095703
0.0019999999999999983 12.917160987854004
0.002999999999999999 11.811345100402832
0.004 10.294112205505371
0.0049999999999999975 7.150244235992432
0.005999999999999998 10.410728454589844
0.006999999999999999 11.899466514587402
0.008 8.465813636779785
0.009000000000000001 2.9720990657806396
0.010000000000000002 2.4008700847625732
0.011000000000000003 0.8290020227432251
0.011999999999999997 0.31684672832489014
0.012999999999999998 0.15443478524684906
0.013999999999999999 0.8643109202384949
0.015 1.2743613719940186
0.016 0.22589600086212158
0.017 0.40852081775665283
0.018000000000000002 0.0
0.018999999999999996 0.0
0.019999999999999997 0.0
0.020999999999999998 0.0
0.022 0.0
0.023 0.0
0.024 0.0
0.025 0.0
