-0.025 0.0
-0.024 0.0
-0.023 0.0
-0.022000000000000002 0.0
-0.021 0.0
-0.02 0.0
-0.019000000000000003 0.0
-0.018000000000000002 0.0
-0.017 0.0
-0.016 0.0
-0.015000000000000001 0.0
-0.014000000000000002 0.027840547263622284
-0.013000000000000001 0.0
-0.012 0.0
-0.011000000000000001 0.14584878087043762
-0.010000000000000002 0.9152237772941589
-0.009000000000000001 1.0808839797973633
-0.008 1.949190378189087
-0.006999999999999999 8.380892753601074
-0.006000000000000002 11.712489128112793
-0.005000000000000001 17.644062042236328
-0.004 17.42052459716797
-0.0030000000000000027 19.079500198364258
-0.0020000000000000018 19.88811683654785
-0.0010000000000000009 18.41839027404785
0.0 20.673696517944336
0.0010000000000000009 19.134292602539062
0.0019999999999999983 10.1505765914917
0.002999999999999999 12.101542472839355
0.004 11.672356605529785
0.0049999999999999975 5.381239891052246
0.005999999999999998 3.8310012817382812
0.006999999999999999 3.9704105854034424
0.008 5.270308494567871
0.009000000000000001 3.8323118686676025
0.010000000000000002 3.698298454284668
0.011000000000000003 2.8225884437561035
0.011999999999999997 1.2275123596191406
0.012999999999999998 1.1296559572219849
0.013999999999999999 1.4493598937988281
0.015 0.7147184610366821
0.016 0.7072553634643555
0.017 0.8547815680503845
0.018000000000000002 0.0
0.018999999999999996 0.0
0.019999999999999997 0.0
0.020999999999999998 0.0
0.022 0.0
0.023 0.0
0.024 0.0
0.025 0.0
