-0.025 0.0
-0.024 0.0
-0.023 0.0
-0.022000000000000002 0.0
-0.021 0.0
-0.02 0.0
-0.019000000000000003 0.0
-0.018000000000000002 0.0
-0.017 0.0
-0.016 0.0
-0.015000000000000001 0.0
-0.014000000000000002 0.0
-0.013000000000000001 0.0
-0.012 0.0
-0.011000000000000001 0.5663472414016724
-0.010000000000000002 1.308013916015625
-0.009000000000000001 1.1327972412109375
-0.008 0.612385630607605
-0.006999999999999999 0.8482998609542847
-0.006000000000000002 5.932892799377441
-0.005000000000000001 7.864248275756836
-0.004 13.037469863891602
-0.0030000000000000027 24.060766220092773
-0.0020000000000000018 25.582178115844727
-0.0010000000000000009 27.974456787109375
0.0 24.839111328125
0.0010000000000000009 15.815597534179688
0.0019999999999999983 18.389297485351562
0.002999999999999999 8.864429473876953
0.004 5.71444845199585
0.0049999999999999975 5.3737006187438965
0.005999999999999998 4.823398590087891
0.006999999999999999 3.7784998416900635
0.008 2.3082034587860107
0.009000000000000001 0.9757451415061951
0.010000000000000002 2.522580146789551
0.011000000000000003 1.0188302993774414
0.011999999999999997 0.5501123070716858
0.012999999999999998 0.635423481464386
0.013999999999999999 1.516610860824585
0.015 0.7827953100204468
0.016 0.2683505713939667
0.017 0.1706235706806183
0.018000000000000002 0.0
0.018999999999999996 0.0
0.019999999999999997 0.0
0.020999999999999998 0.0
0.022 0.0
0.023 0.0
0.024 0.0
0.025 0.0
