-0.025 0.0
-0.024 0.0
-0.023 0.0
-0.022000000000000002 0.0
-0.021 0.0
-0.02 0.0
-0.019000000000000003 0.0
-0.018000000000000002 0.0
-0.017 0.0
-0.016 0.1927504986524582
-0.015000000000000001 0.0
-0.014000000000000002 0.0
-0.013000000000000001 0.0
-0.012 0.005652579013258219
-0.011000000000000001 0.6404792070388794
-0.010000000000000002 1.1315100193023682
-0.009000000000000001 2.0170137882232666
-0.008 2.8441145420074463
-0.006999999999999999 2.9973645210266113
-0.006000000000000002 4.910763740539551
-0.005000000000000001 4.735896110534668
-0.004 8.582059860229492
-0.0030000000000000027 22.034574508666992
-0.0020000000000000018 19.582027435302734
-0.0010000000000000009 20.15796661376953
0.0 20.0814208984375
0.0010000000000000009 15.032205581665039
0.0019999999999999983 17.717330932617188
0.002999999999999999 7.078379154205322
0.004 4.236264228820801
0.0049999999999999975 5.250194072723389
0.005999999999999998 5.760077953338623
0.006999999999999999 4.709480285644531
0.008 1.6804344654083252
0.009000000000000001 1.5476371049880981
0.010000000000000002 1.8235468864440918
0.011000000000000003 1.4886618852615356
0.011999999999999997 0.33869338035583496
0.012999999999999998 0.5290220975875854
0.013999999999999999 0.2809377908706665
0.015 0.25949978828430176
0.016 0.03685449808835983
0.017 0.14098194241523743
0.018000000000000002 0.0
0.018999999999999996 0.0
0.019999999999999997 0.0
0.020999999999999998 0.0
0.022 0.0
0.023 0.0
0.024 0.0
0.025 0.0
