-0.025 0.0
-0.024 0.0
-0.023 0.0
-0.022000000000000002 0.0
-0.021 0.0
-0.02 0.0
-0.019000000000000003 0.0
-0.018000000000000002 0.0
-0.017 0.0
-0.016 0.18510445952415466
-0.015000000000000001 0.0
-0.014000000000000002 0.4783967137336731
-0.013000000000000001 1.8124642372131348
-0.012 1.901170015335083
-0.011000000000000001 2.836237668991089
-0.010000000000000002 2.3749818801879883
-0.009000000000000001 1.6513372659683228
-0.008 4.686722278594971
-0.006999999999999999 5.044421672821045
-0.006000000000000002 4.646650791168213
-0.005000000000000001 4.8159637451171875
-0.004 8.251548767089844
-0.0030000000000000027 22.754863739013672
-0.0020000000000000018 21.066312789916992
-0.0010000000000000009 16.77994728088379
0.0 15.656118392944336
0.0010000000000000009 8.320404052734375
0.0019999999999999983 20.040714263916016
0.002999999999999999 5.767290115356445
0.004 6.795543193817139
0.0049999999999999975 5.736121654510498
0.005999999999999998 2.833425998687744
0.006999999999999999 5.597517967224121
0.008 8.124622344970703
0.009000000000000001 5.509088516235352
0.010000000000000002 3.6782736778259277
0.011000000000000003 2.198910713195801
0.011999999999999997 1.6343828439712524
0.012999999999999998 0.23975469172000885
0.013999999999999999 1.3245823383331299
0.015 1.0698771476745605
0.016 0.4556165635585785
0.017 0.5685550570487976
0.018000000000000002 0.0
0.018999999999999996 0.0
0.019999999999999997 0.0
0.020999999999999998 0.0
0.022 0.0
0.023 0.0
0.024 0.0
0.025 0.0
