-0.025 0.0
-0.024 0.0
-0.023 0.0
-0.022000000000000002 0.0
-0.021 0.0
-0.02 0.0
-0.019000000000000003 0.0
-0.018000000000000002 0.0
-0.017 0.0
-0.016 0.638798713684082
-0.015000000000000001 2.1148228645324707
-0.014000000000000002 3.198806047439575
-0.013000000000000001 2.0965216159820557
-0.012 1.5274943113327026
-0.011000000000000001 3.126213788986206
-0.010000000000000002 5.048031330108643
-0.009000000000000001 4.739120960235596
-0.008 3.992100954055786
-0.006999999999999999 7.542384147644043
-0.006000000000000002 8.898587226867676
-0.005000000000000001 12.996721267700195
-0.004 15.927127838134766
-0.0030000000000000027 25.89153289794922
-0.0020000000000000018 22.682113647460938
-0.0010000000000000009 16.534032821655273
0.0 13.626259803771973
0.0010000000000000009 9.440230369567871
0.0019999999999999983 15.43612003326416
0.002999999999999999 4.011557102203369
0.004 6.1569061279296875
0.0049999999999999975 6.321360111236572
0.005999999999999998 5.7220916748046875
0.006999999999999999 6.183317184448242
0.008 5.1633830070495605
0.009000000000000001 5.304881572723389
0.010000000000000002 7.1740264892578125
0.011000000000000003 5.522132873535156
0.011999999999999997 5.527436256408691
0.012999999999999998 6.447012901306152
0.013999999999999999 6.253633499145508
0.015 3.082275867462158
0.016 0.596500039100647
0.017 0.44235092401504517
0.018000000000000002 0.0
0.018999999999999996 0.0
0.019999999999999997 0.0
0.020999999999999998 0.0
0.022 0.0
0.023 0.0
0.024 0.0
0.025 0.0
