-0.025 0.0
-0.024 0.0
-0.023 0.0
-0.022000000000000002 0.0
-0.021 0.0
-0.02 0.0
-0.019000000000000003 0.0
-0.018000000000000002 0.5365384817123413
-0.017 0.0
-0.016 0.6836907863616943
-0.015000000000000001 0.6152862906455994
-0.014000000000000002 0.9736660122871399
-0.013000000000000001 1.1065897941589355
-0.012 0.6682079434394836
-0.011000000000000001 0.9172763824462891
-0.010000000000000002 0.864180326461792
-0.009000000000000001 0.7613610029220581
-0.008 1.6134973764419556
-0.006999999999999999 2.2766220569610596
-0.006000000000000002 5.602310657501221
-0.005000000000000001 8.871431350708008
-0.004 18.856836318969727
-0.0030000000000000027 20.62554931640625
-0.0020000000000000018 21.713274002075195
-0.0010000000000000009 22.27446174621582
0.0 22.415321350097656
0.0010000000000000009 18.543315887451172
0.0019999999999999983 10.102821350097656
0.002999999999999999 9.10665512084961
0.004 8.370110511779785
0.0049999999999999975 10.02754020690918
0.005999999999999998 11.155056953430176
0.006999999999999999 6.9036149978637695
0.008 2.560225009918213
0.009000000000000001 1.169641137123108
0.010000000000000002 2.9025704860687256
0.011000000000000003 2.5756537914276123
0.011999999999999997 0.9238664507865906
0.012999999999999998 0.5383797883987427
0.013999999999999999 0.40493619441986084
0.015 0.29530566930770874
0.016 0.3967092037200928
0.017 0.3208557069301605
0.018000000000000002 0.0
0.018999999999999996 0.0
0.019999999999999997 0.0
0.020999999999999998 0.0
0.022 0.0
0.023 0.0
0.024 0.0
0.025 0.0
