-0.025 0.0
-0.024 0.0
-0.023 0.0
-0.022000000000000002 0.0
-0.021 0.0
-0.02 0.0
-0.019000000000000003 0.0
-0.018000000000000002 0.0
-0.017 0.0
-0.016 0.18922971189022064
-0.015000000000000001 0.0
-0.014000000000000002 0.0
-0.013000000000000001 0.0
-0.012 0.09358035027980804
-0.011000000000000001 0.5720174312591553
-0.010000000000000002 1.4852709770202637
-0.009000000000000001 1.5716869831085205
-0.008 1.5850763320922852
-0.006999999999999999 1.9605437517166138
-0.006000000000000002 4.351238250732422
-0.005000000000000001 6.72674036026001
-0.004 20.208251953125
-0.0030000000000000027 27.395551681518555
-0.0020000000000000018 26.439054489135742
-0.0010000000000000009 24.94137191772461
0.0 24.477128982543945
0.0010000000000000009 19.777372360229492
0.0019999999999999983 11.520779609680176
0.002999999999999999 5.269864082336426
0.004 5.779205322265625
0.0049999999999999975 4.353070259094238
0.005999999999999998 6.901706695556641
0.006999999999999999 5.7639312744140625
0.008 2.3974051475524902
0.009000000000000001 2.082327127456665
0.010000000000000002 1.9243003129959106
0.011000000000000003 1.0442427396774292
0.011999999999999997 1.1649903059005737
0.012999999999999998 1.2435197830200195
0.013999999999999999 0.5624266862869263
0.015 0.5278304815292358
0.016 0.2804355025291443
0.017 0.2586580514907837
0.018000000000000002 0.0
0.018999999999999996 0.0
0.019999999999999997 0.0
0.020999999999999998 0.0
0.022 0.0
0.023 0.0
0.024 0.0
0.025 0.0
