-0.025 0.0
-0.024 0.0
-0.023 0.0
-0.022000000000000002 0.0
-0.021 0.0
-0.02 0.0
-0.019000000000000003 0.0
-0.018000000000000002 0.0
-0.017 0.0
-0.016 0.12525984644889832
-0.015000000000000001 0.0
-0.014000000000000002 0.19272945821285248
-0.013000000000000001 0.0
-0.012 0.0
-0.011000000000000001 0.0
-0.010000000000000002 0.0
-0.009000000000000001 3.737546443939209
-0.008 11.914993286132812
-0.006999999999999999 12.06428050994873
-0.006000000000000002 7.040682792663574
-0.005000000000000001 10.578323364257812
-0.004 18.237056732177734
-0.0030000000000000027 21.848058700561523
-0.0020000000000000018 25.740772247314453
-0.0010000000000000009 26.031301498413086
0.0 25.233722686767578
0.0010000000000000009 19.204856872558594
0.0019999999999999983 9.509960174560547
0.002999999999999999 6.813966751098633
0.004 5.531219005584717
0.0049999999999999975 3.996273994445801
0.005999999999999998 5.8026275634765625
0.006999999999999999 5.533995151519775
0.008 4.7733283042907715
0.009000000000000001 4.384635925292969
0.010000000000000002 5.886491775512695
0.011000000000000003 2.4385313987731934
0.011999999999999997 1.5575135946273804
0.012999999999999998 1.3018765449523926
0.013999999999999999 1.2629296779632568
0.015 1.0258941650390625
0.016 0.34854888916015625
0.017 0.0
0.018000000000000002 0.0
0.018999999999999996 0.0
0.019999999999999997 0.0
0.020999999999999998 0.0
0.022 0.0
0.023 0.0
0.024 0.0
0.025 0.0
