-0.025 0.0
-0.024 0.0
-0.023 0.0
-0.022000000000000002 0.0
-0.021 0.0
-0.02 0.0
-0.019000000000000003 0.0
-0.018000000000000002 0.0
-0.017 0.0
-0.016 2.300818920135498
-0.015000000000000001 1.276879072189331
-0.014000000000000002 1.0291807651519775
-0.013000000000000001 2.4382143020629883
-0.012 1.7708810567855835
-0.011000000000000001 1.3284740447998047
-0.010000000000000002 4.456992149353027
-0.009000000000000001 7.712087154388428
-0.008 15.65124225616455
-0.006999999999999999 15.596641540527344
-0.006000000000000002 9.389077186584473
-0.005000000000000001 9.027932167053223
-0.004 15.430559158325195
-0.0030000000000000027 23.099924087524414
-0.0020000000000000018 23.2833309173584
-0.0010000000000000009 15.686180114746094
0.0 21.419818878173828
0.0010000000000000009 19.71636962890625
0.0019999999999999983 10.883548736572266
0.002999999999999999 6.5125908851623535
0.004 9.037964820861816
0.0049999999999999975 12.453838348388672
0.005999999999999998 17.72249412536621
0.006999999999999999 17.62748146057129
0.008 9.713778495788574
0.009000000000000001 4.559068202972412
0.010000000000000002 5.295738220214844
0.011000000000000003 2.4237780570983887
0.011999999999999997 1.957197904586792
0.012999999999999998 3.1135551929473877
0.013999999999999999 2.959017753601074
0.015 2.0718929767608643
0.016 0.8008142113685608
0.017 0.37894490361213684
0.018000000000000002 0.0
0.018999999999999996 0.0
0.019999999999999997 0.0
0.020999999999999998 0.0
0.022 0.0
0.023 0.0
0.024 0.0
0.025 0.0
