-0.025 0.0
-0.024 0.0
-0.023 0.0
-0.022000000000000002 0.0
-0.021 0.0
-0.02 0.0
-0.019000000000000003 0.0
-0.018000000000000002 0.0
-0.017 0.0
-0.016 0.0
-0.015000000000000001 0.0
-0.014000000000000002 0.0
-0.013000000000000001 0.0
-0.012 0.0
-0.011000000000000001 0.0
-0.010000000000000002 0.0
-0.009000000000000001 0.2903051972389221
-0.008 0.85835862159729
-0.006999999999999999 0.9115068316459656
-0.006000000000000002 0.805134654045105
-0.005000000000000001 0.8642377257347107
-0.004 1.5896013975143433
-0.0030000000000000027 15.01976203918457
-0.0020000000000000018 29.05292320251465
-0.0010000000000000009 34.87834167480469
0.0 27.73003387451172
0.0010000000000000009 21.035091400146484
0.0019999999999999983 20.012855529785156
0.002999999999999999 8.093465805053711
0.004 1.0820908546447754
0.0049999999999999975 1.50171959400177
0.005999999999999998 0.7976265549659729
0.006999999999999999 0.10115506500005722
0.008 0.5291430950164795
0.009000000000000001 0.6986741423606873
0.010000000000000002 0.21211129426956177
0.011000000000000003 0.13494864106178284
0.011999999999999997 0.33313965797424316
0.012999999999999998 0.26369431614875793
0.013999999999999999 0.29400283098220825
0.015 0.6646093130111694
0.016 0.06841903924942017
0.017 0.3458871841430664
0.018000000000000002 0.0
0.018999999999999996 0.0
0.019999999999999997 0.0
0.020999999999999998 0.0
0.022 0.0
0.023 0.0
0.024 0.0
0.025 0.0
