-0.025 0.0
-0.024 0.0
-0.023 0.0
-0.022000000000000002 0.0
-0.021 0.0
-0.02 0.0
-0.019000000000000003 0.0
-0.018000000000000002 0.0
-0.017 0.0
-0.016 0.0
-0.015000000000000001 0.0
-0.014000000000000002 0.0
-0.013000000000000001 0.0
-0.012 0.03162349760532379
-0.011000000000000001 0.6559136509895325
-0.010000000000000002 2.0623888969421387
-0.009000000000000001 4.225801467895508
-0.008 2.387220859527588
-0.006999999999999999 4.623772144317627
-0.006000000000000002 4.433262825012207
-0.005000000000000001 6.512510299682617
-0.004 14.480839729309082
-0.0030000000000000027 19.783306121826172
-0.0020000000000000018 20.143596649169922
-0.0010000000000000009 19.280094146728516
0.0 15.19788932800293
0.0010000000000000009 9.947036743164062
0.0019999999999999983 10.21728229522705
0.002999999999999999 3.8074750900268555
0.004 5.094913959503174
0.0049999999999999975 4.753015995025635
0.005999999999999998 2.9984610080718994
0.006999999999999999 2.0851263999938965
0.008 1.321852445602417
0.009000000000000001 0.7048062086105347
0.010000000000000002 1.968652606010437
0.011000000000000003 0.693248450756073
0.011999999999999997 0.1906874179840088
0.012999999999999998 0.0
0.013999999999999999 1.0511360168457031
0.015 1.2198060750961304
0.016 0.24358004331588745
0.017 0.6031173467636108
0.018000000000000002 0.0
0.018999999999999996 0.0
0.019999999999999997 0.0
0.020999999999999998 0.0
0.022 0.0
0.023 0.0
0.024 0.0
0.025 0.0
