-0.025 0.0
-0.024 0.0
-0.023 0.0
-0.022000000000000002 0.0
-0.021 0.0
-0.02 0.0
-0.019000000000000003 0.0
-0.018000000000000002 0.0
-0.017 0.0
-0.016 0.0
-0.015000000000000001 0.0
-0.014000000000000002 0.0
-0.013000000000000001 0.0
-0.012 0.0
-0.011000000000000001 0.0
-0.010000000000000002 0.027247825637459755
-0.009000000000000001 0.543897271156311
-0.008 1.0772480964660645
-0.006999999999999999 5.161051273345947
-0.006000000000000002 8.534123420715332
-0.005000000000000001 8.799928665161133
-0.004 10.856901168823242
-0.0030000000000000027 19.651382446289062
-0.0020000000000000018 21.628385543823242
-0.0010000000000000009 22.037338256835938
0.0 19.27330780029297
0.0010000000000000009 10.562627792358398
0.0019999999999999983 15.016881942749023
0.002999999999999999 8.489835739135742
0.004 8.787785530090332
0.0049999999999999975 4.438019752502441
0.005999999999999998 2.5470123291015625
0.006999999999999999 2.2789764404296875
0.008 3.552008628845215
0.009000000000000001 2.787900924682617
0.010000000000000002 0.961085855960846
0.011000000000000003 1.514482021331787
0.011999999999999997 1.5226527452468872
0.012999999999999998 1.0269323587417603
0.013999999999999999 1.0582404136657715
0.015 1.015442132949829
0.016 0.642310619354248
0.017 0.35680848360061646
0.018000000000000002 0.0
0.018999999999999996 0.0
0.019999999999999997 0.0
0.020999999999999998 0.0
0.022 0.0
0.023 0.0
0.024 0.0
0.025 0.0
