-0.025 0.0
-0.024 0.0
-0.023 0.0
-0.022000000000000002 0.0
-0.021 0.0
-0.02 0.0
-0.019000000000000003 0.0
-0.018000000000000002 0.0
-0.017 0.0
-0.016 0.0
-0.015000000000000001 0.0
-0.014000000000000002 0.0
-0.013000000000000001 0.0
-0.012 0.0
-0.011000000000000001 0.0563788115978241
-0.010000000000000002 1.5309107303619385
-0.009000000000000001 2.8270370960235596
-0.008 2.6911253929138184
-0.006999999999999999 8.797043800354004
-0.006000000000000002 19.087385177612305
-0.005000000000000001 24.77777099609375
-0.004 27.14965057373047
-0.0030000000000000027 29.57950782775879
-0.0020000000000000018 23.87554931640625
-0.0010000000000000009 18.48814582824707
0.0 16.06968116760254
0.0010000000000000009 17.075416564941406
0.0019999999999999983 4.7473883628845215
0.002999999999999999 7.8396406173706055
0.004 8.222949981689453
0.0049999999999999975 7.345056056976318
0.005999999999999998 12.197917938232422
0.006999999999999999 15.844442367553711
0.008 9.641778945922852
0.009000000000000001 4.124685287475586
0.010000000000000002 4.180853366851807
0.011000000000000003 0.6874345541000366
0.011999999999999997 0.4289539158344269
0.012999999999999998 0.3019925057888031
0.013999999999999999 1.0838255882263184
0.015 0.9099451899528503
0.016 0.3445153832435608
0.017 0.4364776313304901
0.018000000000000002 0.0
0.018999999999999996 0.0
0.019999999999999997 0.0
0.020999999999999998 0.0
0.022 0.0
0.023 0.0
0.024 0.0
0.025 0.0
