-0.025 0.0
-0.024 0.0
-0.023 0.0
-0.022000000000000002 0.0
-0.021 0.0
-0.02 0.0
-0.019000000000000003 0.0
-0.018000000000000002 0.0
-0.017 0.0
-0.016 0.06328919529914856
-0.015000000000000001 0.34476175904273987
-0.014000000000000002 0.4948028326034546
-0.013000000000000001 0.5328406095504761
-0.012 0.18347877264022827
-0.011000000000000001 0.5323144793510437
-0.010000000000000002 2.1247315406799316
-0.009000000000000001 3.6357028484344482
-0.008 2.189661979675293
-0.006999999999999999 3.5078349113464355
-0.006000000000000002 7.237441062927246
-0.005000000000000001 12.1362943649292
-0.004 19.890460968017578
-0.0030000000000000027 27.408279418945312
-0.0020000000000000018 26.2883358001709
-0.0010000000000000009 17.63283348083496
0.0 14.888457298278809
0.0010000000000000009 11.59645938873291
0.0019999999999999983 10.090917587280273
0.002999999999999999 6.479354381561279
0.004 6.701738357543945
0.0049999999999999975 7.985385894775391
0.005999999999999998 8.782299041748047
0.006999999999999999 7.444206714630127
0.008 4.375154972076416
0.009000000000000001 1.6999595165252686
0.010000000000000002 1.8266675472259521
0.011000000000000003 1.8038523197174072
0.011999999999999997 1.3910542726516724
0.012999999999999998 1.3587727546691895
0.013999999999999999 1.8606836795806885
0.015 1.649117112159729
0.016 0.4530603289604187
0.017 0.4024292826652527
0.018000000000000002 0.0
0.018999999999999996 0.0
0.019999999999999997 0.0
0.020999999999999998 0.0
0.022 0.0
0.023 0.0
0.024 0.0
0.025 0.0
