-0.025 0.0
-0.024 0.0
-0.023 0.0
-0.022000000000000002 0.0
-0.021 0.0
-0.02 0.0
-0.019000000000000003 0.0
-0.018000000000000002 0.0
-0.017 0.0
-0.016 0.0
-0.015000000000000001 0.26334911584854126
-0.014000000000000002 0.0
-0.013000000000000001 0.007083367556333542
-0.012 0.0
-0.011000000000000001 0.0563788115978241
-0.010000000000000002 1.5309107303619385
-0.009000000000000001 2.8293187618255615
-0.008 2.3415582180023193
-0.006999999999999999 8.389740943908691
-0.006000000000000002 13.420076370239258
-0.005000000000000001 18.522523880004883
-0.004 23.34867286682129
-0.0030000000000000027 24.29176902770996
-0.0020000000000000018 27.7614803314209
-0.0010000000000000009 20.511127471923828
0.0 16.80028533935547
0.0010000000000000009 12.82575798034668
0.0019999999999999983 9.69833755493164
0.002999999999999999 10.619644165039062
0.004 8.592382431030273
0.0049999999999999975 7.029115200042725
0.005999999999999998 10.665433883666992
0.006999999999999999 9.622697830200195
0.008 3.4667513370513916
0.009000000000000001 1.7041807174682617
0.010000000000000002 3.598998546600342
0.011000000000000003 1.277267575263977
0.011999999999999997 0.21455179154872894
0.012999999999999998 1.0618672370910645
0.013999999999999999 4.970441818237305
0.015 2.3836467266082764
0.016 0.9686338901519775
0.017 0.4364776313304901
0.018000000000000002 0.0
0.018999999999999996 0.0
0.019999999999999997 0.0
0.020999999999999998 0.0
0.022 0.0
0.023 0.0
0.024 0.0
0.025 0.0
