-0.025 0.0
-0.024 0.0
-0.023 0.0
-0.022000000000000002 0.0
-0.021 0.0
-0.02 0.0
-0.019000000000000003 0.0
-0.018000000000000002 0.0
-0.017 0.0
-0.016 0.0
-0.015000000000000001 0.0
-0.014000000000000002 1.6239186525344849
-0.013000000000000001 2.5151002407073975
-0.012 0.4923243522644043
-0.011000000000000001 4.010341167449951
-0.010000000000000002 4.5369343757629395
-0.009000000000000001 5.908383846282959
-0.008 4.672679901123047
-0.006999999999999999 7.5572357177734375
-0.006000000000000002 4.916013717651367
-0.005000000000000001 8.938084602355957
-0.004 22.40161895751953
-0.0030000000000000027 27.366851806640625
-0.0020000000000000018 25.52422332763672
-0.0010000000000000009 29.028881072998047
0.0 30.6958065032959
0.0010000000000000009 17.102373123168945
0.0019999999999999983 9.375935554504395
0.002999999999999999 4.188309669494629
0.004 2.542126417160034
0.0049999999999999975 3.6104512214660645
0.005999999999999998 4.152451992034912
0.006999999999999999 1.5963139533996582
0.008 1.303613305091858
0.009000000000000001 3.159064769744873
0.010000000000000002 4.3178277015686035
0.011000000000000003 2.7696151733398438
0.011999999999999997 3.6106600761413574
0.012999999999999998 0.5786100029945374
0.013999999999999999 7.872845649719238
0.015 4.290421485900879
0.016 4.5653204917907715
0.017 0.4971309304237366
0.018000000000000002 0.0
0.018999999999999996 0.0
0.019999999999999997 0.0
0.020999999999999998 0.0
0.022 0.0
0.023 0.0
0.024 0.0
0.025 0.0
