-0.025 0.0
-0.024 0.0
-0.023 0.0
-0.022000000000000002 0.0
-0.021 0.0
-0.02 0.0
-0.019000000000000003 0.0
-0.018000000000000002 0.31230437755584717
-0.017 0.0
-0.016 0.6602092981338501
-0.015000000000000001 0.9997665286064148
-0.014000000000000002 2.575045347213745
-0.013000000000000001 2.1718852519989014
-0.012 1.4960832595825195
-0.011000000000000001 4.430988788604736
-0.010000000000000002 5.74568510055542
-0.009000000000000001 6.9555344581604
-0.008 5.918353080749512
-0.006999999999999999 9.096004486083984
-0.006000000000000002 11.501754760742188
-0.005000000000000001 18.464719772338867
-0.004 24.8095703125
-0.0030000000000000027 24.63884735107422
-0.0020000000000000018 20.1837158203125
-0.0010000000000000009 20.59359359741211
0.0 22.971294403076172
0.0010000000000000009 15.994012832641602
0.0019999999999999983 13.236997604370117
0.002999999999999999 10.078485488891602
0.004 10.173412322998047
0.0049999999999999975 11.95275592803955
0.005999999999999998 12.695119857788086
0.006999999999999999 11.586862564086914
0.008 6.6564788818359375
0.009000000000000001 4.168471813201904
0.010000000000000002 6.006993770599365
0.011000000000000003 3.133620023727417
0.011999999999999997 2.234797954559326
0.012999999999999998 3.901103973388672
0.013999999999999999 6.448216915130615
0.015 3.450310468673706
0.016 1.531282901763916
0.017 0.2482333481311798
0.018000000000000002 0.0
0.018999999999999996 0.0
0.019999999999999997 0.0
0.020999999999999998 0.0
0.022 0.0
0.023 0.0
0.024 0.0
0.025 0.0
