-0.025 0.0
-0.024 0.0
-0.023 0.0
-0.022000000000000002 0.0
-0.021 0.0
-0.02 0.0
-0.019000000000000003 0.0
-0.018000000000000002 0.0
-0.017 0.0
-0.016 0.0
-0.015000000000000001 0.0
-0.014000000000000002 0.0
-0.013000000000000001 0.0
-0.012 0.0
-0.011000000000000001 0.1611248254776001
-0.010000000000000002 0.6129574179649353
-0.009000000000000001 0.8529508113861084
-0.008 1.3727542161941528
-0.006999999999999999 6.555257320404053
-0.006000000000000002 11.78016471862793
-0.005000000000000001 13.089814186096191
-0.004 13.296578407287598
-0.0030000000000000027 12.653712272644043
-0.0020000000000000018 13.876145362854004
-0.0010000000000000009 16.416961669921875
0.0 15.29053020477295
0.0010000000000000009 10.540270805358887
0.0019999999999999983 8.039395332336426
0.002999999999999999 9.880575180053711
0.004 10.265844345092773
0.0049999999999999975 5.171393394470215
0.005999999999999998 2.364874839782715
0.006999999999999999 2.0480620861053467
0.008 1.3980491161346436
0.009000000000000001 2.6745855808258057
0.010000000000000002 0.8109307289123535
0.011000000000000003 1.3525726795196533
0.011999999999999997 1.9177250862121582
0.012999999999999998 2.24068021774292
0.013999999999999999 1.8774352073669434
0.015 1.4654045104980469
0.016 1.050650715827942
0.017 0.8189548850059509
0.018000000000000002 0.0
0.018999999999999996 0.0
0.019999999999999997 0.0
0.020999999999999998 0.0
0.022 0.0
0.023 0.0
0.024 0.0
0.025 0.0
