-0.025 0.0
-0.024 0.0
-0.023 0.0
-0.022000000000000002 0.0
-0.021 0.0
-0.02 0.0
-0.019000000000000003 0.0
-0.018000000000000002 0.0
-0.017 0.0
-0.016 0.0
-0.015000000000000001 0.0
-0.014000000000000002 0.0
-0.013000000000000001 0.0
-0.012 0.0
-0.011000000000000001 0.0
-0.010000000000000002 0.0
-0.009000000000000001 0.0
-0.008 0.23296603560447693
-0.006999999999999999 2.4093382358551025
-0.006000000000000002 4.0975236892700195
-0.005000000000000001 7.130982398986816
-0.004 17.382038116455078
-0.0030000000000000027 36.040470123291016
-0.0020000000000000018 35.012840270996094
-0.0010000000000000009 27.21227264404297
0.0 25.24150848388672
0.0010000000000000009 17.44296646118164
0.0019999999999999983 16.76626968383789
0.002999999999999999 1.3704144954681396
0.004 1.9695167541503906
0.0049999999999999975 1.6523723602294922
0.005999999999999998 3.808405637741089
0.006999999999999999 4.61061429977417
0.008 2.3514797687530518
0.009000000000000001 4.460422515869141
0.010000000000000002 4.689199924468994
0.011000000000000003 4.649677753448486
0.011999999999999997 3.2580347061157227
0.012999999999999998 0.7696657180786133
0.013999999999999999 1.4585270881652832
0.015 0.11222638189792633
0.016 0.6093931794166565
0.017 0.3040107488632202
0.018000000000000002 0.0
0.018999999999999996 0.0
0.019999999999999997 0.0
0.020999999999999998 0.0
0.022 0.0
0.023 0.0
0.024 0.0
0.025 0.0
