-0.025 0.0
-0.024 0.0
-0.023 0.0
-0.022000000000000002 0.0
-0.021 0.0
-0.02 0.0
-0.019000000000000003 0.0
-0.018000000000000002 0.0
-0.017 0.0
-0.016 0.0
-0.015000000000000001 0.0
-0.014000000000000002 0.0
-0.013000000000000001 0.0
-0.012 0.0
-0.011000000000000001 0.0912630707025528
-0.010000000000000002 1.7932887077331543
-0.009000000000000001 3.212999105453491
-0.008 3.0755372047424316
-0.006999999999999999 3.6353495121002197
-0.006000000000000002 2.5027236938476562
-0.005000000000000001 4.241067886352539
-0.004 14.888811111450195
-0.0030000000000000027 28.95842933654785
-0.0020000000000000018 41.50210952758789
-0.0010000000000000009 46.27579116821289
0.0 39.40591812133789
0.0010000000000000009 28.72846221923828
0.0019999999999999983 16.94884490966797
0.002999999999999999 3.3016390800476074
0.004 3.788341522216797
0.0049999999999999975 3.091146230697632
0.005999999999999998 1.6489136219024658
0.006999999999999999 1.5369044542312622
0.008 1.5589791536331177
0.009000000000000001 1.639751672744751
0.010000000000000002 1.2448534965515137
0.011000000000000003 1.2300684452056885
0.011999999999999997 1.273796796798706
0.012999999999999998 1.3044419288635254
0.013999999999999999 2.26431941986084
0.015 1.6219148635864258
0.016 0.7123578786849976
0.017 2.479767084121704
0.018000000000000002 0.0
0.018999999999999996 0.0
0.019999999999999997 0.0
0.020999999999999998 0.0
0.022 0.0
0.023 0.0
0.024 0.0
0.025 0.0
