-0.025 0.0
-0.024 0.0
-0.023 0.0
-0.022000000000000002 0.0
-0.021 0.0
-0.02 0.0
-0.019000000000000003 0.0
-0.018000000000000002 0.0
-0.017 0.0
-0.016 0.767956018447876
-0.015000000000000001 2.1354637145996094
-0.014000000000000002 3.582902431488037
-0.013000000000000001 3.38967227935791
-0.012 3.1489319801330566
-0.011000000000000001 6.552660942077637
-0.010000000000000002 7.209805011749268
-0.009000000000000001 6.752932071685791
-0.008 6.8480224609375
-0.006999999999999999 10.281604766845703
-0.006000000000000002 13.985206604003906
-0.005000000000000001 18.839069366455078
-0.004 27.921279907226562
-0.0030000000000000027 27.026714324951172
-0.0020000000000000018 18.038148880004883
-0.0010000000000000009 14.36581039428711
0.0 16.549175262451172
0.0010000000000000009 9.927717208862305
0.0019999999999999983 12.70156478881836
0.002999999999999999 15.68980884552002
0.004 12.771005630493164
0.0049999999999999975 13.774532318115234
0.005999999999999998 16.078655242919922
0.006999999999999999 10.681059837341309
0.008 6.341315746307373
0.009000000000000001 4.1996307373046875
0.010000000000000002 5.254763603210449
0.011000000000000003 5.236615180969238
0.011999999999999997 4.492251396179199
0.012999999999999998 5.602758407592773
0.013999999999999999 7.666792869567871
0.015 3.453490972518921
0.016 1.5117595195770264
0.017 0.0
0.018000000000000002 0.0
0.018999999999999996 0.0
0.019999999999999997 0.0
0.020999999999999998 0.0
0.022 0.0
0.023 0.0
0.024 0.0
0.025 0.0
