-0.025 0.0
-0.024 0.0
-0.023 0.0
-0.022000000000000002 0.0
-0.021 0.0
-0.02 0.0
-0.019000000000000003 0.0
-0.018000000000000002 0.0
-0.017 0.0
-0.016 0.7926487922668457
-0.015000000000000001 1.9321938753128052
-0.014000000000000002 2.491837501525879
-0.013000000000000001 0.9924399256706238
-0.012 1.2488740682601929
-0.011000000000000001 2.088762044906616
-0.010000000000000002 2.8337106704711914
-0.009000000000000001 1.9190926551818848
-0.008 1.848855972290039
-0.006999999999999999 2.201955795288086
-0.006000000000000002 10.384923934936523
-0.005000000000000001 19.813854217529297
-0.004 23.920841217041016
-0.0030000000000000027 21.761554718017578
-0.0020000000000000018 20.082561492919922
-0.0010000000000000009 19.339338302612305
0.0 15.961984634399414
0.0010000000000000009 9.472384452819824
0.0019999999999999983 9.903486251831055
0.002999999999999999 11.998102188110352
0.004 7.747781276702881
0.0049999999999999975 10.503011703491211
0.005999999999999998 10.471854209899902
0.006999999999999999 6.0237298011779785
0.008 3.060063123703003
0.009000000000000001 2.279402732849121
0.010000000000000002 4.682055950164795
0.011000000000000003 2.834918260574341
0.011999999999999997 3.0375778675079346
0.012999999999999998 4.919328689575195
0.013999999999999999 4.498420715332031
0.015 2.4887640476226807
0.016 0.0
0.017 0.0
0.018000000000000002 0.0
0.018999999999999996 0.0
0.019999999999999997 0.0
0.020999999999999998 0.0
0.022 0.0
0.023 0.0
0.024 0.0
0.025 0.0
