-0.025 0.0
-0.024 0.0
-0.023 0.0
-0.022000000000000002 0.0
-0.021 0.0
-0.02 0.0
-0.019000000000000003 0.0
-0.018000000000000002 0.0
-0.017 0.0
-0.016 0.0
-0.015000000000000001 0.0
-0.014000000000000002 0.0
-0.013000000000000001 0.0
-0.012 0.0
-0.011000000000000001 0.0
-0.010000000000000002 0.7655355334281921
-0.009000000000000001 2.488426685333252
-0.008 1.9135974645614624
-0.006999999999999999 8.06924057006836
-0.006000000000000002 21.64858627319336
-0.005000000000000001 25.73898696899414
-0.004 29.05561065673828
-0.0030000000000000027 35.48698806762695
-0.0020000000000000018 27.254703521728516
-0.0010000000000000009 22.663665771484375
0.0 17.218997955322266
0.0010000000000000009 19.65278434753418
0.0019999999999999983 13.531490325927734
0.002999999999999999 12.900768280029297
0.004 11.774479866027832
0.0049999999999999975 7.483137607574463
0.005999999999999998 12.09218692779541
0.006999999999999999 15.411389350891113
0.008 11.689983367919922
0.009000000000000001 4.303593158721924
0.010000000000000002 3.8851122856140137
0.011000000000000003 0.9167935848236084
0.011999999999999997 0.47527018189430237
0.012999999999999998 0.15443478524684906
0.013999999999999999 0.8643109202384949
0.015 1.2743613719940186
0.016 0.22589600086212158
0.017 0.40852081775665283
0.018000000000000002 0.0
0.018999999999999996 0.0
0.019999999999999997 0.0
0.020999999999999998 0.0
0.022 0.0
0.023 0.0
0.024 0.0
0.025 0.0
