-0.025 0.0
-0.024 0.0
-0.023 0.0
-0.022000000000000002 0.0
-0.021 0.0
-0.02 0.0
-0.019000000000000003 0.0
-0.018000000000000002 0.0
-0.017 0.0
-0.016 0.0
-0.015000000000000001 0.0
-0.014000000000000002 0.0
-0.013000000000000001 0.0
-0.012 0.0
-0.011000000000000001 0.04868259280920029
-0.010000000000000002 1.1081366539001465
-0.009000000000000001 2.630655527114868
-0.008 1.449028730392456
-0.006999999999999999 2.479630470275879
-0.006000000000000002 2.522285223007202
-0.005000000000000001 2.1273627281188965
-0.004 10.560802459716797
-0.0030000000000000027 25.79701805114746
-0.0020000000000000018 25.38834571838379
-0.0010000000000000009 24.502544403076172
0.0 22.11598777770996
0.0010000000000000009 16.490758895874023
0.0019999999999999983 23.87572479248047
0.002999999999999999 8.081456184387207
0.004 1.581291913986206
0.0049999999999999975 0.8036259412765503
0.005999999999999998 1.0992060899734497
0.006999999999999999 2.041576623916626
0.008 0.5548181533813477
0.009000000000000001 0.5050207376480103
0.010000000000000002 1.7563856840133667
0.011000000000000003 0.5852177143096924
0.011999999999999997 0.13894812762737274
0.012999999999999998 0.15113839507102966
0.013999999999999999 2.471578598022461
0.015 1.1671996116638184
0.016 0.3121625483036041
0.017 0.4630601406097412
0.018000000000000002 0.0
0.018999999999999996 0.0
0.019999999999999997 0.0
0.020999999999999998 0.0
0.022 0.0
0.023 0.0
0.024 0.0
0.025 0.0
