-0.025 0.0
-0.024 0.0
-0.023 0.0
-0.022000000000000002 0.0
-0.021 0.0
-0.02 0.0
-0.019000000000000003 0.0
-0.018000000000000002 0.0
-0.017 0.0
-0.016 0.0
-0.015000000000000001 0.0
-0.014000000000000002 0.0
-0.013000000000000001 0.0
-0.012 0.0
-0.011000000000000001 0.06274573504924774
-0.010000000000000002 0.06506180018186569
-0.009000000000000001 0.0
-0.008 0.0
-0.006999999999999999 0.0
-0.006000000000000002 0.5430920124053955
-0.005000000000000001 7.3653998374938965
-0.004 26.939950942993164
-0.0030000000000000027 28.735618591308594
-0.0020000000000000018 27.211679458618164
-0.0010000000000000009 22.217485427856445
0.0 26.250076293945312
0.0010000000000000009 23.487056732177734
0.0019999999999999983 14.656023979187012
0.002999999999999999 3.60933780670166
0.004 5.761894226074219
0.0049999999999999975 3.4863898754119873
0.005999999999999998 3.2314372062683105
0.006999999999999999 2.7868881225585938
0.008 6.180414199829102
0.009000000000000001 5.838302135467529
0.010000000000000002 5.556786060333252
0.011000000000000003 4.3069281578063965
0.011999999999999997 9.306819915771484
0.012999999999999998 4.342384338378906
0.013999999999999999 2.685070514678955
0.015 1.133734941482544
0.016 0.4073074162006378
0.017 1.4935448169708252
0.018000000000000002 0.0
0.018999999999999996 0.0
0.019999999999999997 0.0
0.020999999999999998 0.0
0.022 0.0
0.023 0.0
0.024 0.0
0.025 0.0
