-0.025 0.0
-0.024 0.0
-0.023 0.0
-0.022000000000000002 0.0
-0.021 0.0
-0.02 0.0
-0.019000000000000003 0.0
-0.018000000000000002 0.0
-0.017 0.0
-0.016 0.0
-0.015000000000000001 0.0
-0.014000000000000002 0.20300818979740143
-0.013000000000000001 0.0
-0.012 0.0
-0.011000000000000001 0.887349009513855
-0.010000000000000002 1.4863630533218384
-0.009000000000000001 2.3460729122161865
-0.008 1.80483877658844
-0.006999999999999999 2.9665045738220215
-0.006000000000000002 7.756402492523193
-0.005000000000000001 21.06865882873535
-0.004 32.949462890625
-0.0030000000000000027 43.74615478515625
-0.0020000000000000018 35.16922378540039
-0.0010000000000000009 22.972564697265625
0.0 26.278505325317383
0.0010000000000000009 18.572357177734375
0.0019999999999999983 17.319276809692383
0.002999999999999999 12.368494033813477
0.004 6.886688709259033
0.0049999999999999975 4.278643608093262
0.005999999999999998 4.675700664520264
0.006999999999999999 3.027399778366089
0.008 4.158998966217041
0.009000000000000001 1.2067492008209229
0.010000000000000002 2.702033758163452
0.011000000000000003 1.4330401420593262
0.011999999999999997 2.17539119720459
0.012999999999999998 3.1110634803771973
0.013999999999999999 5.523794651031494
0.015 2.0135092735290527
0.016 1.2698909044265747
0.017 0.0
0.018000000000000002 0.0
0.018999999999999996 0.0
0.019999999999999997 0.0
0.020999999999999998 0.0
0.022 0.0
0.023 0.0
0.024 0.0
0.025 0.0
