-0.025 0.0
-0.024 0.0
-0.023 0.0
-0.022000000000000002 0.0
-0.021 0.0
-0.02 0.0
-0.019000000000000003 0.0
-0.018000000000000002 0.0
-0.017 0.0
-0.016 0.0
-0.015000000000000001 0.0760456845164299
-0.014000000000000002 0.0
-0.013000000000000001 0.0
-0.012 0.0
-0.011000000000000001 0.1936468780040741
-0.010000000000000002 0.6336255073547363
-0.009000000000000001 0.8716918230056763
-0.008 2.864492893218994
-0.006999999999999999 9.477402687072754
-0.006000000000000002 14.499029159545898
-0.005000000000000001 19.745807647705078
-0.004 20.871335983276367
-0.0030000000000000027 18.51114273071289
-0.0020000000000000018 17.5626163482666
-0.0010000000000000009 20.917587280273438
0.0 22.526988983154297
0.0010000000000000009 24.716903686523438
0.0019999999999999983 16.197126388549805
0.002999999999999999 15.05912971496582
0.004 9.780220985412598
0.0049999999999999975 3.350566864013672
0.005999999999999998 3.213870048522949
0.006999999999999999 5.298146724700928
0.008 7.418702125549316
0.009000000000000001 5.171341896057129
0.010000000000000002 4.43876838684082
0.011000000000000003 3.492119312286377
0.011999999999999997 2.346550464630127
0.012999999999999998 1.7966842651367188
0.013999999999999999 1.0973131656646729
0.015 0.4217151999473572
0.016 0.2755538821220398
0.017 0.7459224462509155
0.018000000000000002 0.0
0.018999999999999996 0.0
0.019999999999999997 0.0
0.020999999999999998 0.0
0.022 0.0
0.023 0.0
0.024 0.0
0.025 0.0
