-0.025 0.0
-0.024 0.0
-0.023 0.0
-0.022000000000000002 0.0
-0.021 0.0
-0.02 0.0
-0.019000000000000003 0.0
-0.018000000000000002 1.4653874635696411
-0.017 0.0
-0.016 0.9243486523628235
-0.015000000000000001 2.82590389251709
-0.014000000000000002 0.0
-0.013000000000000001 2.135948896408081
-0.012 5.242949485778809
-0.011000000000000001 7.245004653930664
-0.010000000000000002 6.338493347167969
-0.009000000000000001 5.140784740447998
-0.008 8.125356674194336
-0.006999999999999999 7.587897300720215
-0.006000000000000002 7.206724166870117
-0.005000000000000001 9.319988250732422
-0.004 15.286514282226562
-0.0030000000000000027 25.752248764038086
-0.0020000000000000018 35.36880874633789
-0.0010000000000000009 34.80837631225586
0.0 28.724653244018555
0.0010000000000000009 18.70269775390625
0.0019999999999999983 17.971160888671875
0.002999999999999999 8.780696868896484
0.004 4.894946098327637
0.0049999999999999975 4.011389255523682
0.005999999999999998 9.124153137207031
0.006999999999999999 9.553487777709961
0.008 12.69996452331543
0.009000000000000001 10.884657859802246
0.010000000000000002 7.534666061401367
0.011000000000000003 6.446882247924805
0.011999999999999997 3.3776583671569824
0.012999999999999998 0.6883171796798706
0.013999999999999999 0.7655674815177917
0.015 0.5509728193283081
0.016 0.22255432605743408
0.017 0.5579466223716736
0.018000000000000002 0.0
0.018999999999999996 0.0
0.019999999999999997 0.0
0.020999999999999998 0.0
0.022 0.0
0.023 0.0
0.024 0.0
0.025 0.0
