-0.025 0.0
-0.024 0.0
-0.023 0.0
-0.022000000000000002 0.0
-0.021 0.0
-0.02 0.0
-0.019000000000000003 0.0
-0.018000000000000002 0.0
-0.017 0.0
-0.016 0.0
-0.015000000000000001 0.0
-0.014000000000000002 0.0
-0.013000000000000001 0.0
-0.012 0.0
-0.011000000000000001 0.19923441112041473
-0.010000000000000002 0.8662687540054321
-0.009000000000000001 1.1958715915679932
-0.008 1.1830329895019531
-0.006999999999999999 1.9017956256866455
-0.006000000000000002 5.318302154541016
-0.005000000000000001 13.870678901672363
-0.004 23.444786071777344
-0.0030000000000000027 22.498350143432617
-0.0020000000000000018 24.59175682067871
-0.0010000000000000009 23.834386825561523
0.0 22.16925048828125
0.0010000000000000009 12.778112411499023
0.0019999999999999983 4.885820388793945
0.002999999999999999 5.106143951416016
0.004 5.579744338989258
0.0049999999999999975 2.692249298095703
0.005999999999999998 4.6518096923828125
0.006999999999999999 4.848848342895508
0.008 2.841341972351074
0.009000000000000001 3.9136922359466553
0.010000000000000002 3.2573890686035156
0.011000000000000003 3.1625735759735107
0.011999999999999997 2.8122129440307617
0.012999999999999998 1.8788540363311768
0.013999999999999999 1.8686833381652832
0.015 0.7603650093078613
0.016 0.373790979385376
0.017 0.7601157426834106
0.018000000000000002 0.0
0.018999999999999996 0.0
0.019999999999999997 0.0
0.020999999999999998 0.0
0.022 0.0
0.023 0.0
0.024 0.0
0.025 0.0
