-0.025 0.0
-0.024 0.0
-0.023 0.0
-0.022000000000000002 0.0
-0.021 0.0
-0.02 0.0
-0.019000000000000003 0.0
-0.018000000000000002 0.0
-0.017 0.0
-0.016 0.0
-0.015000000000000001 0.0
-0.014000000000000002 0.0
-0.013000000000000001 0.0
-0.012 0.0
-0.011000000000000001 0.38287466764450073
-0.010000000000000002 2.2678463459014893
-0.009000000000000001 4.081637859344482
-0.008 6.76928186416626
-0.006999999999999999 6.625983238220215
-0.006000000000000002 5.53082275390625
-0.005000000000000001 8.248832702636719
-0.004 14.126704216003418
-0.0030000000000000027 13.960516929626465
-0.0020000000000000018 18.751296997070312
-0.0010000000000000009 16.65525245666504
0.0 13.686922073364258
0.0010000000000000009 9.22558307647705
0.0019999999999999983 5.3977837562561035
0.002999999999999999 2.5951666831970215
0.004 3.560889959335327
0.0049999999999999975 2.2348690032958984
0.005999999999999998 3.4379045963287354
0.006999999999999999 3.9663045406341553
0.008 4.749932765960693
0.009000000000000001 5.192381858825684
0.010000000000000002 6.567135334014893
0.011000000000000003 4.3384528160095215
0.011999999999999997 2.829584836959839
0.012999999999999998 1.2831664085388184
0.013999999999999999 1.6652295589447021
0.015 0.8714274168014526
0.016 0.3997410535812378
0.017 0.8871685266494751
0.018000000000000002 0.0
0.018999999999999996 0.0
0.019999999999999997 0.0
0.020999999999999998 0.0
0.022 0.0
0.023 0.0
0.024 0.0
0.025 0.0
