-0.025 0.0
-0.024 0.0
-0.023 0.0
-0.022000000000000002 0.0
-0.021 0.0
-0.02 0.0
-0.019000000000000003 0.0
-0.018000000000000002 0.0
-0.017 0.0
-0.016 0.0
-0.015000000000000001 0.05335964262485504
-0.014000000000000002 0.922062337398529
-0.013000000000000001 2.3291492462158203
-0.012 1.9154900312423706
-0.011000000000000001 2.204984426498413
-0.010000000000000002 2.3865981101989746
-0.009000000000000001 2.4575228691101074
-0.008 3.3573873043060303
-0.006999999999999999 6.325416088104248
-0.006000000000000002 10.762800216674805
-0.005000000000000001 12.954574584960938
-0.004 18.052242279052734
-0.0030000000000000027 19.193103790283203
-0.0020000000000000018 23.167776107788086
-0.0010000000000000009 23.676532745361328
0.0 23.082626342773438
0.0010000000000000009 22.143957138061523
0.0019999999999999983 13.024430274963379
0.002999999999999999 11.303949356079102
0.004 9.70207691192627
0.0049999999999999975 3.696126699447632
0.005999999999999998 7.617558479309082
0.006999999999999999 7.791774749755859
0.008 8.123305320739746
0.009000000000000001 4.709941864013672
0.010000000000000002 3.7902634143829346
0.011000000000000003 5.655978202819824
0.011999999999999997 2.127432346343994
0.012999999999999998 0.5157881379127502
0.013999999999999999 0.36707961559295654
0.015 0.22483961284160614
0.016 0.36230599880218506
0.017 0.193095862865448
0.018000000000000002 0.0
0.018999999999999996 0.0
0.019999999999999997 0.0
0.020999999999999998 0.0
0.022 0.0
0.023 0.0
0.024 0.0
0.025 0.0
