-0.025 0.0
-0.024 0.0
-0.023 0.0
-0.022000000000000002 0.0
-0.021 0.0
-0.02 0.0
-0.019000000000000003 0.0
-0.018000000000000002 0.0
-0.017 0.0
-0.016 0.7475477457046509
-0.015000000000000001 2.5836634635925293
-0.014000000000000002 2.4755959510803223
-0.013000000000000001 2.3270668983459473
-0.012 1.413343906402588
-0.011000000000000001 3.595189094543457
-0.010000000000000002 5.726144790649414
-0.009000000000000001 5.388394355773926
-0.008 4.396068572998047
-0.006999999999999999 8.219782829284668
-0.006000000000000002 10.890800476074219
-0.005000000000000001 16.534482955932617
-0.004 20.5819034576416
-0.0030000000000000027 23.978273391723633
-0.0020000000000000018 17.82953453063965
-0.0010000000000000009 11.895585060119629
0.0 10.482285499572754
0.0010000000000000009 8.876736640930176
0.0019999999999999983 14.439501762390137
0.002999999999999999 4.110006332397461
0.004 6.41135311126709
0.0049999999999999975 7.449090957641602
0.005999999999999998 6.267935276031494
0.006999999999999999 6.959409713745117
0.008 5.6897149085998535
0.009000000000000001 6.5545501708984375
0.010000000000000002 8.946752548217773
0.011000000000000003 6.259734630584717
0.011999999999999997 6.88916015625
0.012999999999999998 8.388134002685547
0.013999999999999999 6.981538772583008
0.015 2.5880794525146484
0.016 0.42875564098358154
0.017 0.44235092401504517
0.018000000000000002 0.0
0.018999999999999996 0.0
0.019999999999999997 0.0
0.020999999999999998 0.0
0.022 0.0
0.023 0.0
0.024 0.0
0.025 0.0
