-0.025 0.0
-0.024 0.0
-0.023 0.0
-0.022000000000000002 0.0
-0.021 0.0
-0.02 0.0
-0.019000000000000003 0.0
-0.018000000000000002 0.0
-0.017 0.0
-0.016 0.2631781995296478
-0.015000000000000001 0.05195830762386322
-0.014000000000000002 0.43403178453445435
-0.013000000000000001 0.0392962321639061
-0.012 0.0
-0.011000000000000001 0.2908914387226105
-0.010000000000000002 1.6683979034423828
-0.009000000000000001 3.4218716621398926
-0.008 3.6281323432922363
-0.006999999999999999 6.523465156555176
-0.006000000000000002 9.708854675292969
-0.005000000000000001 12.08359146118164
-0.004 15.99574089050293
-0.0030000000000000027 22.142642974853516
-0.0020000000000000018 21.003435134887695
-0.0010000000000000009 14.62169075012207
0.0 12.395445823669434
0.0010000000000000009 9.017486572265625
0.0019999999999999983 7.92215633392334
0.002999999999999999 8.540281295776367
0.004 6.77230167388916
0.0049999999999999975 5.643974781036377
0.005999999999999998 7.687835693359375
0.006999999999999999 5.459178447723389
0.008 5.270935535430908
0.009000000000000001 4.79830265045166
0.010000000000000002 4.367585182189941
0.011000000000000003 2.4167802333831787
0.011999999999999997 0.7310312986373901
0.012999999999999998 0.5472044348716736
0.013999999999999999 1.6175700426101685
0.015 1.8961074352264404
0.016 0.48238086700439453
0.017 0.4657949209213257
0.018000000000000002 0.0
0.018999999999999996 0.0
0.019999999999999997 0.0
0.020999999999999998 0.0
0.022 0.0
0.023 0.0
0.024 0.0
0.025 0.0
