-0.025 0.0
-0.024 0.0
-0.023 0.0
-0.022000000000000002 0.0
-0.021 0.0
-0.02 0.0
-0.019000000000000003 0.0
-0.018000000000000002 0.0
-0.017 0.0
-0.016 0.7419520020484924
-0.015000000000000001 2.0982258319854736
-0.014000000000000002 3.3900091648101807
-0.013000000000000001 4.736157417297363
-0.012 4.363519668579102
-0.011000000000000001 5.865046501159668
-0.010000000000000002 6.7422261238098145
-0.009000000000000001 6.361595630645752
-0.008 6.553762435913086
-0.006999999999999999 8.926384925842285
-0.006000000000000002 9.815083503723145
-0.005000000000000001 13.076812744140625
-0.004 14.878629684448242
-0.0030000000000000027 17.09677505493164
-0.0020000000000000018 14.790752410888672
-0.0010000000000000009 11.685569763183594
0.0 9.929471015930176
0.0010000000000000009 7.212456226348877
0.0019999999999999983 10.524803161621094
0.002999999999999999 10.219429969787598
0.004 10.888481140136719
0.0049999999999999975 11.070768356323242
0.005999999999999998 13.30457592010498
0.006999999999999999 12.316948890686035
0.008 11.11264419555664
0.009000000000000001 5.658015727996826
0.010000000000000002 4.484255790710449
0.011000000000000003 3.79022479057312
0.011999999999999997 3.3445374965667725
0.012999999999999998 4.08933687210083
0.013999999999999999 4.0615739822387695
0.015 1.5549037456512451
0.016 0.4941459000110626
0.017 0.0
0.018000000000000002 0.0
0.018999999999999996 0.0
0.019999999999999997 0.0
0.020999999999999998 0.0
0.022 0.0
0.023 0.0
0.024 0.0
0.025 0.0
