-0.025 0.0
-0.024 0.0
-0.023 0.0
-0.022000000000000002 0.0
-0.021 0.0
-0.02 0.0
-0.019000000000000003 0.0
-0.018000000000000002 0.0
-0.017 0.0
-0.016 0.0
-0.015000000000000001 0.0
-0.014000000000000002 0.0
-0.013000000000000001 0.0
-0.012 0.0
-0.011000000000000001 0.0
-0.010000000000000002 0.0
-0.009000000000000001 0.0
-0.008 0.0
-0.006999999999999999 0.0
-0.006000000000000002 0.020655572414398193
-0.005000000000000001 1.1412020921707153
-0.004 6.366514205932617
-0.0030000000000000027 16.454683303833008
-0.0020000000000000018 34.72560501098633
-0.0010000000000000009 44.311973571777344
0.0 36.51264190673828
0.0010000000000000009 28.310331344604492
0.0019999999999999983 24.05939292907715
0.002999999999999999 15.023054122924805
0.004 1.225130319595337
0.0049999999999999975 0.4038730263710022
0.005999999999999998 1.2998636960983276
0.006999999999999999 0.46359965205192566
0.008 0.41050681471824646
0.009000000000000001 0.3239005208015442
0.010000000000000002 0.4153074622154236
0.011000000000000003 0.0
0.011999999999999997 0.7987879514694214
0.012999999999999998 0.33309656381607056
0.013999999999999999 0.6281290054321289
0.015 0.7588353753089905
0.016 0.3837175965309143
0.017 0.3927627205848694
0.018000000000000002 0.0
0.018999999999999996 0.0
0.019999999999999997 0.0
0.020999999999999998 0.0
0.022 0.0
0.023 0.0
0.024 0.0
0.025 0.0
