-0.025 0.0
-0.024 0.0
-0.023 0.0
-0.022000000000000002 0.0
-0.021 0.0
-0.02 0.0
-0.019000000000000003 0.0
-0.018000000000000002 0.0
-0.017 0.0
-0.016 0.0
-0.015000000000000001 0.0
-0.014000000000000002 0.0
-0.013000000000000001 0.0
-0.012 0.0
-0.011000000000000001 0.0
-0.010000000000000002 0.0
-0.009000000000000001 0.0
-0.008 0.1222226619720459
-0.006999999999999999 1.988531231880188
-0.006000000000000002 3.9941272735595703
-0.005000000000000001 4.578364372253418
-0.004 18.769182205200195
-0.0030000000000000027 24.615825653076172
-0.0020000000000000018 22.05913734436035
-0.0010000000000000009 16.85982894897461
0.0 17.30556869506836
0.0010000000000000009 13.152070999145508
0.0019999999999999983 9.483182907104492
0.002999999999999999 1.2756409645080566
0.004 2.6149628162384033
0.0049999999999999975 1.7737538814544678
0.005999999999999998 4.94822359085083
0.006999999999999999 2.8110861778259277
0.008 2.2242205142974854
0.009000000000000001 1.9832931756973267
0.010000000000000002 4.673069000244141
0.011000000000000003 3.4895384311676025
0.011999999999999997 4.355943202972412
0.012999999999999998 1.1608079671859741
0.013999999999999999 1.7314376831054688
0.015 1.8833577632904053
0.016 0.5357967615127563
0.017 0.769711971282959
0.018000000000000002 0.0
0.018999999999999996 0.0
0.019999999999999997 0.0
0.020999999999999998 0.0
0.022 0.0
0.023 0.0
0.024 0.0
0.025 0.0
