-0.025 0.0
-0.024 0.0
-0.023 0.0
-0.022000000000000002 0.0
-0.021 0.0
-0.02 0.0
-0.019000000000000003 0.0
-0.018000000000000002 0.0
-0.017 0.0
-0.016 1.7603119611740112
-0.015000000000000001 2.2880821228027344
-0.014000000000000002 0.0
-0.013000000000000001 2.6041598320007324
-0.012 6.446115493774414
-0.011000000000000001 9.430868148803711
-0.010000000000000002 5.744456768035889
-0.009000000000000001 1.1108348369598389
-0.008 2.034946918487549
-0.006999999999999999 0.554457426071167
-0.006000000000000002 3.942147731781006
-0.005000000000000001 2.77931547164917
-0.004 17.083694458007812
-0.0030000000000000027 30.597518920898438
-0.0020000000000000018 31.342761993408203
-0.0010000000000000009 32.900550842285156
0.0 29.381725311279297
0.0010000000000000009 19.66371726989746
0.0019999999999999983 20.878997802734375
0.002999999999999999 8.580463409423828
0.004 3.683352470397949
0.0049999999999999975 1.8789312839508057
0.005999999999999998 7.53692626953125
0.006999999999999999 6.9890947341918945
0.008 7.746528148651123
0.009000000000000001 5.264498710632324
0.010000000000000002 1.7646667957305908
0.011000000000000003 2.1888222694396973
0.011999999999999997 1.5744572877883911
0.012999999999999998 1.1334253549575806
0.013999999999999999 0.9716808795928955
0.015 0.6424161195755005
0.016 0.2088407427072525
0.017 0.18191327154636383
0.018000000000000002 0.0
0.018999999999999996 0.0
0.019999999999999997 0.0
0.020999999999999998 0.0
0.022 0.0
0.023 0.0
0.024 0.0
0.025 0.0
