-0.025 0.0
-0.024 0.0
-0.023 0.0
-0.022000000000000002 0.0
-0.021 0.0
-0.02 0.0
-0.019000000000000003 0.0
-0.018000000000000002 0.0
-0.017 0.0
-0.016 0.0
-0.015000000000000001 0.0974355936050415
-0.014000000000000002 1.039019227027893
-0.013000000000000001 1.2508127689361572
-0.012 0.49754762649536133
-0.011000000000000001 1.805544137954712
-0.010000000000000002 4.001415729522705
-0.009000000000000001 6.28410530090332
-0.008 3.951744794845581
-0.006999999999999999 7.349048614501953
-0.006000000000000002 15.404600143432617
-0.005000000000000001 24.39446258544922
-0.004 31.93720245361328
-0.0030000000000000027 31.64666175842285
-0.0020000000000000018 24.66136932373047
-0.0010000000000000009 20.232624053955078
0.0 17.4879207611084
0.0010000000000000009 11.497303009033203
0.0019999999999999983 11.59749698638916
0.002999999999999999 11.358686447143555
0.004 9.619253158569336
0.0049999999999999975 10.060795783996582
0.005999999999999998 12.059635162353516
0.006999999999999999 8.643235206604004
0.008 3.7406692504882812
0.009000000000000001 2.611506938934326
0.010000000000000002 3.5484278202056885
0.011000000000000003 1.9935581684112549
0.011999999999999997 2.167856216430664
0.012999999999999998 3.525076150894165
0.013999999999999999 7.537602424621582
0.015 5.08077335357666
0.016 1.9945712089538574
0.017 0.5010455250740051
0.018000000000000002 0.0
0.018999999999999996 0.0
0.019999999999999997 0.0
0.020999999999999998 0.0
0.022 0.0
0.023 0.0
0.024 0.0
0.025 0.0
