-0.025 0.0
-0.024 0.0
-0.023 0.0
-0.022000000000000002 0.0
-0.021 0.0
-0.02 0.0
-0.019000000000000003 0.0
-0.018000000000000002 0.0
-0.017 0.0
-0.016 0.06781560182571411
-0.015000000000000001 0.0
-0.014000000000000002 0.3191431164741516
-0.013000000000000001 0.5423691272735596
-0.012 0.3118314743041992
-0.011000000000000001 1.631456732749939
-0.010000000000000002 1.8557589054107666
-0.009000000000000001 4.1207475662231445
-0.008 2.20062518119812
-0.006999999999999999 2.859346866607666
-0.006000000000000002 6.187819004058838
-0.005000000000000001 10.2698974609375
-0.004 14.358600616455078
-0.0030000000000000027 19.80653953552246
-0.0020000000000000018 30.592947006225586
-0.0010000000000000009 35.0609245300293
0.0 28.001113891601562
0.0010000000000000009 24.656856536865234
0.0019999999999999983 18.979122161865234
0.002999999999999999 14.167695999145508
0.004 1.8761695623397827
0.0049999999999999975 1.6257081031799316
0.005999999999999998 3.903393268585205
0.006999999999999999 3.5974388122558594
0.008 3.233462333679199
0.009000000000000001 3.737471342086792
0.010000000000000002 6.796990394592285
0.011000000000000003 2.9692115783691406
0.011999999999999997 2.1012754440307617
0.012999999999999998 2.9506101608276367
0.013999999999999999 2.566279411315918
0.015 2.0890285968780518
0.016 0.455456405878067
0.017 0.33007726073265076
0.018000000000000002 0.0
0.018999999999999996 0.0
0.019999999999999997 0.0
0.020999999999999998 0.0
0.022 0.0
0.023 0.0
0.024 0.0
0.025 0.0
