-0.025 0.0
-0.024 0.0
-0.023 0.0
-0.022000000000000002 0.0
-0.021 0.0
-0.02 0.0
-0.019000000000000003 0.0
-0.018000000000000002 0.0
-0.017 0.0
-0.016 1.5877881050109863
-0.015000000000000001 0.14704956114292145
-0.014000000000000002 0.3276205062866211
-0.013000000000000001 2.371582508087158
-0.012 2.4030816555023193
-0.011000000000000001 2.9872970581054688
-0.010000000000000002 3.3337302207946777
-0.009000000000000001 4.0828142166137695
-0.008 8.991997718811035
-0.006999999999999999 9.515382766723633
-0.006000000000000002 6.2754974365234375
-0.005000000000000001 11.678378105163574
-0.004 16.221433639526367
-0.0030000000000000027 17.613784790039062
-0.0020000000000000018 19.249731063842773
-0.0010000000000000009 18.473167419433594
0.0 13.854557037353516
0.0010000000000000009 5.040525436401367
0.0019999999999999983 9.188151359558105
0.002999999999999999 5.876775741577148
0.004 9.594767570495605
0.0049999999999999975 9.129249572753906
0.005999999999999998 3.7951323986053467
0.006999999999999999 4.667766571044922
0.008 10.493138313293457
0.009000000000000001 8.53128433227539
0.010000000000000002 3.949679374694824
0.011000000000000003 2.422301769256592
0.011999999999999997 0.6604393720626831
0.012999999999999998 0.37329861521720886
0.013999999999999999 1.2250226736068726
0.015 1.1109241247177124
0.016 0.19911786913871765
0.017 0.28447622060775757
0.018000000000000002 0.0
0.018999999999999996 0.0
0.019999999999999997 0.0
0.020999999999999998 0.0
0.022 0.0
0.023 0.0
0.024 0.0
0.025 0.0
