-0.025 0.0
-0.024 0.0
-0.023 0.0
-0.022000000000000002 0.0
-0.021 0.0
-0.02 0.0
-0.019000000000000003 0.0
-0.018000000000000002 0.0
-0.017 0.0
-0.016 0.0
-0.015000000000000001 0.0
-0.014000000000000002 0.0
-0.013000000000000001 0.0
-0.012 0.0
-0.011000000000000001 0.0
-0.010000000000000002 0.0
-0.009000000000000001 0.7063588500022888
-0.008 0.9059000611305237
-0.006999999999999999 1.0863828659057617
-0.006000000000000002 4.613680839538574
-0.005000000000000001 8.84470272064209
-0.004 17.135028839111328
-0.0030000000000000027 28.854156494140625
-0.0020000000000000018 25.198955535888672
-0.0010000000000000009 18.12836456298828
0.0 15.905614852905273
0.0010000000000000009 10.914839744567871
0.0019999999999999983 15.054003715515137
0.002999999999999999 4.9079203605651855
0.004 5.870161056518555
0.0049999999999999975 7.537949085235596
0.005999999999999998 8.96126937866211
0.006999999999999999 6.239151477813721
0.008 4.070985794067383
0.009000000000000001 1.0150829553604126
0.010000000000000002 0.515619695186615
0.011000000000000003 0.5859732031822205
0.011999999999999997 0.2831776440143585
0.012999999999999998 0.31444793939590454
0.013999999999999999 0.4578494727611542
0.015 0.6006592512130737
0.016 0.24109876155853271
0.017 0.45623648166656494
0.018000000000000002 0.0
0.018999999999999996 0.0
0.019999999999999997 0.0
0.020999999999999998 0.0
0.022 0.0
0.023 0.0
0.024 0.0
0.025 0.0
