-0.025 0.0
-0.024 0.0
-0.023 0.0
-0.022000000000000002 0.0
-0.021 0.0
-0.02 0.0
-0.019000000000000003 0.0
-0.018000000000000002 0.0
-0.017 0.0
-0.016 0.0
-0.015000000000000001 0.0
-0.014000000000000002 0.0
-0.013000000000000001 0.0
-0.012 0.0
-0.011000000000000001 0.4368230104446411
-0.010000000000000002 0.9609370231628418
-0.009000000000000001 0.0
-0.008 0.0
-0.006999999999999999 2.2908942699432373
-0.006000000000000002 8.09316635131836
-0.005000000000000001 12.496042251586914
-0.004 28.427532196044922
-0.0030000000000000027 33.14252471923828
-0.0020000000000000018 35.16279220581055
-0.0010000000000000009 36.56110382080078
0.0 31.467761993408203
0.0010000000000000009 28.757869720458984
0.0019999999999999983 13.377809524536133
0.002999999999999999 3.14101505279541
0.004 5.65694522857666
0.0049999999999999975 7.31546688079834
0.005999999999999998 6.105932235717773
0.006999999999999999 4.364755630493164
0.008 15.327005386352539
0.009000000000000001 6.961464881896973
0.010000000000000002 3.772939443588257
0.011000000000000003 3.2702865600585938
0.011999999999999997 3.1289498805999756
0.012999999999999998 1.2406344413757324
0.013999999999999999 0.47011542320251465
0.015 0.443582683801651
0.016 0.3470986485481262
0.017 0.1619252860546112
0.018000000000000002 0.0
0.018999999999999996 0.0
0.019999999999999997 0.0
0.020999999999999998 0.0
0.022 0.0
0.023 0.0
0.024 0.0
0.025 0.0
