-0.025 0.0
-0.024 0.0
-0.023 0.0
-0.022000000000000002 0.0
-0.021 0.0
-0.02 0.0
-0.019000000000000003 0.0
-0.018000000000000002 0.059615351259708405
-0.017 0.0
-0.016 2.5882692337036133
-0.015000000000000001 2.875966787338257
-0.014000000000000002 2.5749330520629883
-0.013000000000000001 2.1204750537872314
-0.012 2.0759243965148926
-0.011000000000000001 0.7799350023269653
-0.010000000000000002 2.0044190883636475
-0.009000000000000001 3.457016944885254
-0.008 9.380266189575195
-0.006999999999999999 17.537195205688477
-0.006000000000000002 9.622085571289062
-0.005000000000000001 3.494354724884033
-0.004 10.456539154052734
-0.0030000000000000027 24.61728858947754
-0.0020000000000000018 30.826435089111328
-0.0010000000000000009 21.394641876220703
0.0 20.086496353149414
0.0010000000000000009 12.762345314025879
0.0019999999999999983 14.992544174194336
0.002999999999999999 8.167092323303223
0.004 7.182174205780029
0.0049999999999999975 8.6842622756958
0.005999999999999998 15.142511367797852
0.006999999999999999 11.316534042358398
0.008 7.988563537597656
0.009000000000000001 3.784656286239624
0.010000000000000002 5.447393894195557
0.011000000000000003 10.380590438842773
0.011999999999999997 3.4594695568084717
0.012999999999999998 2.997898817062378
0.013999999999999999 1.6308369636535645
0.015 1.5666956901550293
0.016 0.4863564372062683
0.017 0.20965424180030823
0.018000000000000002 0.0
0.018999999999999996 0.0
0.019999999999999997 0.0
0.020999999999999998 0.0
0.022 0.0
0.023 0.0
0.024 0.0
0.025 0.0
