-0.025 0.0
-0.024 0.0
-0.023 0.0
-0.022000000000000002 0.0
-0.021 0.0
-0.02 0.0
-0.019000000000000003 0.0
-0.018000000000000002 0.0
-0.017 0.0
-0.016 0.5078015327453613
-0.015000000000000001 1.2395151853561401
-0.014000000000000002 0.7488359212875366
-0.013000000000000001 1.5244978666305542
-0.012 0.6956512331962585
-0.011000000000000001 1.861055612564087
-0.010000000000000002 5.383002758026123
-0.009000000000000001 8.09988784790039
-0.008 5.783692359924316
-0.006999999999999999 13.372444152832031
-0.006000000000000002 14.980244636535645
-0.005000000000000001 28.849733352661133
-0.004 28.857057571411133
-0.0030000000000000027 24.416366577148438
-0.0020000000000000018 20.748592376708984
-0.0010000000000000009 15.781322479248047
0.0 14.974800109863281
0.0010000000000000009 11.307937622070312
0.0019999999999999983 9.492414474487305
0.002999999999999999 7.455732822418213
0.004 12.395451545715332
0.0049999999999999975 10.811108589172363
0.005999999999999998 8.290468215942383
0.006999999999999999 9.69691276550293
0.008 10.953171730041504
0.009000000000000001 12.043195724487305
0.010000000000000002 14.488800048828125
0.011000000000000003 6.196963310241699
0.011999999999999997 7.018927574157715
0.012999999999999998 5.043778419494629
0.013999999999999999 4.09951639175415
0.015 2.146235942840576
0.016 0.609883189201355
0.017 0.5346165895462036
0.018000000000000002 0.0
0.018999999999999996 0.0
0.019999999999999997 0.0
0.020999999999999998 0.0
0.022 0.0
0.023 0.0
0.024 0.0
0.025 0.0
