-0.025 0.0
-0.024 0.0
-0.023 0.0
-0.022000000000000002 0.0
-0.021 0.0
-0.02 0.0
-0.019000000000000003 0.0
-0.018000000000000002 0.0
-0.017 0.0
-0.016 0.0
-0.015000000000000001 0.0
-0.014000000000000002 0.0
-0.013000000000000001 0.23339121043682098
-0.012 0.5027271509170532
-0.011000000000000001 0.6823967099189758
-0.010000000000000002 1.7878626585006714
-0.009000000000000001 3.299281358718872
-0.008 1.9712278842926025
-0.006999999999999999 3.415905237197876
-0.006000000000000002 3.186282157897949
-0.005000000000000001 9.592068672180176
-0.004 23.549070358276367
-0.0030000000000000027 33.91733169555664
-0.0020000000000000018 29.865459442138672
-0.0010000000000000009 19.428863525390625
0.0 18.112762451171875
0.0010000000000000009 14.147283554077148
0.0019999999999999983 15.814868927001953
0.002999999999999999 3.748358964920044
0.004 6.505759239196777
0.0049999999999999975 8.046446800231934
0.005999999999999998 8.89221477508545
0.006999999999999999 10.988919258117676
0.008 11.34697437286377
0.009000000000000001 7.232356071472168
0.010000000000000002 2.234069585800171
0.011000000000000003 0.6188912987709045
0.011999999999999997 0.0
0.012999999999999998 0.15443478524684906
0.013999999999999999 0.8643109202384949
0.015 1.2743613719940186
0.016 0.22589600086212158
0.017 0.40852081775665283
0.018000000000000002 0.0
0.018999999999999996 0.0
0.019999999999999997 0.0
0.020999999999999998 0.0
0.022 0.0
0.023 0.0
0.024 0.0
0.025 0.0
