-0.025 0.0
-0.024 0.0
-0.023 0.0
-0.022000000000000002 0.0
-0.021 0.0
-0.02 0.0
-0.019000000000000003 0.0
-0.018000000000000002 0.008123834617435932
-0.017 0.0
-0.016 0.3332138657569885
-0.015000000000000001 0.3312923312187195
-0.014000000000000002 0.24906828999519348
-0.013000000000000001 0.0
-0.012 0.22230255603790283
-0.011000000000000001 0.8015316128730774
-0.010000000000000002 2.235107898712158
-0.009000000000000001 3.826904773712158
-0.008 4.5094380378723145
-0.006999999999999999 8.435325622558594
-0.006000000000000002 15.265036582946777
-0.005000000000000001 15.603222846984863
-0.004 16.897178649902344
-0.0030000000000000027 23.728273391723633
-0.0020000000000000018 24.25984001159668
-0.0010000000000000009 17.867063522338867
0.0 15.162903785705566
0.0010000000000000009 11.718695640563965
0.0019999999999999983 12.994854927062988
0.002999999999999999 11.732505798339844
0.004 12.398100852966309
0.0049999999999999975 12.408391952514648
0.005999999999999998 10.439891815185547
0.006999999999999999 4.373431205749512
0.008 3.189690589904785
0.009000000000000001 3.512540817260742
0.010000000000000002 4.3967604637146
0.011000000000000003 2.3318374156951904
0.011999999999999997 0.8472102284431458
0.012999999999999998 0.28232938051223755
0.013999999999999999 1.1654025316238403
0.015 1.0236104726791382
0.016 0.3663443922996521
0.017 0.4971308708190918
0.018000000000000002 0.0
0.018999999999999996 0.0
0.019999999999999997 0.0
0.020999999999999998 0.0
0.022 0.0
0.023 0.0
0.024 0.0
0.025 0.0
