-0.025 0.0
-0.024 0.0
-0.023 0.0
-0.022000000000000002 0.0
-0.021 0.0
-0.02 0.0
-0.019000000000000003 0.0
-0.018000000000000002 0.0
-0.017 0.0
-0.016 0.32975897192955017
-0.015000000000000001 1.2098040580749512
-0.014000000000000002 2.193345546722412
-0.013000000000000001 1.5230189561843872
-0.012 0.9027158617973328
-0.011000000000000001 1.7698338031768799
-0.010000000000000002 3.0152692794799805
-0.009000000000000001 3.182515859603882
-0.008 2.887502431869507
-0.006999999999999999 4.593176364898682
-0.006000000000000002 4.616261005401611
-0.005000000000000001 6.31381893157959
-0.004 11.230484962463379
-0.0030000000000000027 20.093791961669922
-0.0020000000000000018 18.091285705566406
-0.0010000000000000009 13.58093547821045
0.0 13.457754135131836
0.0010000000000000009 10.162189483642578
0.0019999999999999983 15.404830932617188
0.002999999999999999 3.2109534740448
0.004 4.243731498718262
0.0049999999999999975 4.419648170471191
0.005999999999999998 4.252538204193115
0.006999999999999999 4.10711145401001
0.008 2.752556085586548
0.009000000000000001 3.030757188796997
0.010000000000000002 4.6717448234558105
0.011000000000000003 3.8288705348968506
0.011999999999999997 3.5149965286254883
0.012999999999999998 3.6578993797302246
0.013999999999999999 3.3904924392700195
0.015 2.106938123703003
0.016 0.508076012134552
0.017 0.059321414679288864
0.018000000000000002 0.0
0.018999999999999996 0.0
0.019999999999999997 0.0
0.020999999999999998 0.0
0.022 0.0
0.023 0.0
0.024 0.0
0.025 0.0
