-0.025 0.0
-0.024 0.0
-0.023 0.0
-0.022000000000000002 0.0
-0.021 0.0
-0.02 0.0
-0.019000000000000003 0.0
-0.018000000000000002 0.0
-0.017 0.0
-0.016 0.0
-0.015000000000000001 0.0
-0.014000000000000002 0.0
-0.013000000000000001 0.0
-0.012 0.0
-0.011000000000000001 0.25242236256599426
-0.010000000000000002 1.2584182024002075
-0.009000000000000001 2.6149282455444336
-0.008 1.659680962562561
-0.006999999999999999 2.4964632987976074
-0.006000000000000002 4.709816932678223
-0.005000000000000001 12.616439819335938
-0.004 25.91237449645996
-0.0030000000000000027 27.60500717163086
-0.0020000000000000018 28.063087463378906
-0.0010000000000000009 26.372291564941406
0.0 24.382139205932617
0.0010000000000000009 20.221349716186523
0.0019999999999999983 10.380633354187012
0.002999999999999999 9.090843200683594
0.004 6.233917713165283
0.0049999999999999975 8.43478775024414
0.005999999999999998 9.982994079589844
0.006999999999999999 8.291421890258789
0.008 2.1880717277526855
0.009000000000000001 0.8839336037635803
0.010000000000000002 1.3922772407531738
0.011000000000000003 0.5438711643218994
0.011999999999999997 0.701926589012146
0.012999999999999998 1.3582013845443726
0.013999999999999999 1.7372187376022339
0.015 0.9737691879272461
0.016 0.649166464805603
0.017 0.5638875365257263
0.018000000000000002 0.0
0.018999999999999996 0.0
0.019999999999999997 0.0
0.020999999999999998 0.0
0.022 0.0
0.023 0.0
0.024 0.0
0.025 0.0
