-0.025 0.0
-0.024 0.0
-0.023 0.0
-0.022000000000000002 0.0
-0.021 0.0
-0.02 0.0
-0.019000000000000003 0.0
-0.018000000000000002 0.0
-0.017 0.0
-0.016 0.20816057920455933
-0.015000000000000001 0.8403565883636475
-0.014000000000000002 1.0129408836364746
-0.013000000000000001 0.8005457520484924
-0.012 0.5714736580848694
-0.011000000000000001 1.3225198984146118
-0.010000000000000002 2.027534008026123
-0.009000000000000001 2.159454822540283
-0.008 2.1268062591552734
-0.006999999999999999 2.4138386249542236
-0.006000000000000002 4.044999599456787
-0.005000000000000001 6.115728378295898
-0.004 10.415679931640625
-0.0030000000000000027 25.704025268554688
-0.0020000000000000018 26.835006713867188
-0.0010000000000000009 23.251571655273438
0.0 18.14470863342285
0.0010000000000000009 15.33561897277832
0.0019999999999999983 21.31167984008789
0.002999999999999999 4.574610233306885
0.004 3.2458879947662354
0.0049999999999999975 3.363086700439453
0.005999999999999998 2.5140433311462402
0.006999999999999999 2.5531399250030518
0.008 1.7893511056900024
0.009000000000000001 2.6688151359558105
0.010000000000000002 3.534665822982788
0.011000000000000003 2.6885123252868652
0.011999999999999997 2.585714340209961
0.012999999999999998 3.3878488540649414
0.013999999999999999 3.280940055847168
0.015 1.6772798299789429
0.016 0.5166378617286682
0.017 0.4199807047843933
0.018000000000000002 0.0
0.018999999999999996 0.0
0.019999999999999997 0.0
0.020999999999999998 0.0
0.022 0.0
0.023 0.0
0.024 0.0
0.025 0.0
