-0.025 0.0
-0.024 0.0
-0.023 0.0
-0.022000000000000002 0.0
-0.021 0.0
-0.02 0.0
-0.019000000000000003 0.0
-0.018000000000000002 0.0
-0.017 0.0
-0.016 1.146274209022522
-0.015000000000000001 0.4276779294013977
-0.014000000000000002 1.0475659370422363
-0.013000000000000001 0.8706701993942261
-0.012 0.5758991837501526
-0.011000000000000001 1.629737138748169
-0.010000000000000002 1.295351266860962
-0.009000000000000001 2.1513383388519287
-0.008 3.0309536457061768
-0.006999999999999999 2.2334866523742676
-0.006000000000000002 4.641185760498047
-0.005000000000000001 7.454032897949219
-0.004 13.276062965393066
-0.0030000000000000027 15.155534744262695
-0.0020000000000000018 12.657716751098633
-0.0010000000000000009 9.120048522949219
0.0 10.391805648803711
0.0010000000000000009 7.256788730621338
0.0019999999999999983 4.381832599639893
0.002999999999999999 2.2806921005249023
0.004 4.179189205169678
0.0049999999999999975 4.45042085647583
0.005999999999999998 5.799007892608643
0.006999999999999999 6.293397426605225
0.008 2.2723073959350586
0.009000000000000001 3.341871500015259
0.010000000000000002 4.517867565155029
0.011000000000000003 2.057889699935913
0.011999999999999997 3.7072415351867676
0.012999999999999998 3.822075843811035
0.013999999999999999 1.5830955505371094
0.015 0.9425119161605835
0.016 0.8575204610824585
0.017 0.4824870824813843
0.018000000000000002 0.0
0.018999999999999996 0.0
0.019999999999999997 0.0
0.020999999999999998 0.0
0.022 0.0
0.023 0.0
0.024 0.0
0.025 0.0
