-0.025 0.0
-0.024 0.0
-0.023 0.0
-0.022000000000000002 0.0
-0.021 0.0
-0.02 0.0
-0.019000000000000003 0.0
-0.018000000000000002 0.0
-0.017 0.0
-0.016 0.0
-0.015000000000000001 0.0
-0.014000000000000002 0.0
-0.013000000000000001 0.0
-0.012 0.0
-0.011000000000000001 0.0
-0.010000000000000002 0.24588347971439362
-0.009000000000000001 0.6601744294166565
-0.008 0.8497761487960815
-0.006999999999999999 1.9648890495300293
-0.006000000000000002 7.499421119689941
-0.005000000000000001 13.700480461120605
-0.004 17.476675033569336
-0.0030000000000000027 21.711406707763672
-0.0020000000000000018 20.428180694580078
-0.0010000000000000009 17.749916076660156
0.0 14.982104301452637
0.0010000000000000009 13.13791275024414
0.0019999999999999983 15.429083824157715
0.002999999999999999 10.723095893859863
0.004 7.66935920715332
0.0049999999999999975 10.092432975769043
0.005999999999999998 9.801702499389648
0.006999999999999999 5.9346699714660645
0.008 3.195303440093994
0.009000000000000001 1.4504226446151733
0.010000000000000002 1.821488380432129
0.011000000000000003 1.1321345567703247
0.011999999999999997 0.693811297416687
0.012999999999999998 0.9602130651473999
0.013999999999999999 0.896897554397583
0.015 0.6578919291496277
0.016 0.16861121356487274
0.017 0.1881924867630005
0.018000000000000002 0.0
0.018999999999999996 0.0
0.019999999999999997 0.0
0.020999999999999998 0.0
0.022 0.0
0.023 0.0
0.024 0.0
0.025 0.0
