-0.025 0.0
-0.024 0.0
-0.023 0.0
-0.022000000000000002 0.0
-0.021 0.0
-0.02 0.0
-0.019000000000000003 0.0
-0.018000000000000002 0.0
-0.017 0.0
-0.016 1.2753982543945312
-0.015000000000000001 1.2667988538742065
-0.014000000000000002 0.539980947971344
-0.013000000000000001 1.4760323762893677
-0.012 1.8215699195861816
-0.011000000000000001 0.45373618602752686
-0.010000000000000002 2.340371608734131
-0.009000000000000001 4.379005432128906
-0.008 3.554672956466675
-0.006999999999999999 7.683925151824951
-0.006000000000000002 9.849197387695312
-0.005000000000000001 11.920711517333984
-0.004 13.98021411895752
-0.0030000000000000027 20.7775936126709
-0.0020000000000000018 22.2012996673584
-0.0010000000000000009 17.927734375
0.0 15.624587059020996
0.0010000000000000009 10.407333374023438
0.0019999999999999983 9.137946128845215
0.002999999999999999 9.045602798461914
0.004 11.558466911315918
0.0049999999999999975 10.434773445129395
0.005999999999999998 14.099835395812988
0.006999999999999999 14.537927627563477
0.008 8.272183418273926
0.009000000000000001 1.1518305540084839
0.010000000000000002 0.9825682640075684
0.011000000000000003 0.520645022392273
0.011999999999999997 0.2085142284631729
0.012999999999999998 0.18376512825489044
0.013999999999999999 0.9432130455970764
0.015 1.0236104726791382
0.016 0.353213369846344
0.017 0.4971308708190918
0.018000000000000002 0.0
0.018999999999999996 0.0
0.019999999999999997 0.0
0.020999999999999998 0.0
0.022 0.0
0.023 0.0
0.024 0.0
0.025 0.0
