-0.025 0.0
-0.024 0.0
-0.023 0.0
-0.022000000000000002 0.0
-0.021 0.0
-0.02 0.0
-0.019000000000000003 0.0
-0.018000000000000002 0.0
-0.017 0.0
-0.016 0.0
-0.015000000000000001 0.0
-0.014000000000000002 0.0
-0.013000000000000001 0.0
-0.012 0.0
-0.011000000000000001 0.0
-0.010000000000000002 0.0
-0.009000000000000001 0.0
-0.008 0.0
-0.006999999999999999 0.11207657307386398
-0.006000000000000002 3.717454433441162
-0.005000000000000001 9.150485038757324
-0.004 17.98272705078125
-0.0030000000000000027 24.67413902282715
-0.0020000000000000018 21.909095764160156
-0.0010000000000000009 20.462081909179688
0.0 18.107934951782227
0.0010000000000000009 14.782365798950195
0.0019999999999999983 17.32602310180664
0.002999999999999999 7.190616130828857
0.004 4.859642505645752
0.0049999999999999975 6.902032852172852
0.005999999999999998 8.076501846313477
0.006999999999999999 6.753369331359863
0.008 3.4245057106018066
0.009000000000000001 0.9728260636329651
0.010000000000000002 1.1306278705596924
0.011000000000000003 0.7065287828445435
0.011999999999999997 0.6613897085189819
0.012999999999999998 0.32829347252845764
0.013999999999999999 1.2222437858581543
0.015 1.4768706560134888
0.016 0.19031310081481934
0.017 0.18318691849708557
0.018000000000000002 0.0
0.018999999999999996 0.0
0.019999999999999997 0.0
0.020999999999999998 0.0
0.022 0.0
0.023 0.0
0.024 0.0
0.025 0.0
