-0.025 0.0
-0.024 0.0
-0.023 0.0
-0.022000000000000002 0.0
-0.021 0.0
-0.02 0.0
-0.019000000000000003 0.0
-0.018000000000000002 0.0
-0.017 0.0
-0.016 0.0
-0.015000000000000001 0.0
-0.014000000000000002 0.0
-0.013000000000000001 0.0
-0.012 0.0
-0.011000000000000001 0.08345626294612885
-0.010000000000000002 0.07295594364404678
-0.009000000000000001 0.0
-0.008 0.2840878963470459
-0.006999999999999999 1.450275182723999
-0.006000000000000002 4.9857587814331055
-0.005000000000000001 7.466732025146484
-0.004 16.68096160888672
-0.0030000000000000027 24.42658042907715
-0.0020000000000000018 24.1174373626709
-0.0010000000000000009 26.46853256225586
0.0 23.259933471679688
0.0010000000000000009 14.947872161865234
0.0019999999999999983 11.464516639709473
0.002999999999999999 4.3675336837768555
0.004 3.4488463401794434
0.0049999999999999975 1.6342980861663818
0.005999999999999998 2.6784818172454834
0.006999999999999999 1.788260817527771
0.008 1.6594138145446777
0.009000000000000001 1.073678731918335
0.010000000000000002 4.1969194412231445
0.011000000000000003 2.82694673538208
0.011999999999999997 4.213983535766602
0.012999999999999998 3.0647997856140137
0.013999999999999999 1.725170612335205
0.015 0.7254495024681091
0.016 0.12022580951452255
0.017 0.16425925493240356
0.018000000000000002 0.0
0.018999999999999996 0.0
0.019999999999999997 0.0
0.020999999999999998 0.0
0.022 0.0
0.023 0.0
0.024 0.0
0.025 0.0
