-0.025 0.0
-0.024 0.0
-0.023 0.0
-0.022000000000000002 0.0
-0.021 0.0
-0.02 0.0
-0.019000000000000003 0.0
-0.018000000000000002 0.018460823222994804
-0.017 0.0
-0.016 4.291750907897949
-0.015000000000000001 3.8025059700012207
-0.014000000000000002 2.4002082347869873
-0.013000000000000001 5.348211765289307
-0.012 5.014562606811523
-0.011000000000000001 4.348946571350098
-0.010000000000000002 5.25415563583374
-0.009000000000000001 5.649068832397461
-0.008 11.982502937316895
-0.006999999999999999 11.172277450561523
-0.006000000000000002 9.50390911102295
-0.005000000000000001 10.629369735717773
-0.004 21.54393196105957
-0.0030000000000000027 25.190940856933594
-0.0020000000000000018 24.943130493164062
-0.0010000000000000009 19.347450256347656
0.0 17.107742309570312
0.0010000000000000009 11.089534759521484
0.0019999999999999983 11.307178497314453
0.002999999999999999 7.23737096786499
0.004 13.514202117919922
0.0049999999999999975 14.461847305297852
0.005999999999999998 17.31907081604004
0.006999999999999999 16.979204177856445
0.008 18.4945011138916
0.009000000000000001 10.714693069458008
0.010000000000000002 5.153286933898926
0.011000000000000003 4.170315265655518
0.011999999999999997 2.827850103378296
0.012999999999999998 3.745138168334961
0.013999999999999999 2.6523890495300293
0.015 0.896174967288971
0.016 0.39996856451034546
0.017 0.4708796739578247
0.018000000000000002 0.0
0.018999999999999996 0.0
0.019999999999999997 0.0
0.020999999999999998 0.0
0.022 0.0
0.023 0.0
0.024 0.0
0.025 0.0
