-0.025 0.0
-0.024 0.0
-0.023 0.0
-0.022000000000000002 0.0
-0.021 0.0
-0.02 0.0
-0.019000000000000003 0.0
-0.018000000000000002 0.0
-0.017 0.0
-0.016 0.0
-0.015000000000000001 0.0
-0.014000000000000002 0.0
-0.013000000000000001 0.0
-0.012 0.0
-0.011000000000000001 0.16594846546649933
-0.010000000000000002 1.4631115198135376
-0.009000000000000001 3.5869574546813965
-0.008 2.4476685523986816
-0.006999999999999999 3.8694469928741455
-0.006000000000000002 9.486202239990234
-0.005000000000000001 14.56743049621582
-0.004 17.976024627685547
-0.0030000000000000027 23.637720108032227
-0.0020000000000000018 27.830001831054688
-0.0010000000000000009 28.575056076049805
0.0 22.150802612304688
0.0010000000000000009 15.527644157409668
0.0019999999999999983 13.56370735168457
0.002999999999999999 10.18567180633545
0.004 7.917757034301758
0.0049999999999999975 10.123744010925293
0.005999999999999998 8.743972778320312
0.006999999999999999 5.800300121307373
0.008 1.4822895526885986
0.009000000000000001 1.056606411933899
0.010000000000000002 1.3124605417251587
0.011000000000000003 0.9052239656448364
0.011999999999999997 0.5529242753982544
0.012999999999999998 1.195622205734253
0.013999999999999999 2.0997698307037354
0.015 1.7659118175506592
0.016 0.5610078573226929
0.017 0.8613913059234619
0.018000000000000002 0.0
0.018999999999999996 0.0
0.019999999999999997 0.0
0.020999999999999998 0.0
0.022 0.0
0.023 0.0
0.024 0.0
0.025 0.0
