-0.025 0.0
-0.024 0.0
-0.023 0.0
-0.022000000000000002 0.0
-0.021 0.0
-0.02 0.0
-0.019000000000000003 0.0
-0.018000000000000002 0.051637280732393265
-0.017 0.0
-0.016 0.6230124235153198
-0.015000000000000001 1.3708823919296265
-0.014000000000000002 0.46610796451568604
-0.013000000000000001 0.43653279542922974
-0.012 0.4925076365470886
-0.011000000000000001 1.181489109992981
-0.010000000000000002 1.1817708015441895
-0.009000000000000001 2.6110241413116455
-0.008 6.643322467803955
-0.006999999999999999 12.141886711120605
-0.006000000000000002 11.339189529418945
-0.005000000000000001 11.315061569213867
-0.004 18.49091339111328
-0.0030000000000000027 28.064105987548828
-0.0020000000000000018 32.4710693359375
-0.0010000000000000009 30.658205032348633
0.0 24.482280731201172
0.0010000000000000009 12.81700325012207
0.0019999999999999983 14.019268989562988
0.002999999999999999 11.088838577270508
0.004 6.792498588562012
0.0049999999999999975 3.868691921234131
0.005999999999999998 8.198247909545898
0.006999999999999999 5.727082252502441
0.008 3.000077962875366
0.009000000000000001 6.066492080688477
0.010000000000000002 5.041022777557373
0.011000000000000003 7.249720096588135
0.011999999999999997 3.3680944442749023
0.012999999999999998 1.9792042970657349
0.013999999999999999 5.258875846862793
0.015 2.335254192352295
0.016 1.0000739097595215
0.017 0.29540711641311646
0.018000000000000002 0.0
0.018999999999999996 0.0
0.019999999999999997 0.0
0.020999999999999998 0.0
0.022 0.0
0.023 0.0
0.024 0.0
0.025 0.0
