-0.025 0.0
-0.024 0.0
-0.023 0.0
-0.022000000000000002 0.0
-0.021 0.0
-0.02 0.0
-0.019000000000000003 0.0
-0.018000000000000002 0.0
-0.017 0.0
-0.016 0.0
-0.015000000000000001 0.0
-0.014000000000000002 0.0
-0.013000000000000001 0.0
-0.012 0.0
-0.011000000000000001 0.0
-0.010000000000000002 0.7501619458198547
-0.009000000000000001 2.412369966506958
-0.008 1.527867317199707
-0.006999999999999999 5.657095432281494
-0.006000000000000002 15.500007629394531
-0.005000000000000001 20.412761688232422
-0.004 26.347030639648438
-0.0030000000000000027 35.235557556152344
-0.0020000000000000018 27.455657958984375
-0.0010000000000000009 19.532438278198242
0.0 15.643598556518555
0.0010000000000000009 14.796591758728027
0.0019999999999999983 9.890281677246094
0.002999999999999999 7.7481818199157715
0.004 9.71517276763916
0.0049999999999999975 6.9332098960876465
0.005999999999999998 10.079633712768555
0.006999999999999999 12.619699478149414
0.008 9.788524627685547
0.009000000000000001 3.243374824523926
0.010000000000000002 2.585266590118408
0.011000000000000003 0.8909926414489746
0.011999999999999997 0.37647828459739685
0.012999999999999998 0.13644686341285706
0.013999999999999999 0.7193951606750488
0.015 1.2504019737243652
0.016 0.2515162229537964
0.017 0.4332140386104584
0.018000000000000002 0.0
0.018999999999999996 0.0
0.019999999999999997 0.0
0.020999999999999998 0.0
0.022 0.0
0.023 0.0
0.024 0.0
0.025 0.0
