-0.025 0.0
-0.024 0.0
-0.023 0.0
-0.022000000000000002 0.0
-0.021 0.0
-0.02 0.0
-0.019000000000000003 0.0
-0.018000000000000002 0.0
-0.017 0.0
-0.016 0.0
-0.015000000000000001 0.0
-0.014000000000000002 0.0
-0.013000000000000001 0.0
-0.012 0.0
-0.011000000000000001 0.0
-0.010000000000000002 0.0
-0.009000000000000001 0.0
-0.008 0.0
-0.006999999999999999 0.0
-0.006000000000000002 0.0
-0.005000000000000001 0.5818087458610535
-0.004 6.76807975769043
-0.0030000000000000027 14.176029205322266
-0.0020000000000000018 23.139936447143555
-0.0010000000000000009 27.6430721282959
0.0 23.948450088500977
0.0010000000000000009 18.34930419921875
0.0019999999999999983 12.069243431091309
0.002999999999999999 4.087484359741211
0.004 0.9323824644088745
0.0049999999999999975 1.0551061630249023
0.005999999999999998 1.2408114671707153
0.006999999999999999 0.5090558528900146
0.008 0.37581270933151245
0.009000000000000001 0.16945290565490723
0.010000000000000002 0.7794206142425537
0.011000000000000003 0.2664670944213867
0.011999999999999997 0.4104253649711609
0.012999999999999998 0.28147822618484497
0.013999999999999999 0.45182308554649353
0.015 0.5550411343574524
0.016 0.29498472809791565
0.017 0.31516945362091064
0.018000000000000002 0.0
0.018999999999999996 0.0
0.019999999999999997 0.0
0.020999999999999998 0.0
0.022 0.0
0.023 0.0
0.024 0.0
0.025 0.0
