-0.025 0.0
-0.024 0.0
-0.023 0.0
-0.022000000000000002 0.0
-0.021 0.0
-0.02 0.0
-0.019000000000000003 0.0
-0.018000000000000002 0.00875684805214405
-0.017 0.0
-0.016 1.0251538753509521
-0.015000000000000001 2.4603915214538574
-0.014000000000000002 2.28279447555542
-0.013000000000000001 2.628387689590454
-0.012 1.86476731300354
-0.011000000000000001 6.405293941497803
-0.010000000000000002 7.774966716766357
-0.009000000000000001 5.974329948425293
-0.008 5.811232566833496
-0.006999999999999999 12.341753005981445
-0.006000000000000002 13.751755714416504
-0.005000000000000001 19.889734268188477
-0.004 21.17676544189453
-0.0030000000000000027 14.043872833251953
-0.0020000000000000018 9.896767616271973
-0.0010000000000000009 12.00622272491455
0.0 14.29322338104248
0.0010000000000000009 8.625202178955078
0.0019999999999999983 8.924956321716309
0.002999999999999999 7.581117153167725
0.004 9.987677574157715
0.0049999999999999975 9.38459300994873
0.005999999999999998 8.95179557800293
0.006999999999999999 8.366312980651855
0.008 7.076410293579102
0.009000000000000001 7.581586837768555
0.010000000000000002 9.89792537689209
0.011000000000000003 4.876068115234375
0.011999999999999997 6.984813690185547
0.012999999999999998 8.809253692626953
0.013999999999999999 8.71425724029541
0.015 2.9305624961853027
0.016 1.0985503196716309
0.017 0.0
0.018000000000000002 0.0
0.018999999999999996 0.0
0.019999999999999997 0.0
0.020999999999999998 0.0
0.022 0.0
0.023 0.0
0.024 0.0
0.025 0.0
