-0.025 0.0
-0.024 0.0
-0.023 0.0
-0.022000000000000002 0.0
-0.021 0.0
-0.02 0.0
-0.019000000000000003 0.0
-0.018000000000000002 0.0
-0.017 0.0
-0.016 2.192514181137085
-0.015000000000000001 1.1257070302963257
-0.014000000000000002 2.0353782176971436
-0.013000000000000001 1.644425392150879
-0.012 2.2161035537719727
-0.011000000000000001 1.6769236326217651
-0.010000000000000002 5.2161664962768555
-0.009000000000000001 5.396202087402344
-0.008 4.14178991317749
-0.006999999999999999 10.793925285339355
-0.006000000000000002 16.91094207763672
-0.005000000000000001 19.598085403442383
-0.004 15.984101295471191
-0.0030000000000000027 19.434377670288086
-0.0020000000000000018 17.025001525878906
-0.0010000000000000009 10.319510459899902
0.0 10.445900917053223
0.0010000000000000009 10.142387390136719
0.0019999999999999983 6.8311872482299805
0.002999999999999999 14.82423210144043
0.004 11.798362731933594
0.0049999999999999975 15.149633407592773
0.005999999999999998 16.613510131835938
0.006999999999999999 16.275968551635742
0.008 6.624072074890137
0.009000000000000001 3.0740725994110107
0.010000000000000002 4.039531230926514
0.011000000000000003 1.0255547761917114
0.011999999999999997 1.4483654499053955
0.012999999999999998 1.1495351791381836
0.013999999999999999 1.9672613143920898
0.015 1.0230247974395752
0.016 0.5830507874488831
0.017 0.33060431480407715
0.018000000000000002 0.0
0.018999999999999996 0.0
0.019999999999999997 0.0
0.020999999999999998 0.0
0.022 0.0
0.023 0.0
0.024 0.0
0.025 0.0
