-0.025 0.0
-0.024 0.0
-0.023 0.0
-0.022000000000000002 0.0
-0.021 0.0
-0.02 0.0
-0.019000000000000003 0.0
-0.018000000000000002 0.0
-0.017 0.0
-0.016 1.387389898300171
-0.015000000000000001 0.9398254156112671
-0.014000000000000002 0.8548579216003418
-0.013000000000000001 1.265839695930481
-0.012 1.6908016204833984
-0.011000000000000001 1.1205120086669922
-0.010000000000000002 3.5598721504211426
-0.009000000000000001 3.3483898639678955
-0.008 1.962179183959961
-0.006999999999999999 4.311929702758789
-0.006000000000000002 6.976184844970703
-0.005000000000000001 10.642149925231934
-0.004 13.910029411315918
-0.0030000000000000027 14.881083488464355
-0.0020000000000000018 16.23567771911621
-0.0010000000000000009 13.861409187316895
0.0 13.584432601928711
0.0010000000000000009 12.27198314666748
0.0019999999999999983 10.685394287109375
0.002999999999999999 6.37138032913208
0.004 8.92888069152832
0.0049999999999999975 8.993597984313965
0.005999999999999998 15.449808120727539
0.006999999999999999 13.154412269592285
0.008 12.497391700744629
0.009000000000000001 3.9445953369140625
0.010000000000000002 0.7939547300338745
0.011000000000000003 0.461833655834198
0.011999999999999997 0.7089263796806335
0.012999999999999998 0.39312776923179626
0.013999999999999999 0.7450493574142456
0.015 1.4188601970672607
0.016 0.5327126979827881
0.017 0.3080421984195709
0.018000000000000002 0.0
0.018999999999999996 0.0
0.019999999999999997 0.0
0.020999999999999998 0.0
0.022 0.0
0.023 0.0
0.024 0.0
0.025 0.0
