-0.025 0.0
-0.024 0.0
-0.023 0.0
-0.022000000000000002 0.0
-0.021 0.0
-0.02 0.0
-0.019000000000000003 0.0
-0.018000000000000002 0.8479488492012024
-0.017 0.0
-0.016 1.0555622577667236
-0.015000000000000001 1.4435843229293823
-0.014000000000000002 2.6891067028045654
-0.013000000000000001 2.4273016452789307
-0.012 1.3298193216323853
-0.011000000000000001 2.1087074279785156
-0.010000000000000002 3.096573829650879
-0.009000000000000001 3.533708095550537
-0.008 4.503331184387207
-0.006999999999999999 6.132537841796875
-0.006000000000000002 10.161808967590332
-0.005000000000000001 12.045279502868652
-0.004 15.288345336914062
-0.0030000000000000027 22.84994888305664
-0.0020000000000000018 20.775007247924805
-0.0010000000000000009 22.40997886657715
0.0 18.365724563598633
0.0010000000000000009 17.020427703857422
0.0019999999999999983 26.174440383911133
0.002999999999999999 16.129024505615234
0.004 10.353643417358398
0.0049999999999999975 13.897275924682617
0.005999999999999998 11.003254890441895
0.006999999999999999 10.125061988830566
0.008 5.065766334533691
0.009000000000000001 3.540194272994995
0.010000000000000002 5.155285835266113
0.011000000000000003 3.509896993637085
0.011999999999999997 1.329127550125122
0.012999999999999998 2.244574546813965
0.013999999999999999 1.2370696067810059
0.015 1.4110556840896606
0.016 0.16005241870880127
0.017 0.08659374713897705
0.018000000000000002 0.0
0.018999999999999996 0.0
0.019999999999999997 0.0
0.020999999999999998 0.0
0.022 0.0
0.023 0.0
0.024 0.0
0.025 0.0
