-0.025 0.0
-0.024 0.0
-0.023 0.0
-0.022000000000000002 0.0
-0.021 0.0
-0.02 0.0
-0.019000000000000003 0.0
-0.018000000000000002 0.0
-0.017 0.0
-0.016 0.0
-0.015000000000000001 0.0
-0.014000000000000002 0.0
-0.013000000000000001 0.0
-0.012 0.0
-0.011000000000000001 0.0
-0.010000000000000002 0.0
-0.009000000000000001 0.0
-0.008 1.2142632007598877
-0.006999999999999999 9.187445640563965
-0.006000000000000002 15.912126541137695
-0.005000000000000001 14.80500316619873
-0.004 17.66063117980957
-0.0030000000000000027 17.92194175720215
-0.0020000000000000018 19.00724983215332
-0.0010000000000000009 24.909881591796875
0.0 23.544313430786133
0.0010000000000000009 19.704345703125
0.0019999999999999983 18.597122192382812
0.002999999999999999 16.641963958740234
0.004 14.946194648742676
0.0049999999999999975 10.713838577270508
0.005999999999999998 9.797324180603027
0.006999999999999999 6.8941473960876465
0.008 3.5771644115448
0.009000000000000001 2.160691738128662
0.010000000000000002 1.4005659818649292
0.011000000000000003 2.0905420780181885
0.011999999999999997 2.008798599243164
0.012999999999999998 1.4457277059555054
0.013999999999999999 1.4474875926971436
0.015 1.8597661256790161
0.016 1.1079516410827637
0.017 0.2721923589706421
0.018000000000000002 0.0
0.018999999999999996 0.0
0.019999999999999997 0.0
0.020999999999999998 0.0
0.022 0.0
0.023 0.0
0.024 0.0
0.025 0.0
