-0.025 0.0
-0.024 0.0
-0.023 0.0
-0.022000000000000002 0.0
-0.021 0.0
-0.02 0.0
-0.019000000000000003 0.0
-0.018000000000000002 1.1151504516601562
-0.017 0.0
-0.016 0.01608029380440712
-0.015000000000000001 0.8038287162780762
-0.014000000000000002 0.0
-0.013000000000000001 0.8197593688964844
-0.012 1.0977396965026855
-0.011000000000000001 1.9230705499649048
-0.010000000000000002 1.6479278802871704
-0.009000000000000001 3.48915696144104
-0.008 14.555207252502441
-0.006999999999999999 21.68750762939453
-0.006000000000000002 9.664388656616211
-0.005000000000000001 7.498039245605469
-0.004 18.08406639099121
-0.0030000000000000027 22.918659210205078
-0.0020000000000000018 32.70854949951172
-0.0010000000000000009 26.00281524658203
0.0 22.452098846435547
0.0010000000000000009 13.102560043334961
0.0019999999999999983 21.28856658935547
0.002999999999999999 9.916723251342773
0.004 7.084817886352539
0.0049999999999999975 6.330648899078369
0.005999999999999998 10.944219589233398
0.006999999999999999 6.396859169006348
0.008 10.39202880859375
0.009000000000000001 8.48299789428711
0.010000000000000002 10.814924240112305
0.011000000000000003 8.323244094848633
0.011999999999999997 2.039418935775757
0.012999999999999998 3.2662014961242676
0.013999999999999999 3.2029597759246826
0.015 1.7069637775421143
0.016 0.515923261642456
0.017 0.8810948729515076
0.018000000000000002 0.0
0.018999999999999996 0.0
0.019999999999999997 0.0
0.020999999999999998 0.0
0.022 0.0
0.023 0.0
0.024 0.0
0.025 0.0
