-0.025 0.0
-0.024 0.0
-0.023 0.0
-0.022000000000000002 0.0
-0.021 0.0
-0.02 0.0
-0.019000000000000003 0.0
-0.018000000000000002 0.0
-0.017 0.0
-0.016 2.0188302993774414
-0.015000000000000001 1.2856459617614746
-0.014000000000000002 1.0154199600219727
-0.013000000000000001 2.6099746227264404
-0.012 2.551974296569824
-0.011000000000000001 1.4035911560058594
-0.010000000000000002 3.38509464263916
-0.009000000000000001 5.115029335021973
-0.008 6.362953186035156
-0.006999999999999999 7.122955322265625
-0.006000000000000002 6.039752960205078
-0.005000000000000001 5.581658840179443
-0.004 10.825151443481445
-0.0030000000000000027 23.513296127319336
-0.0020000000000000018 25.73229217529297
-0.0010000000000000009 21.84952735900879
0.0 24.070920944213867
0.0010000000000000009 20.512935638427734
0.0019999999999999983 14.616022109985352
0.002999999999999999 5.618629455566406
0.004 9.848849296569824
0.0049999999999999975 11.513406753540039
0.005999999999999998 14.483753204345703
0.006999999999999999 15.026519775390625
0.008 9.885563850402832
0.009000000000000001 4.154092788696289
0.010000000000000002 2.909606695175171
0.011000000000000003 2.1826634407043457
0.011999999999999997 1.738174557685852
0.012999999999999998 2.1162400245666504
0.013999999999999999 2.30610990524292
0.015 1.339270830154419
0.016 0.9161306023597717
0.017 0.6977781653404236
0.018000000000000002 0.0
0.018999999999999996 0.0
0.019999999999999997 0.0
0.020999999999999998 0.0
0.022 0.0
0.023 0.0
0.024 0.0
0.025 0.0
