-0.025 0.0
-0.024 0.0
-0.023 0.0
-0.022000000000000002 0.0
-0.021 0.0
-0.02 0.0
-0.019000000000000003 0.0
-0.018000000000000002 0.0
-0.017 0.0
-0.016 0.0
-0.015000000000000001 0.0
-0.014000000000000002 0.0
-0.013000000000000001 0.0
-0.012 0.16637660562992096
-0.011000000000000001 2.9388649463653564
-0.010000000000000002 4.352282524108887
-0.009000000000000001 4.879514217376709
-0.008 4.830221652984619
-0.006999999999999999 4.547854423522949
-0.006000000000000002 6.669989585876465
-0.005000000000000001 7.953192234039307
-0.004 11.49044132232666
-0.0030000000000000027 24.129322052001953
-0.0020000000000000018 31.402292251586914
-0.0010000000000000009 34.2866096496582
0.0 28.455520629882812
0.0010000000000000009 24.046630859375
0.0019999999999999983 22.571575164794922
0.002999999999999999 11.788918495178223
0.004 7.058293342590332
0.0049999999999999975 4.558411121368408
0.005999999999999998 5.709760665893555
0.006999999999999999 5.07654333114624
0.008 3.7396554946899414
0.009000000000000001 2.8909921646118164
0.010000000000000002 5.145407676696777
0.011000000000000003 3.5754668712615967
0.011999999999999997 2.810995101928711
0.012999999999999998 1.564000129699707
0.013999999999999999 1.3983982801437378
0.015 0.5678849816322327
0.016 0.32892414927482605
0.017 0.6576711535453796
0.018000000000000002 0.0
0.018999999999999996 0.0
0.019999999999999997 0.0
0.020999999999999998 0.0
0.022 0.0
0.023 0.0
0.024 0.0
0.025 0.0
