-0.025 0.0
-0.024 0.0
-0.023 0.0
-0.022000000000000002 0.0
-0.021 0.0
-0.02 0.0
-0.019000000000000003 0.0
-0.018000000000000002 0.0
-0.017 0.0
-0.016 1.2753982543945312
-0.015000000000000001 1.1687312126159668
-0.014000000000000002 0.539980947971344
-0.013000000000000001 1.3758690357208252
-0.012 1.6503100395202637
-0.011000000000000001 0.45373624563217163
-0.010000000000000002 2.262375831604004
-0.009000000000000001 4.016456127166748
-0.008 3.691392183303833
-0.006999999999999999 9.69347095489502
-0.006000000000000002 13.861077308654785
-0.005000000000000001 16.298227310180664
-0.004 17.11833381652832
-0.0030000000000000027 24.635541915893555
-0.0020000000000000018 23.82716941833496
-0.0010000000000000009 18.510425567626953
0.0 16.224695205688477
0.0010000000000000009 14.569501876831055
0.0019999999999999983 12.19931411743164
0.002999999999999999 12.364107131958008
0.004 12.085526466369629
0.0049999999999999975 11.17035961151123
0.005999999999999998 15.885442733764648
0.006999999999999999 17.570974349975586
0.008 9.223196029663086
0.009000000000000001 2.3137118816375732
0.010000000000000002 2.6665799617767334
0.011000000000000003 0.7312284111976624
0.011999999999999997 0.30536043643951416
0.012999999999999998 0.15147508680820465
0.013999999999999999 0.764320969581604
0.015 0.9749652147293091
0.016 0.3334743082523346
0.017 0.4774703085422516
0.018000000000000002 0.0
0.018999999999999996 0.0
0.019999999999999997 0.0
0.020999999999999998 0.0
0.022 0.0
0.023 0.0
0.024 0.0
0.025 0.0
