-0.025 0.0
-0.024 0.0
-0.023 0.0
-0.022000000000000002 0.0
-0.021 0.0
-0.02 0.0
-0.019000000000000003 0.0
-0.018000000000000002 0.0
-0.017 0.0
-0.016 0.0
-0.015000000000000001 0.0
-0.014000000000000002 0.0
-0.013000000000000001 0.43717896938323975
-0.012 0.5027270317077637
-0.011000000000000001 0.7606087923049927
-0.010000000000000002 0.9929571747779846
-0.009000000000000001 1.8650305271148682
-0.008 2.1029343605041504
-0.006999999999999999 3.3111422061920166
-0.006000000000000002 6.215463638305664
-0.005000000000000001 10.175827980041504
-0.004 16.80805015563965
-0.0030000000000000027 27.13308334350586
-0.0020000000000000018 28.58637809753418
-0.0010000000000000009 25.416893005371094
0.0 21.39715576171875
0.0010000000000000009 16.448902130126953
0.0019999999999999983 15.712459564208984
0.002999999999999999 8.00369644165039
0.004 8.251401901245117
0.0049999999999999975 7.549190998077393
0.005999999999999998 11.655082702636719
0.006999999999999999 9.592545509338379
0.008 8.682063102722168
0.009000000000000001 4.641129493713379
0.010000000000000002 1.0326558351516724
0.011000000000000003 0.3032354712486267
0.011999999999999997 0.3407133221626282
0.012999999999999998 0.224411740899086
0.013999999999999999 0.44130319356918335
0.015 0.38085854053497314
0.016 0.14058443903923035
0.017 0.3108978271484375
0.018000000000000002 0.0
0.018999999999999996 0.0
0.019999999999999997 0.0
0.020999999999999998 0.0
0.022 0.0
0.023 0.0
0.024 0.0
0.025 0.0
