-0.025 0.0
-0.024 0.0
-0.023 0.0
-0.022000000000000002 0.0
-0.021 0.0
-0.02 0.0
-0.019000000000000003 0.0
-0.018000000000000002 0.0
-0.017 0.0
-0.016 0.0
-0.015000000000000001 0.0
-0.014000000000000002 0.0
-0.013000000000000001 0.0
-0.012 0.0
-0.011000000000000001 0.0
-0.010000000000000002 0.0
-0.009000000000000001 0.0
-0.008 0.0
-0.006999999999999999 0.0
-0.006000000000000002 2.2935757637023926
-0.005000000000000001 10.524259567260742
-0.004 19.75687026977539
-0.0030000000000000027 27.44061279296875
-0.0020000000000000018 28.288143157958984
-0.0010000000000000009 28.01490020751953
0.0 24.732818603515625
0.0010000000000000009 21.555688858032227
0.0019999999999999983 16.344736099243164
0.002999999999999999 7.533242225646973
0.004 5.60674524307251
0.0049999999999999975 6.9644670486450195
0.005999999999999998 9.014902114868164
0.006999999999999999 5.269935607910156
0.008 3.2791190147399902
0.009000000000000001 0.38847675919532776
0.010000000000000002 0.45175138115882874
0.011000000000000003 0.09415827691555023
0.011999999999999997 0.38571280241012573
0.012999999999999998 0.10670964419841766
0.013999999999999999 0.4007607102394104
0.015 0.6243142485618591
0.016 0.14986874163150787
0.017 0.21423660218715668
0.018000000000000002 0.0
0.018999999999999996 0.0
0.019999999999999997 0.0
0.020999999999999998 0.0
0.022 0.0
0.023 0.0
0.024 0.0
0.025 0.0
