-0.025 0.0
-0.024 0.0
-0.023 0.0
-0.022000000000000002 0.0
-0.021 0.0
-0.02 0.0
-0.019000000000000003 0.0
-0.018000000000000002 0.0
-0.017 0.0
-0.016 1.825557827949524
-0.015000000000000001 2.0820512771606445
-0.014000000000000002 3.5307223796844482
-0.013000000000000001 3.0166828632354736
-0.012 3.913421154022217
-0.011000000000000001 3.6690006256103516
-0.010000000000000002 6.017014026641846
-0.009000000000000001 5.390960216522217
-0.008 7.876885890960693
-0.006999999999999999 13.325403213500977
-0.006000000000000002 11.104260444641113
-0.005000000000000001 11.694814682006836
-0.004 14.394529342651367
-0.0030000000000000027 16.55303382873535
-0.0020000000000000018 22.010013580322266
-0.0010000000000000009 19.2333927154541
0.0 17.80560874938965
0.0010000000000000009 12.903679847717285
0.0019999999999999983 16.410022735595703
0.002999999999999999 14.74350643157959
0.004 11.263753890991211
0.0049999999999999975 12.984967231750488
0.005999999999999998 9.921224594116211
0.006999999999999999 10.860172271728516
0.008 6.190613269805908
0.009000000000000001 3.1346518993377686
0.010000000000000002 2.8050904273986816
0.011000000000000003 4.259781837463379
0.011999999999999997 2.0647125244140625
0.012999999999999998 6.047532558441162
0.013999999999999999 6.600152015686035
0.015 4.057427883148193
0.016 0.49807119369506836
0.017 0.9423608183860779
0.018000000000000002 0.0
0.018999999999999996 0.0
0.019999999999999997 0.0
0.020999999999999998 0.0
0.022 0.0
0.023 0.0
0.024 0.0
0.025 0.0
