-0.025 0.0
-0.024 0.0
-0.023 0.0
-0.022000000000000002 0.0
-0.021 0.0
-0.02 0.0
-0.019000000000000003 0.0
-0.018000000000000002 0.0
-0.017 0.0
-0.016 0.279199481010437
-0.015000000000000001 0.0
-0.014000000000000002 0.18298816680908203
-0.013000000000000001 0.7416285276412964
-0.012 0.0
-0.011000000000000001 0.3750396966934204
-0.010000000000000002 1.8367657661437988
-0.009000000000000001 0.7412060499191284
-0.008 1.0289250612258911
-0.006999999999999999 0.7367361187934875
-0.006000000000000002 2.490957498550415
-0.005000000000000001 2.7680768966674805
-0.004 11.045893669128418
-0.0030000000000000027 22.82077407836914
-0.0020000000000000018 23.91044807434082
-0.0010000000000000009 24.097698211669922
0.0 27.202640533447266
0.0010000000000000009 19.675159454345703
0.0019999999999999983 16.899028778076172
0.002999999999999999 5.715909004211426
0.004 3.952308177947998
0.0049999999999999975 3.215452194213867
0.005999999999999998 3.738818407058716
0.006999999999999999 2.5155272483825684
0.008 0.9141106605529785
0.009000000000000001 1.0356228351593018
0.010000000000000002 3.456202983856201
0.011000000000000003 1.8764030933380127
0.011999999999999997 2.2232422828674316
0.012999999999999998 1.9746453762054443
0.013999999999999999 2.17000150680542
0.015 1.887242078781128
0.016 0.6804518699645996
0.017 0.21881887316703796
0.018000000000000002 0.0
0.018999999999999996 0.0
0.019999999999999997 0.0
0.020999999999999998 0.0
0.022 0.0
0.023 0.0
0.024 0.0
0.025 0.0
