-0.025 0.0
-0.024 0.0
-0.023 0.0
-0.022000000000000002 0.0
-0.021 0.0
-0.02 0.0
-0.019000000000000003 0.0
-0.018000000000000002 0.012530051171779633
-0.017 0.0
-0.016 0.3523261547088623
-0.015000000000000001 0.9464684128761292
-0.014000000000000002 1.1960582733154297
-0.013000000000000001 0.8936426639556885
-0.012 0.7274512052536011
-0.011000000000000001 1.3947985172271729
-0.010000000000000002 2.363223075866699
-0.009000000000000001 4.171901702880859
-0.008 3.4823925495147705
-0.006999999999999999 8.376954078674316
-0.006000000000000002 9.914786338806152
-0.005000000000000001 11.203354835510254
-0.004 15.413259506225586
-0.0030000000000000027 24.138412475585938
-0.0020000000000000018 31.571258544921875
-0.0010000000000000009 29.680679321289062
0.0 22.820934295654297
0.0010000000000000009 14.902090072631836
0.0019999999999999983 11.33403205871582
0.002999999999999999 8.44277572631836
0.004 5.197015762329102
0.0049999999999999975 1.9670000076293945
0.005999999999999998 4.695715427398682
0.006999999999999999 3.8577802181243896
0.008 2.5151290893554688
0.009000000000000001 2.2349586486816406
0.010000000000000002 2.3669075965881348
0.011000000000000003 2.2944164276123047
0.011999999999999997 1.2676655054092407
0.012999999999999998 1.6410002708435059
0.013999999999999999 4.2393035888671875
0.015 3.176365852355957
0.016 0.8219793438911438
0.017 0.4971309304237366
0.018000000000000002 0.0
0.018999999999999996 0.0
0.019999999999999997 0.0
0.020999999999999998 0.0
0.022 0.0
0.023 0.0
0.024 0.0
0.025 0.0
