-0.025 0.0
-0.024 0.0
-0.023 0.0
-0.022000000000000002 0.0
-0.021 0.0
-0.02 0.0
-0.019000000000000003 0.0
-0.018000000000000002 0.0
-0.017 0.0
-0.016 1.746853232383728
-0.015000000000000001 2.0151422023773193
-0.014000000000000002 3.531795024871826
-0.013000000000000001 2.9974138736724854
-0.012 3.676680326461792
-0.011000000000000001 3.4985857009887695
-0.010000000000000002 5.022476673126221
-0.009000000000000001 4.094185829162598
-0.008 6.7810540199279785
-0.006999999999999999 12.02224349975586
-0.006000000000000002 9.364691734313965
-0.005000000000000001 11.082799911499023
-0.004 13.425235748291016
-0.0030000000000000027 16.51604652404785
-0.0020000000000000018 21.370914459228516
-0.0010000000000000009 20.192773818969727
0.0 20.30569839477539
0.0010000000000000009 15.298397064208984
0.0019999999999999983 18.986886978149414
0.002999999999999999 14.102367401123047
0.004 10.54320240020752
0.0049999999999999975 12.00493335723877
0.005999999999999998 8.897849082946777
0.006999999999999999 10.332783699035645
0.008 5.241615295410156
0.009000000000000001 2.842933416366577
0.010000000000000002 2.6147301197052
0.011000000000000003 3.4916489124298096
0.011999999999999997 2.147427558898926
0.012999999999999998 4.795550346374512
0.013999999999999999 5.251911163330078
0.015 3.364557981491089
0.016 0.4814981520175934
0.017 1.2564094066619873
0.018000000000000002 0.0
0.018999999999999996 0.0
0.019999999999999997 0.0
0.020999999999999998 0.0
0.022 0.0
0.023 0.0
0.024 0.0
0.025 0.0
