-0.025 0.0
-0.024 0.0
-0.023 0.0
-0.022000000000000002 0.0
-0.021 0.0
-0.02 0.0
-0.019000000000000003 0.0
-0.018000000000000002 0.0
-0.017 0.0
-0.016 1.656563639640808
-0.015000000000000001 1.9310526847839355
-0.014000000000000002 3.346885919570923
-0.013000000000000001 2.6329967975616455
-0.012 3.764070510864258
-0.011000000000000001 3.0905275344848633
-0.010000000000000002 5.10394287109375
-0.009000000000000001 5.20821475982666
-0.008 6.881832599639893
-0.006999999999999999 12.938870429992676
-0.006000000000000002 11.157394409179688
-0.005000000000000001 9.291613578796387
-0.004 10.435600280761719
-0.0030000000000000027 15.551094055175781
-0.0020000000000000018 17.78110694885254
-0.0010000000000000009 18.1361083984375
0.0 16.84076499938965
0.0010000000000000009 14.6171875
0.0019999999999999983 22.920806884765625
0.002999999999999999 15.344964981079102
0.004 9.944290161132812
0.0049999999999999975 12.901897430419922
0.005999999999999998 9.300149917602539
0.006999999999999999 10.469459533691406
0.008 5.2737321853637695
0.009000000000000001 2.735990285873413
0.010000000000000002 2.9595096111297607
0.011000000000000003 3.449979066848755
0.011999999999999997 1.717403531074524
0.012999999999999998 4.7090535163879395
0.013999999999999999 5.243208885192871
0.015 4.014040470123291
0.016 0.32826846837997437
0.017 0.2187967598438263
0.018000000000000002 0.0
0.018999999999999996 0.0
0.019999999999999997 0.0
0.020999999999999998 0.0
0.022 0.0
0.023 0.0
0.024 0.0
0.025 0.0
