-0.025 0.0
-0.024 0.0
-0.023 0.0
-0.022000000000000002 0.0
-0.021 0.0
-0.02 0.0
-0.019000000000000003 0.0
-0.018000000000000002 0.0
-0.017 0.0
-0.016 0.0
-0.015000000000000001 0.0
-0.014000000000000002 0.0
-0.013000000000000001 0.0
-0.012 0.21438801288604736
-0.011000000000000001 0.8010701537132263
-0.010000000000000002 2.812331438064575
-0.009000000000000001 2.452307939529419
-0.008 0.546851396560669
-0.006999999999999999 1.8838242292404175
-0.006000000000000002 4.222038745880127
-0.005000000000000001 4.4564948081970215
-0.004 13.017475128173828
-0.0030000000000000027 20.606426239013672
-0.0020000000000000018 23.871633529663086
-0.0010000000000000009 20.927196502685547
0.0 19.821651458740234
0.0010000000000000009 19.55998420715332
0.0019999999999999983 15.789932250976562
0.002999999999999999 3.643925666809082
0.004 10.251741409301758
0.0049999999999999975 6.55650520324707
0.005999999999999998 10.508642196655273
0.006999999999999999 5.4243621826171875
0.008 5.640251159667969
0.009000000000000001 1.5422272682189941
0.010000000000000002 4.794536590576172
0.011000000000000003 1.0240269899368286
0.011999999999999997 2.181226968765259
0.012999999999999998 1.0255382061004639
0.013999999999999999 0.9195595979690552
0.015 1.067803144454956
0.016 0.44967538118362427
0.017 0.548699140548706
0.018000000000000002 0.0
0.018999999999999996 0.0
0.019999999999999997 0.0
0.020999999999999998 0.0
0.022 0.0
0.023 0.0
0.024 0.0
0.025 0.0
