-0.025 0.0
-0.024 0.0
-0.023 0.0
-0.022000000000000002 0.0
-0.021 0.0
-0.02 0.0
-0.019000000000000003 0.0
-0.018000000000000002 0.0
-0.017 0.0
-0.016 1.8261990547180176
-0.015000000000000001 2.0435638427734375
-0.014000000000000002 0.661432683467865
-0.013000000000000001 1.5854487419128418
-0.012 2.165578603744507
-0.011000000000000001 0.5277493596076965
-0.010000000000000002 2.1194565296173096
-0.009000000000000001 4.013872146606445
-0.008 5.304527759552002
-0.006999999999999999 11.155216217041016
-0.006000000000000002 10.970754623413086
-0.005000000000000001 14.220335006713867
-0.004 18.356021881103516
-0.0030000000000000027 24.537601470947266
-0.0020000000000000018 28.760360717773438
-0.0010000000000000009 18.44651222229004
0.0 20.16836166381836
0.0010000000000000009 14.77597427368164
0.0019999999999999983 10.16029167175293
0.002999999999999999 3.9115676879882812
0.004 10.764081954956055
0.0049999999999999975 5.520069599151611
0.005999999999999998 10.593222618103027
0.006999999999999999 13.5039701461792
0.008 9.543182373046875
0.009000000000000001 3.573369026184082
0.010000000000000002 1.5233216285705566
0.011000000000000003 2.846958637237549
0.011999999999999997 2.130805730819702
0.012999999999999998 5.200559139251709
0.013999999999999999 3.4389336109161377
0.015 1.4391244649887085
0.016 0.9349467158317566
0.017 0.943059504032135
0.018000000000000002 0.0
0.018999999999999996 0.0
0.019999999999999997 0.0
0.020999999999999998 0.0
0.022 0.0
0.023 0.0
0.024 0.0
0.025 0.0
