-0.025 0.0
-0.024 0.0
-0.023 0.0
-0.022000000000000002 0.0
-0.021 0.0
-0.02 0.0
-0.019000000000000003 0.0
-0.018000000000000002 0.0
-0.017 0.0
-0.016 0.0
-0.015000000000000001 0.0
-0.014000000000000002 0.0
-0.013000000000000001 0.0
-0.012 0.0
-0.011000000000000001 0.0
-0.010000000000000002 0.0
-0.009000000000000001 0.0
-0.008 0.21798358857631683
-0.006999999999999999 4.712291717529297
-0.006000000000000002 10.59022045135498
-0.005000000000000001 10.255767822265625
-0.004 9.469024658203125
-0.0030000000000000027 25.114246368408203
-0.0020000000000000018 25.779727935791016
-0.0010000000000000009 25.617578506469727
0.0 24.115198135375977
0.0010000000000000009 15.51529598236084
0.0019999999999999983 23.959117889404297
0.002999999999999999 9.833712577819824
0.004 10.026313781738281
0.0049999999999999975 5.04738187789917
0.005999999999999998 1.933061122894287
0.006999999999999999 1.8710130453109741
0.008 1.6283806562423706
0.009000000000000001 2.9983694553375244
0.010000000000000002 2.562408447265625
0.011000000000000003 1.391029715538025
0.011999999999999997 1.9840104579925537
0.012999999999999998 0.9977392554283142
0.013999999999999999 2.228806495666504
0.015 1.510847806930542
0.016 1.1413847208023071
0.017 0.4382546544075012
0.018000000000000002 0.0
0.018999999999999996 0.0
0.019999999999999997 0.0
0.020999999999999998 0.0
0.022 0.0
0.023 0.0
0.024 0.0
0.025 0.0
