-0.025 0.0
-0.024 0.0
-0.023 0.0
-0.022000000000000002 0.0
-0.021 0.0
-0.02 0.0
-0.019000000000000003 0.0
-0.018000000000000002 0.0
-0.017 0.0
-0.016 0.0
-0.015000000000000001 0.0
-0.014000000000000002 0.0
-0.013000000000000001 0.0
-0.012 0.0
-0.011000000000000001 0.19025622308254242
-0.010000000000000002 0.33497384190559387
-0.009000000000000001 0.8113369941711426
-0.008 1.5128244161605835
-0.006999999999999999 3.9584503173828125
-0.006000000000000002 9.335959434509277
-0.005000000000000001 18.283647537231445
-0.004 23.31539535522461
-0.0030000000000000027 24.897451400756836
-0.0020000000000000018 23.774192810058594
-0.0010000000000000009 16.349811553955078
0.0 12.378874778747559
0.0010000000000000009 10.287705421447754
0.0019999999999999983 6.737975120544434
0.002999999999999999 6.647995948791504
0.004 8.714885711669922
0.0049999999999999975 11.358024597167969
0.005999999999999998 7.107874870300293
0.006999999999999999 12.146612167358398
0.008 9.778488159179688
0.009000000000000001 6.823580265045166
0.010000000000000002 2.4564292430877686
0.011000000000000003 0.5766415596008301
0.011999999999999997 0.42993059754371643
0.012999999999999998 1.4355303049087524
0.013999999999999999 1.5506587028503418
0.015 0.8738062977790833
0.016 0.16277815401554108
0.017 0.2662217915058136
0.018000000000000002 0.0
0.018999999999999996 0.0
0.019999999999999997 0.0
0.020999999999999998 0.0
0.022 0.0
0.023 0.0
0.024 0.0
0.025 0.0
