-0.025 0.0
-0.024 0.0
-0.023 0.0
-0.022000000000000002 0.0
-0.021 0.0
-0.02 0.0
-0.019000000000000003 0.0
-0.018000000000000002 0.0
-0.017 0.0
-0.016 0.17537257075309753
-0.015000000000000001 0.0
-0.014000000000000002 0.0
-0.013000000000000001 0.0
-0.012 0.09358035027980804
-0.011000000000000001 0.6583693027496338
-0.010000000000000002 1.8954341411590576
-0.009000000000000001 2.73185133934021
-0.008 2.806490659713745
-0.006999999999999999 3.4119455814361572
-0.006000000000000002 6.221784591674805
-0.005000000000000001 7.16116189956665
-0.004 14.499733924865723
-0.0030000000000000027 20.178056716918945
-0.0020000000000000018 19.1640682220459
-0.0010000000000000009 17.61675262451172
0.0 15.933720588684082
0.0010000000000000009 13.445024490356445
0.0019999999999999983 9.412544250488281
0.002999999999999999 5.446150302886963
0.004 5.912763595581055
0.0049999999999999975 4.413434028625488
0.005999999999999998 5.246533393859863
0.006999999999999999 5.047868728637695
0.008 2.0623419284820557
0.009000000000000001 2.3853039741516113
0.010000000000000002 1.7104544639587402
0.011000000000000003 1.355503797531128
0.011999999999999997 1.2470920085906982
0.012999999999999998 1.6066263914108276
0.013999999999999999 1.2400811910629272
0.015 0.8080946207046509
0.016 0.4419883191585541
0.017 0.37680700421333313
0.018000000000000002 0.0
0.018999999999999996 0.0
0.019999999999999997 0.0
0.020999999999999998 0.0
0.022 0.0
0.023 0.0
0.024 0.0
0.025 0.0
