-0.025 0.0
-0.024 0.0
-0.023 0.0
-0.022000000000000002 0.0
-0.021 0.0
-0.02 0.0
-0.019000000000000003 0.0
-0.018000000000000002 0.0
-0.017 0.0
-0.016 0.9949225187301636
-0.015000000000000001 0.47525763511657715
-0.014000000000000002 0.7802504301071167
-0.013000000000000001 1.225229263305664
-0.012 0.12005958706140518
-0.011000000000000001 0.8912911415100098
-0.010000000000000002 2.6142282485961914
-0.009000000000000001 2.09797739982605
-0.008 3.139235496520996
-0.006999999999999999 3.5756757259368896
-0.006000000000000002 4.725979328155518
-0.005000000000000001 3.7075793743133545
-0.004 9.11158561706543
-0.0030000000000000027 26.234004974365234
-0.0020000000000000018 28.527191162109375
-0.0010000000000000009 26.84305191040039
0.0 24.568523406982422
0.0010000000000000009 20.195802688598633
0.0019999999999999983 21.635841369628906
0.002999999999999999 4.415055274963379
0.004 4.248764514923096
0.0049999999999999975 5.564022064208984
0.005999999999999998 6.0429511070251465
0.006999999999999999 6.811191558837891
0.008 2.819852352142334
0.009000000000000001 1.6967790126800537
0.010000000000000002 0.9700878262519836
0.011000000000000003 0.7221863269805908
0.011999999999999997 1.899186372756958
0.012999999999999998 2.917344808578491
0.013999999999999999 2.0084781646728516
0.015 3.116964101791382
0.016 2.0186421871185303
0.017 0.48803436756134033
0.018000000000000002 0.0
0.018999999999999996 0.0
0.019999999999999997 0.0
0.020999999999999998 0.0
0.022 0.0
0.023 0.0
0.024 0.0
0.025 0.0
