-0.025 0.0
-0.024 0.0
-0.023 0.0
-0.022000000000000002 0.0
-0.021 0.0
-0.02 0.0
-0.019000000000000003 0.0
-0.018000000000000002 0.0
-0.017 0.0
-0.016 0.384436696767807
-0.015000000000000001 0.06737064570188522
-0.014000000000000002 0.28239905834198
-0.013000000000000001 0.6269448399543762
-0.012 0.0
-0.011000000000000001 1.3995134830474854
-0.010000000000000002 2.513237953186035
-0.009000000000000001 2.261241912841797
-0.008 2.677258014678955
-0.006999999999999999 5.953336715698242
-0.006000000000000002 8.567625999450684
-0.005000000000000001 9.32082462310791
-0.004 19.963579177856445
-0.0030000000000000027 34.93669128417969
-0.0020000000000000018 32.11434555053711
-0.0010000000000000009 29.058847427368164
0.0 28.420663833618164
0.0010000000000000009 18.49860954284668
0.0019999999999999983 17.9481201171875
0.002999999999999999 3.513091564178467
0.004 5.6463117599487305
0.0049999999999999975 5.412997722625732
0.005999999999999998 4.359070777893066
0.006999999999999999 3.9377636909484863
0.008 6.096695899963379
0.009000000000000001 4.711600303649902
0.010000000000000002 7.423069953918457
0.011000000000000003 5.0476555824279785
0.011999999999999997 3.9878594875335693
0.012999999999999998 1.877455472946167
0.013999999999999999 2.4719741344451904
0.015 1.3661190271377563
0.016 0.9215332269668579
0.017 0.31978660821914673
0.018000000000000002 0.0
0.018999999999999996 0.0
0.019999999999999997 0.0
0.020999999999999998 0.0
0.022 0.0
0.023 0.0
0.024 0.0
0.025 0.0
