-0.025 0.0
-0.024 0.0
-0.023 0.0
-0.022000000000000002 0.0
-0.021 0.0
-0.02 0.0
-0.019000000000000003 0.0
-0.018000000000000002 0.0
-0.017 0.0
-0.016 0.0
-0.015000000000000001 0.0
-0.014000000000000002 0.0
-0.013000000000000001 0.0
-0.012 0.0
-0.011000000000000001 0.0
-0.010000000000000002 0.0
-0.009000000000000001 0.0
-0.008 1.33110511302948
-0.006999999999999999 7.040928840637207
-0.006000000000000002 10.074832916259766
-0.005000000000000001 9.278298377990723
-0.004 14.680041313171387
-0.0030000000000000027 27.140981674194336
-0.0020000000000000018 28.841163635253906
-0.0010000000000000009 25.612659454345703
0.0 24.68063735961914
0.0010000000000000009 21.194231033325195
0.0019999999999999983 24.573772430419922
0.002999999999999999 11.362104415893555
0.004 8.241082191467285
0.0049999999999999975 3.8756601810455322
0.005999999999999998 5.399421691894531
0.006999999999999999 5.217958450317383
0.008 5.094551086425781
0.009000000000000001 2.9080557823181152
0.010000000000000002 4.137640476226807
0.011000000000000003 2.9558727741241455
0.011999999999999997 1.7907605171203613
0.012999999999999998 0.7486860752105713
0.013999999999999999 1.5865139961242676
0.015 1.4022639989852905
0.016 0.5129649639129639
0.017 0.17264068126678467
0.018000000000000002 0.0
0.018999999999999996 0.0
0.019999999999999997 0.0
0.020999999999999998 0.0
0.022 0.0
0.023 0.0
0.024 0.0
0.025 0.0
