-0.025 0.0
-0.024 0.0
-0.023 0.0
-0.022000000000000002 0.0
-0.021 0.0
-0.02 0.0
-0.019000000000000003 0.0
-0.018000000000000002 0.8479488492012024
-0.017 0.0
-0.016 0.8181692957878113
-0.015000000000000001 1.1616017818450928
-0.014000000000000002 1.9071159362792969
-0.013000000000000001 2.087639570236206
-0.012 1.0927422046661377
-0.011000000000000001 2.1470327377319336
-0.010000000000000002 4.033968925476074
-0.009000000000000001 4.76041316986084
-0.008 4.290563106536865
-0.006999999999999999 6.159543037414551
-0.006000000000000002 8.342207908630371
-0.005000000000000001 13.713104248046875
-0.004 22.452911376953125
-0.0030000000000000027 25.009016036987305
-0.0020000000000000018 22.33214569091797
-0.0010000000000000009 21.41812515258789
0.0 22.045425415039062
0.0010000000000000009 19.817811965942383
0.0019999999999999983 16.23984718322754
0.002999999999999999 12.479045867919922
0.004 12.896334648132324
0.0049999999999999975 12.582529067993164
0.005999999999999998 12.801395416259766
0.006999999999999999 11.909637451171875
0.008 6.217371940612793
0.009000000000000001 5.194149971008301
0.010000000000000002 5.886534690856934
0.011000000000000003 4.486911296844482
0.011999999999999997 2.1944937705993652
0.012999999999999998 0.5304012298583984
0.013999999999999999 0.7135882377624512
0.015 0.23300255835056305
0.016 0.06784358620643616
0.017 0.0
0.018000000000000002 0.0
0.018999999999999996 0.0
0.019999999999999997 0.0
0.020999999999999998 0.0
0.022 0.0
0.023 0.0
0.024 0.0
0.025 0.0
