-0.025 0.0
-0.024 0.0
-0.023 0.0
-0.022000000000000002 0.0
-0.021 0.0
-0.02 0.0
-0.019000000000000003 0.0
-0.018000000000000002 0.0
-0.017 0.0
-0.016 1.2753983736038208
-0.015000000000000001 1.266798973083496
-0.014000000000000002 0.5399808883666992
-0.013000000000000001 1.268986463546753
-0.012 1.8088319301605225
-0.011000000000000001 0.4537363052368164
-0.010000000000000002 2.409960985183716
-0.009000000000000001 4.403578281402588
-0.008 3.2772154808044434
-0.006999999999999999 6.481228828430176
-0.006000000000000002 8.217809677124023
-0.005000000000000001 12.341814041137695
-0.004 18.313737869262695
-0.0030000000000000027 21.858903884887695
-0.0020000000000000018 20.420936584472656
-0.0010000000000000009 16.16472053527832
0.0 16.76429557800293
0.0010000000000000009 12.477352142333984
0.0019999999999999983 7.346480846405029
0.002999999999999999 9.045045852661133
0.004 11.650064468383789
0.0049999999999999975 10.258316040039062
0.005999999999999998 13.621379852294922
0.006999999999999999 14.918253898620605
0.008 7.421143531799316
0.009000000000000001 1.1595927476882935
0.010000000000000002 0.9896107912063599
0.011000000000000003 0.4810999631881714
0.011999999999999997 0.14329062402248383
0.012999999999999998 0.19445501267910004
0.013999999999999999 1.014067530632019
0.015 0.9609717130661011
0.016 0.3545091152191162
0.017 0.46579495072364807
0.018000000000000002 0.0
0.018999999999999996 0.0
0.019999999999999997 0.0
0.020999999999999998 0.0
0.022 0.0
0.023 0.0
0.024 0.0
0.025 0.0
