-0.025 0.0
-0.024 0.0
-0.023 0.0
-0.022000000000000002 0.0
-0.021 0.0
-0.02 0.0
-0.019000000000000003 0.0
-0.018000000000000002 0.0
-0.017 0.0
-0.016 0.0
-0.015000000000000001 0.0
-0.014000000000000002 0.0
-0.013000000000000001 0.0
-0.012 0.0
-0.011000000000000001 0.0
-0.010000000000000002 0.0
-0.009000000000000001 0.0
-0.008 0.0
-0.006999999999999999 0.0
-0.006000000000000002 0.43241724371910095
-0.005000000000000001 1.4235515594482422
-0.004 9.631531715393066
-0.0030000000000000027 19.167510986328125
-0.0020000000000000018 31.14653778076172
-0.0010000000000000009 39.75786209106445
0.0 32.423851013183594
0.0010000000000000009 27.975421905517578
0.0019999999999999983 21.758995056152344
0.002999999999999999 13.685083389282227
0.004 2.257122755050659
0.0049999999999999975 0.4038730263710022
0.005999999999999998 1.4975498914718628
0.006999999999999999 0.3732829689979553
0.008 0.2078293114900589
0.009000000000000001 0.13844533264636993
0.010000000000000002 0.2098517119884491
0.011000000000000003 0.0
0.011999999999999997 0.5345056056976318
0.012999999999999998 0.16738787293434143
0.013999999999999999 0.3082459568977356
0.015 0.4009018838405609
0.016 0.321316659450531
0.017 0.37255173921585083
0.018000000000000002 0.0
0.018999999999999996 0.0
0.019999999999999997 0.0
0.020999999999999998 0.0
0.022 0.0
0.023 0.0
0.024 0.0
0.025 0.0
