-0.025 0.0
-0.024 0.0
-0.023 0.0
-0.022000000000000002 0.0
-0.021 0.0
-0.02 0.0
-0.019000000000000003 0.0
-0.018000000000000002 0.0
-0.017 0.0
-0.016 0.17240718007087708
-0.015000000000000001 0.0
-0.014000000000000002 0.06442365050315857
-0.013000000000000001 0.0
-0.012 0.4919474720954895
-0.011000000000000001 1.6252554655075073
-0.010000000000000002 2.5167396068573
-0.009000000000000001 3.641697883605957
-0.008 2.1680023670196533
-0.006999999999999999 1.3357006311416626
-0.006000000000000002 3.0468218326568604
-0.005000000000000001 4.165290355682373
-0.004 12.119110107421875
-0.0030000000000000027 27.370670318603516
-0.0020000000000000018 28.088043212890625
-0.0010000000000000009 29.49178695678711
0.0 28.71105194091797
0.0010000000000000009 24.945213317871094
0.0019999999999999983 23.756370544433594
0.002999999999999999 9.671539306640625
0.004 3.993812084197998
0.0049999999999999975 1.1145219802856445
0.005999999999999998 3.429262399673462
0.006999999999999999 3.780182361602783
0.008 1.8622965812683105
0.009000000000000001 2.1134417057037354
0.010000000000000002 3.774132251739502
0.011000000000000003 1.7989414930343628
0.011999999999999997 1.7515114545822144
0.012999999999999998 1.248137354850769
0.013999999999999999 1.6888359785079956
0.015 0.7313920259475708
0.016 0.9573080539703369
0.017 0.738182783126831
0.018000000000000002 0.0
0.018999999999999996 0.0
0.019999999999999997 0.0
0.020999999999999998 0.0
0.022 0.0
0.023 0.0
0.024 0.0
0.025 0.0
