-0.025 0.0
-0.024 0.0
-0.023 0.0
-0.022000000000000002 0.0
-0.021 0.0
-0.02 0.0
-0.019000000000000003 0.0
-0.018000000000000002 0.0
-0.017 0.0
-0.016 0.5791175365447998
-0.015000000000000001 1.947953701019287
-0.014000000000000002 1.2300626039505005
-0.013000000000000001 2.320199966430664
-0.012 0.961603045463562
-0.011000000000000001 2.9798715114593506
-0.010000000000000002 5.106821537017822
-0.009000000000000001 5.7658209800720215
-0.008 5.535156726837158
-0.006999999999999999 11.086280822753906
-0.006000000000000002 16.342727661132812
-0.005000000000000001 22.719472885131836
-0.004 25.69783592224121
-0.0030000000000000027 22.649398803710938
-0.0020000000000000018 19.158315658569336
-0.0010000000000000009 18.695663452148438
0.0 8.763060569763184
0.0010000000000000009 8.40328311920166
0.0019999999999999983 14.672028541564941
0.002999999999999999 12.676942825317383
0.004 9.833499908447266
0.0049999999999999975 12.143695831298828
0.005999999999999998 8.324946403503418
0.006999999999999999 6.658098220825195
0.008 9.043778419494629
0.009000000000000001 6.752649307250977
0.010000000000000002 7.469175815582275
0.011000000000000003 6.111049175262451
0.011999999999999997 7.220694065093994
0.012999999999999998 7.315032005310059
0.013999999999999999 5.1706767082214355
0.015 1.6316672563552856
0.016 0.098457932472229
0.017 0.5622075796127319
0.018000000000000002 0.0
0.018999999999999996 0.0
0.019999999999999997 0.0
0.020999999999999998 0.0
0.022 0.0
0.023 0.0
0.024 0.0
0.025 0.0
