-0.025 0.0
-0.024 0.0
-0.023 0.0
-0.022000000000000002 0.0
-0.021 0.0
-0.02 0.0
-0.019000000000000003 0.0
-0.018000000000000002 0.0
-0.017 0.0
-0.016 0.0329061821103096
-0.015000000000000001 0.24581733345985413
-0.014000000000000002 0.38699474930763245
-0.013000000000000001 0.4248114228248596
-0.012 0.16750863194465637
-0.011000000000000001 0.447155237197876
-0.010000000000000002 2.2321829795837402
-0.009000000000000001 5.475945949554443
-0.008 3.0434091091156006
-0.006999999999999999 4.927687168121338
-0.006000000000000002 5.693544864654541
-0.005000000000000001 5.8900465965271
-0.004 10.317643165588379
-0.0030000000000000027 21.936927795410156
-0.0020000000000000018 19.187978744506836
-0.0010000000000000009 11.396387100219727
0.0 9.575846672058105
0.0010000000000000009 7.549309730529785
0.0019999999999999983 12.161553382873535
0.002999999999999999 0.26106882095336914
0.004 3.001572608947754
0.0049999999999999975 3.080725908279419
0.005999999999999998 3.0163803100585938
0.006999999999999999 3.9042744636535645
0.008 1.649824619293213
0.009000000000000001 1.9001812934875488
0.010000000000000002 3.5063233375549316
0.011000000000000003 2.5169010162353516
0.011999999999999997 1.3768842220306396
0.012999999999999998 1.1564404964447021
0.013999999999999999 2.731353282928467
0.015 2.9097442626953125
0.016 1.0842376947402954
0.017 0.7997296452522278
0.018000000000000002 0.0
0.018999999999999996 0.0
0.019999999999999997 0.0
0.020999999999999998 0.0
0.022 0.0
0.023 0.0
0.024 0.0
0.025 0.0
