-0.025 0.0
-0.024 0.0
-0.023 0.0
-0.022000000000000002 0.0
-0.021 0.0
-0.02 0.0
-0.019000000000000003 0.0
-0.018000000000000002 0.0
-0.017 0.0
-0.016 1.198350429534912
-0.015000000000000001 1.1157166957855225
-0.014000000000000002 0.9620418548583984
-0.013000000000000001 1.764960527420044
-0.012 0.8705494403839111
-0.011000000000000001 2.578521251678467
-0.010000000000000002 3.9873178005218506
-0.009000000000000001 3.9491705894470215
-0.008 3.565999984741211
-0.006999999999999999 6.022518634796143
-0.006000000000000002 7.309946537017822
-0.005000000000000001 10.398051261901855
-0.004 14.139179229736328
-0.0030000000000000027 18.37139129638672
-0.0020000000000000018 15.299112319946289
-0.0010000000000000009 7.925751686096191
0.0 6.984968185424805
0.0010000000000000009 6.162363052368164
0.0019999999999999983 10.352413177490234
0.002999999999999999 2.9032979011535645
0.004 4.473015785217285
0.0049999999999999975 4.785567283630371
0.005999999999999998 5.552365779876709
0.006999999999999999 5.825860500335693
0.008 4.071113109588623
0.009000000000000001 5.814988613128662
0.010000000000000002 5.554721832275391
0.011000000000000003 4.624736785888672
0.011999999999999997 5.008083343505859
0.012999999999999998 5.026151180267334
0.013999999999999999 3.5081658363342285
0.015 1.124886393547058
0.016 0.353171706199646
0.017 0.19792135059833527
0.018000000000000002 0.0
0.018999999999999996 0.0
0.019999999999999997 0.0
0.020999999999999998 0.0
0.022 0.0
0.023 0.0
0.024 0.0
0.025 0.0
