-0.025 0.0
-0.024 0.0
-0.023 0.0
-0.022000000000000002 0.0
-0.021 0.0
-0.02 0.0
-0.019000000000000003 0.0
-0.018000000000000002 0.0
-0.017 0.0
-0.016 0.0
-0.015000000000000001 0.0
-0.014000000000000002 0.0
-0.013000000000000001 0.0
-0.012 0.0
-0.011000000000000001 0.04868259280920029
-0.010000000000000002 1.2942442893981934
-0.009000000000000001 2.8769829273223877
-0.008 1.578783392906189
-0.006999999999999999 2.617957830429077
-0.006000000000000002 2.5332958698272705
-0.005000000000000001 2.2371578216552734
-0.004 5.248878002166748
-0.0030000000000000027 9.269079208374023
-0.0020000000000000018 11.205395698547363
-0.0010000000000000009 10.885603904724121
0.0 8.989439964294434
0.0010000000000000009 8.724479675292969
0.0019999999999999983 5.628095626831055
0.002999999999999999 1.7605183124542236
0.004 1.3934764862060547
0.0049999999999999975 0.6099720001220703
0.005999999999999998 0.6003223061561584
0.006999999999999999 0.9303909540176392
0.008 0.6001238226890564
0.009000000000000001 0.5592874884605408
0.010000000000000002 0.9593760967254639
0.011000000000000003 0.4913192391395569
0.011999999999999997 0.19519396126270294
0.012999999999999998 0.21745924651622772
0.013999999999999999 1.0846576690673828
0.015 0.9908758401870728
0.016 0.3271898329257965
0.017 0.48226138949394226
0.018000000000000002 0.0
0.018999999999999996 0.0
0.019999999999999997 0.0
0.020999999999999998 0.0
0.022 0.0
0.023 0.0
0.024 0.0
0.025 0.0
