-0.025 0.0
-0.024 0.0
-0.023 0.0
-0.022000000000000002 0.0
-0.021 0.0
-0.02 0.0
-0.019000000000000003 0.0
-0.018000000000000002 0.0
-0.017 0.0
-0.016 0.0
-0.015000000000000001 0.0
-0.014000000000000002 0.0
-0.013000000000000001 0.0
-0.012 0.0
-0.011000000000000001 0.0
-0.010000000000000002 0.0
-0.009000000000000001 0.0
-0.008 0.4283851981163025
-0.006999999999999999 5.382551193237305
-0.006000000000000002 10.360786437988281
-0.005000000000000001 10.668173789978027
-0.004 18.25057029724121
-0.0030000000000000027 22.222335815429688
-0.0020000000000000018 25.193687438964844
-0.0010000000000000009 27.924909591674805
0.0 26.369144439697266
0.0010000000000000009 19.805355072021484
0.0019999999999999983 14.673665046691895
0.002999999999999999 10.79504680633545
0.004 10.874388694763184
0.0049999999999999975 4.901771068572998
0.005999999999999998 3.552882671356201
0.006999999999999999 2.1604321002960205
0.008 1.2649948596954346
0.009000000000000001 2.297670841217041
0.010000000000000002 0.8003237843513489
0.011000000000000003 1.2192095518112183
0.011999999999999997 1.8334054946899414
0.012999999999999998 1.241706371307373
0.013999999999999999 1.2168078422546387
0.015 1.0511906147003174
0.016 1.0347988605499268
0.017 0.24800066649913788
0.018000000000000002 0.0
0.018999999999999996 0.0
0.019999999999999997 0.0
0.020999999999999998 0.0
0.022 0.0
0.023 0.0
0.024 0.0
0.025 0.0
