-0.025 0.0
-0.024 0.0
-0.023 0.0
-0.022000000000000002 0.0
-0.021 0.0
-0.02 0.0
-0.019000000000000003 0.0
-0.018000000000000002 0.0
-0.017 0.0
-0.016 0.2349369376897812
-0.015000000000000001 0.687377393245697
-0.014000000000000002 0.5379538536071777
-0.013000000000000001 0.386543333530426
-0.012 0.34359338879585266
-0.011000000000000001 0.864703893661499
-0.010000000000000002 1.409775972366333
-0.009000000000000001 0.8216018676757812
-0.008 1.001678466796875
-0.006999999999999999 3.4909896850585938
-0.006000000000000002 9.367948532104492
-0.005000000000000001 19.511526107788086
-0.004 29.470869064331055
-0.0030000000000000027 29.343894958496094
-0.0020000000000000018 26.514137268066406
-0.0010000000000000009 23.1593017578125
0.0 20.346303939819336
0.0010000000000000009 13.406102180480957
0.0019999999999999983 9.75051498413086
0.002999999999999999 5.651586055755615
0.004 6.96066427230835
0.0049999999999999975 4.786386489868164
0.005999999999999998 6.8408403396606445
0.006999999999999999 5.801924228668213
0.008 5.342473983764648
0.009000000000000001 7.164216995239258
0.010000000000000002 8.643013000488281
0.011000000000000003 5.910529136657715
0.011999999999999997 5.8639373779296875
0.012999999999999998 4.427660942077637
0.013999999999999999 2.3652355670928955
0.015 0.8349448442459106
0.016 0.03626374900341034
0.017 0.0
0.018000000000000002 0.0
0.018999999999999996 0.0
0.019999999999999997 0.0
0.020999999999999998 0.0
0.022 0.0
0.023 0.0
0.024 0.0
0.025 0.0
