-0.025 0.0
-0.024 0.0
-0.023 0.0
-0.022000000000000002 0.0
-0.021 0.0
-0.02 0.0
-0.019000000000000003 0.0
-0.018000000000000002 0.0
-0.017 0.0
-0.016 2.3577847480773926
-0.015000000000000001 1.6952590942382812
-0.014000000000000002 0.766097903251648
-0.013000000000000001 1.5904279947280884
-0.012 1.8312700986862183
-0.011000000000000001 2.327575206756592
-0.010000000000000002 3.8306448459625244
-0.009000000000000001 5.012322902679443
-0.008 4.740080833435059
-0.006999999999999999 8.311691284179688
-0.006000000000000002 9.781474113464355
-0.005000000000000001 10.429914474487305
-0.004 13.836066246032715
-0.0030000000000000027 20.307891845703125
-0.0020000000000000018 19.445173263549805
-0.0010000000000000009 13.768864631652832
0.0 14.537181854248047
0.0010000000000000009 13.168230056762695
0.0019999999999999983 13.482182502746582
0.002999999999999999 5.650549411773682
0.004 10.401394844055176
0.0049999999999999975 6.445137023925781
0.005999999999999998 11.342029571533203
0.006999999999999999 11.779093742370605
0.008 8.749312400817871
0.009000000000000001 4.997987747192383
0.010000000000000002 3.8973488807678223
0.011000000000000003 2.9953157901763916
0.011999999999999997 1.8287074565887451
0.012999999999999998 0.36721062660217285
0.013999999999999999 0.7224624156951904
0.015 0.40030086040496826
0.016 0.2675219476222992
0.017 0.0
0.018000000000000002 0.0
0.018999999999999996 0.0
0.019999999999999997 0.0
0.020999999999999998 0.0
0.022 0.0
0.023 0.0
0.024 0.0
0.025 0.0
