-0.025 0.0
-0.024 0.0
-0.023 0.0
-0.022000000000000002 0.0
-0.021 0.0
-0.02 0.0
-0.019000000000000003 0.0
-0.018000000000000002 0.0
-0.017 0.0
-0.016 0.0
-0.015000000000000001 0.0
-0.014000000000000002 0.0
-0.013000000000000001 0.17021572589874268
-0.012 0.0
-0.011000000000000001 0.05668725073337555
-0.010000000000000002 1.3732515573501587
-0.009000000000000001 2.8296637535095215
-0.008 3.171557903289795
-0.006999999999999999 11.360466003417969
-0.006000000000000002 13.738459587097168
-0.005000000000000001 16.318618774414062
-0.004 17.36150360107422
-0.0030000000000000027 24.605073928833008
-0.0020000000000000018 23.625606536865234
-0.0010000000000000009 20.449804306030273
0.0 20.144668579101562
0.0010000000000000009 20.05005645751953
0.0019999999999999983 15.609513282775879
0.002999999999999999 10.122482299804688
0.004 10.663305282592773
0.0049999999999999975 7.858827114105225
0.005999999999999998 7.965654373168945
0.006999999999999999 8.817399978637695
0.008 5.955955505371094
0.009000000000000001 3.611527919769287
0.010000000000000002 3.673720598220825
0.011000000000000003 3.289881467819214
0.011999999999999997 1.2356047630310059
0.012999999999999998 0.35929983854293823
0.013999999999999999 1.3879129886627197
0.015 1.4375766515731812
0.016 0.5861364006996155
0.017 0.42981648445129395
0.018000000000000002 0.0
0.018999999999999996 0.0
0.019999999999999997 0.0
0.020999999999999998 0.0
0.022 0.0
0.023 0.0
0.024 0.0
0.025 0.0
