-0.025 0.0
-0.024 0.0
-0.023 0.0
-0.022000000000000002 0.0
-0.021 0.0
-0.02 0.0
-0.019000000000000003 0.0
-0.018000000000000002 0.0
-0.017 0.0
-0.016 0.0
-0.015000000000000001 0.0
-0.014000000000000002 0.0
-0.013000000000000001 0.0
-0.012 0.0
-0.011000000000000001 0.0456315279006958
-0.010000000000000002 0.715192437171936
-0.009000000000000001 1.0932526588439941
-0.008 1.0496654510498047
-0.006999999999999999 1.226745367050171
-0.006000000000000002 0.832682192325592
-0.005000000000000001 1.5573890209197998
-0.004 5.48471736907959
-0.0030000000000000027 13.08987808227539
-0.0020000000000000018 41.85576629638672
-0.0010000000000000009 58.92148208618164
0.0 50.339900970458984
0.0010000000000000009 40.18196487426758
0.0019999999999999983 22.941619873046875
0.002999999999999999 18.671842575073242
0.004 1.3805310726165771
0.0049999999999999975 1.0303462743759155
0.005999999999999998 0.5583238005638123
0.006999999999999999 0.521703839302063
0.008 0.4861476421356201
0.009000000000000001 0.5357127785682678
0.010000000000000002 0.4496334493160248
0.011000000000000003 0.43400025367736816
0.011999999999999997 0.44119328260421753
0.012999999999999998 0.48896631598472595
0.013999999999999999 0.64142245054245
0.015 0.5270149111747742
0.016 0.23443017899990082
0.017 0.981090784072876
0.018000000000000002 0.0
0.018999999999999996 0.0
0.019999999999999997 0.0
0.020999999999999998 0.0
0.022 0.0
0.023 0.0
0.024 0.0
0.025 0.0
