-0.025 0.0
-0.024 0.0
-0.023 0.0
-0.022000000000000002 0.0
-0.021 0.0
-0.02 0.0
-0.019000000000000003 0.0
-0.018000000000000002 0.0
-0.017 0.0
-0.016 2.4523253440856934
-0.015000000000000001 1.7729474306106567
-0.014000000000000002 3.5348050594329834
-0.013000000000000001 4.622216701507568
-0.012 4.886022567749023
-0.011000000000000001 4.1049394607543945
-0.010000000000000002 7.933958053588867
-0.009000000000000001 7.853883743286133
-0.008 6.835123538970947
-0.006999999999999999 9.964078903198242
-0.006000000000000002 9.355525016784668
-0.005000000000000001 9.426676750183105
-0.004 8.19572639465332
-0.0030000000000000027 11.104650497436523
-0.0020000000000000018 11.287336349487305
-0.0010000000000000009 6.255675315856934
0.0 7.395264625549316
0.0010000000000000009 7.211917400360107
0.0019999999999999983 5.99319314956665
0.002999999999999999 9.397311210632324
0.004 10.508184432983398
0.0049999999999999975 8.721298217773438
0.005999999999999998 11.623371124267578
0.006999999999999999 16.002296447753906
0.008 9.72238826751709
0.009000000000000001 3.403219699859619
0.010000000000000002 2.5982587337493896
0.011000000000000003 1.2666147947311401
0.011999999999999997 1.2576701641082764
0.012999999999999998 0.7586640119552612
0.013999999999999999 1.4029171466827393
0.015 1.0153570175170898
0.016 0.5142654180526733
0.017 0.3306043744087219
0.018000000000000002 0.0
0.018999999999999996 0.0
0.019999999999999997 0.0
0.020999999999999998 0.0
0.022 0.0
0.023 0.0
0.024 0.0
0.025 0.0
