-0.025 0.0
-0.024 0.0
-0.023 0.0
-0.022000000000000002 0.0
-0.021 0.0
-0.02 0.0
-0.019000000000000003 0.0
-0.018000000000000002 0.0
-0.017 0.0
-0.016 0.0
-0.015000000000000001 0.0
-0.014000000000000002 0.06036481261253357
-0.013000000000000001 0.0
-0.012 0.0
-0.011000000000000001 0.13348256051540375
-0.010000000000000002 0.3252865672111511
-0.009000000000000001 0.9377874732017517
-0.008 1.3671482801437378
-0.006999999999999999 5.750912189483643
-0.006000000000000002 8.59784984588623
-0.005000000000000001 12.062944412231445
-0.004 18.899856567382812
-0.0030000000000000027 22.766569137573242
-0.0020000000000000018 24.135141372680664
-0.0010000000000000009 16.76262092590332
0.0 14.523569107055664
0.0010000000000000009 8.876858711242676
0.0019999999999999983 10.255440711975098
0.002999999999999999 7.332479000091553
0.004 10.69189167022705
0.0049999999999999975 7.326066970825195
0.005999999999999998 4.37247896194458
0.006999999999999999 5.779301166534424
0.008 7.787059307098389
0.009000000000000001 6.96597957611084
0.010000000000000002 2.4772794246673584
0.011000000000000003 1.5168535709381104
0.011999999999999997 2.3192288875579834
0.012999999999999998 2.2810404300689697
0.013999999999999999 2.622946262359619
0.015 2.3087034225463867
0.016 0.9426391124725342
0.017 0.3510112166404724
0.018000000000000002 0.0
0.018999999999999996 0.0
0.019999999999999997 0.0
0.020999999999999998 0.0
0.022 0.0
0.023 0.0
0.024 0.0
0.025 0.0
