-0.025 0.0
-0.024 0.0
-0.023 0.0
-0.022000000000000002 0.0
-0.021 0.0
-0.02 0.0
-0.019000000000000003 0.0
-0.018000000000000002 0.0
-0.017 0.0
-0.016 0.1677020788192749
-0.015000000000000001 0.5249115228652954
-0.014000000000000002 0.5441060066223145
-0.013000000000000001 0.6756125688552856
-0.012 0.3723110556602478
-0.011000000000000001 1.1345891952514648
-0.010000000000000002 3.237332820892334
-0.009000000000000001 4.431584358215332
-0.008 3.114180088043213
-0.006999999999999999 5.754409313201904
-0.006000000000000002 7.399960517883301
-0.005000000000000001 13.755518913269043
-0.004 17.943336486816406
-0.0030000000000000027 17.349945068359375
-0.0020000000000000018 13.368809700012207
-0.0010000000000000009 7.975401878356934
0.0 5.873301982879639
0.0010000000000000009 6.421091079711914
0.0019999999999999983 5.127826690673828
0.002999999999999999 6.009124755859375
0.004 5.008879661560059
0.0049999999999999975 5.210705757141113
0.005999999999999998 5.589920520782471
0.006999999999999999 4.511263370513916
0.008 2.999641180038452
0.009000000000000001 3.4147074222564697
0.010000000000000002 3.5841150283813477
0.011000000000000003 2.7886006832122803
0.011999999999999997 2.7302308082580566
0.012999999999999998 3.874807119369507
0.013999999999999999 3.493067502975464
0.015 1.4311610460281372
0.016 0.3829881548881531
0.017 0.3124503493309021
0.018000000000000002 0.0
0.018999999999999996 0.0
0.019999999999999997 0.0
0.020999999999999998 0.0
0.022 0.0
0.023 0.0
0.024 0.0
0.025 0.0
