-0.025 0.0
-0.024 0.0
-0.023 0.0
-0.022000000000000002 0.0
-0.021 0.0
-0.02 0.0
-0.019000000000000003 0.0
-0.018000000000000002 0.0
-0.017 0.0
-0.016 0.5108942985534668
-0.015000000000000001 1.4483349323272705
-0.014000000000000002 2.0575904846191406
-0.013000000000000001 2.6372432708740234
-0.012 1.1140143871307373
-0.011000000000000001 4.123538970947266
-0.010000000000000002 5.065467357635498
-0.009000000000000001 5.130290985107422
-0.008 4.0352067947387695
-0.006999999999999999 9.851998329162598
-0.006000000000000002 13.436941146850586
-0.005000000000000001 20.034513473510742
-0.004 25.828662872314453
-0.0030000000000000027 20.704917907714844
-0.0020000000000000018 17.25489044189453
-0.0010000000000000009 16.520898818969727
0.0 17.067302703857422
0.0010000000000000009 11.386863708496094
0.0019999999999999983 8.561223030090332
0.002999999999999999 3.4013381004333496
0.004 5.559712886810303
0.0049999999999999975 6.390533924102783
0.005999999999999998 6.590373516082764
0.006999999999999999 6.194056034088135
0.008 5.352035999298096
0.009000000000000001 5.054872512817383
0.010000000000000002 7.10352087020874
0.011000000000000003 5.271950721740723
0.011999999999999997 6.075656414031982
0.012999999999999998 5.492442607879639
0.013999999999999999 7.699848651885986
0.015 3.6471943855285645
0.016 2.1855111122131348
0.017 0.23029658198356628
0.018000000000000002 0.0
0.018999999999999996 0.0
0.019999999999999997 0.0
0.020999999999999998 0.0
0.022 0.0
0.023 0.0
0.024 0.0
0.025 0.0
