-0.025 0.0
-0.024 0.0
-0.023 0.0
-0.022000000000000002 0.0
-0.021 0.0
-0.02 0.0
-0.019000000000000003 0.0
-0.018000000000000002 0.0
-0.017 0.0
-0.016 1.4431549310684204
-0.015000000000000001 0.5489726066589355
-0.014000000000000002 1.0378519296646118
-0.013000000000000001 1.4399334192276
-0.012 0.5247001647949219
-0.011000000000000001 1.7380048036575317
-0.010000000000000002 2.51617431640625
-0.009000000000000001 3.694277763366699
-0.008 3.5020973682403564
-0.006999999999999999 4.179136753082275
-0.006000000000000002 6.7742815017700195
-0.005000000000000001 7.154746055603027
-0.004 11.729402542114258
-0.0030000000000000027 14.956869125366211
-0.0020000000000000018 12.431053161621094
-0.0010000000000000009 8.325116157531738
0.0 10.184112548828125
0.0010000000000000009 9.1262845993042
0.0019999999999999983 6.993977069854736
0.002999999999999999 3.320220470428467
0.004 4.270829200744629
0.0049999999999999975 3.7353570461273193
0.005999999999999998 4.719890594482422
0.006999999999999999 5.8023576736450195
0.008 3.13175368309021
0.009000000000000001 3.86484432220459
0.010000000000000002 4.802641868591309
0.011000000000000003 2.2137625217437744
0.011999999999999997 2.528691530227661
0.012999999999999998 3.178483247756958
0.013999999999999999 1.8607033491134644
0.015 1.6242706775665283
0.016 0.8938456773757935
0.017 0.47815442085266113
0.018000000000000002 0.0
0.018999999999999996 0.0
0.019999999999999997 0.0
0.020999999999999998 0.0
0.022 0.0
0.023 0.0
0.024 0.0
0.025 0.0
