-0.025 0.0
-0.024 0.0
-0.023 0.0
-0.022000000000000002 0.0
-0.021 0.0
-0.02 0.0
-0.019000000000000003 0.0
-0.018000000000000002 0.0
-0.017 0.0
-0.016 0.2750523090362549
-0.015000000000000001 1.3319175243377686
-0.014000000000000002 0.8835190534591675
-0.013000000000000001 1.071516513824463
-0.012 0.35910046100616455
-0.011000000000000001 1.372009515762329
-0.010000000000000002 3.038900852203369
-0.009000000000000001 3.0948843955993652
-0.008 2.5795392990112305
-0.006999999999999999 5.321196556091309
-0.006000000000000002 5.525938987731934
-0.005000000000000001 9.105667114257812
-0.004 12.293428421020508
-0.0030000000000000027 11.329988479614258
-0.0020000000000000018 11.66986083984375
-0.0010000000000000009 7.943995475769043
0.0 6.72538423538208
0.0010000000000000009 6.124838352203369
0.0019999999999999983 5.153624534606934
0.002999999999999999 2.9587152004241943
0.004 3.439450263977051
0.0049999999999999975 4.183218479156494
0.005999999999999998 4.576023101806641
0.006999999999999999 4.609996795654297
0.008 3.294361114501953
0.009000000000000001 3.61474871635437
0.010000000000000002 4.330105781555176
0.011000000000000003 3.0840110778808594
0.011999999999999997 3.4923038482666016
0.012999999999999998 3.8331146240234375
0.013999999999999999 2.742384433746338
0.015 1.1247910261154175
0.016 0.49942296743392944
0.017 0.18091221153736115
0.018000000000000002 0.0
0.018999999999999996 0.0
0.019999999999999997 0.0
0.020999999999999998 0.0
0.022 0.0
0.023 0.0
0.024 0.0
0.025 0.0
