-0.025 0.0
-0.024 0.0
-0.023 0.0
-0.022000000000000002 0.0
-0.021 0.0
-0.02 0.0
-0.019000000000000003 0.0
-0.018000000000000002 0.027784304693341255
-0.017 0.0
-0.016 0.22028164565563202
-0.015000000000000001 1.0529006719589233
-0.014000000000000002 1.1226418018341064
-0.013000000000000001 0.8217395544052124
-0.012 0.9672071933746338
-0.011000000000000001 1.4885843992233276
-0.010000000000000002 1.0578995943069458
-0.009000000000000001 1.078237533569336
-0.008 1.2042522430419922
-0.006999999999999999 4.377932071685791
-0.006000000000000002 4.765772819519043
-0.005000000000000001 6.766534328460693
-0.004 13.909090995788574
-0.0030000000000000027 19.70793342590332
-0.0020000000000000018 22.02117347717285
-0.0010000000000000009 18.672014236450195
0.0 18.8767032623291
0.0010000000000000009 11.253167152404785
0.0019999999999999983 13.147420883178711
0.002999999999999999 3.466003656387329
0.004 3.6277639865875244
0.0049999999999999975 1.4047889709472656
0.005999999999999998 4.527917861938477
0.006999999999999999 2.4225192070007324
0.008 2.1364057064056396
0.009000000000000001 2.0448126792907715
0.010000000000000002 4.22160005569458
0.011000000000000003 1.7957227230072021
0.011999999999999997 1.0907615423202515
0.012999999999999998 1.4481546878814697
0.013999999999999999 3.923570156097412
0.015 2.1379523277282715
0.016 0.43083271384239197
0.017 0.13046808540821075
0.018000000000000002 0.0
0.018999999999999996 0.0
0.019999999999999997 0.0
0.020999999999999998 0.0
0.022 0.0
0.023 0.0
0.024 0.0
0.025 0.0
