-0.025 0.0
-0.024 0.0
-0.023 0.0
-0.022000000000000002 0.0
-0.021 0.0
-0.02 0.0
-0.019000000000000003 0.0
-0.018000000000000002 0.0
-0.017 0.0
-0.016 0.0
-0.015000000000000001 0.0
-0.014000000000000002 0.0
-0.013000000000000001 0.0
-0.012 0.0
-0.011000000000000001 0.09736518561840057
-0.010000000000000002 2.216273307800293
-0.009000000000000001 5.261311054229736
-0.008 2.898057460784912
-0.006999999999999999 4.959260940551758
-0.006000000000000002 4.814317226409912
-0.005000000000000001 4.254725456237793
-0.004 6.99502420425415
-0.0030000000000000027 18.610427856445312
-0.0020000000000000018 22.10238265991211
-0.0010000000000000009 24.36319923400879
0.0 17.133928298950195
0.0010000000000000009 14.045516967773438
0.0019999999999999983 17.185474395751953
0.002999999999999999 9.180992126464844
0.004 2.6440608501434326
0.0049999999999999975 1.5717856884002686
0.005999999999999998 1.7983125448226929
0.006999999999999999 1.8493025302886963
0.008 1.1096363067626953
0.009000000000000001 1.0100414752960205
0.010000000000000002 1.8804891109466553
0.011000000000000003 0.9199665188789368
0.011999999999999997 0.2778962552547455
0.012999999999999998 0.3022767901420593
0.013999999999999999 1.4257413148880005
0.015 1.8847800493240356
0.016 0.624325156211853
0.017 0.8457900285720825
0.018000000000000002 0.0
0.018999999999999996 0.0
0.019999999999999997 0.0
0.020999999999999998 0.0
0.022 0.0
0.023 0.0
0.024 0.0
0.025 0.0
