-0.025 0.0
-0.024 0.0
-0.023 0.0
-0.022000000000000002 0.0
-0.021 0.0
-0.02 0.0
-0.019000000000000003 0.0
-0.018000000000000002 0.0
-0.017 0.0
-0.016 0.0
-0.015000000000000001 0.0
-0.014000000000000002 0.0
-0.013000000000000001 0.0
-0.012 0.0
-0.011000000000000001 0.0
-0.010000000000000002 0.19922566413879395
-0.009000000000000001 0.0
-0.008 0.0
-0.006999999999999999 0.40404266119003296
-0.006000000000000002 5.217499732971191
-0.005000000000000001 5.7131500244140625
-0.004 19.13811492919922
-0.0030000000000000027 28.84234619140625
-0.0020000000000000018 26.022090911865234
-0.0010000000000000009 22.481090545654297
0.0 25.229827880859375
0.0010000000000000009 13.517383575439453
0.0019999999999999983 12.567212104797363
0.002999999999999999 3.6642956733703613
0.004 1.3619061708450317
0.0049999999999999975 3.3864965438842773
0.005999999999999998 4.86297082901001
0.006999999999999999 4.04746675491333
0.008 5.4947190284729
0.009000000000000001 3.603806257247925
0.010000000000000002 6.7406005859375
0.011000000000000003 4.968229293823242
0.011999999999999997 1.8283295631408691
0.012999999999999998 1.0640339851379395
0.013999999999999999 0.8761621713638306
0.015 0.8940404653549194
0.016 0.31396329402923584
0.017 0.28125691413879395
0.018000000000000002 0.0
0.018999999999999996 0.0
0.019999999999999997 0.0
0.020999999999999998 0.0
0.022 0.0
0.023 0.0
0.024 0.0
0.025 0.0
