-0.025 0.0
-0.024 0.0
-0.023 0.0
-0.022000000000000002 0.0
-0.021 0.0
-0.02 0.0
-0.019000000000000003 0.0
-0.018000000000000002 0.0
-0.017 0.0
-0.016 0.0
-0.015000000000000001 0.0
-0.014000000000000002 0.0
-0.013000000000000001 0.0
-0.012 0.0
-0.011000000000000001 0.0
-0.010000000000000002 0.0
-0.009000000000000001 0.0
-0.008 0.23296603560447693
-0.006999999999999999 2.4093379974365234
-0.006000000000000002 4.0975236892700195
-0.005000000000000001 7.291747093200684
-0.004 19.342021942138672
-0.0030000000000000027 28.298431396484375
-0.0020000000000000018 30.682985305786133
-0.0010000000000000009 25.567951202392578
0.0 21.706575393676758
0.0010000000000000009 15.83997917175293
0.0019999999999999983 8.28128719329834
0.002999999999999999 1.5898511409759521
0.004 2.71280574798584
0.0049999999999999975 2.2907328605651855
0.005999999999999998 4.174557209014893
0.006999999999999999 3.9122555255889893
0.008 2.8464043140411377
0.009000000000000001 3.4608819484710693
0.010000000000000002 3.7407965660095215
0.011000000000000003 4.1428375244140625
0.011999999999999997 3.7418038845062256
0.012999999999999998 1.2888802289962769
0.013999999999999999 0.5111497640609741
0.015 0.5550411343574524
0.016 0.29498469829559326
0.017 0.31516945362091064
0.018000000000000002 0.0
0.018999999999999996 0.0
0.019999999999999997 0.0
0.020999999999999998 0.0
0.022 0.0
0.023 0.0
0.024 0.0
0.025 0.0
