-0.025 0.0
-0.024 0.0
-0.023 0.0
-0.022000000000000002 0.0
-0.021 0.0
-0.02 0.0
-0.019000000000000003 0.0
-0.018000000000000002 0.0
-0.017 0.0
-0.016 0.0
-0.015000000000000001 0.0
-0.014000000000000002 0.0
-0.013000000000000001 0.0
-0.012 0.0
-0.011000000000000001 0.0
-0.010000000000000002 0.5853003859519958
-0.009000000000000001 2.2114334106445312
-0.008 1.957461953163147
-0.006999999999999999 5.278812408447266
-0.006000000000000002 11.740351676940918
-0.005000000000000001 14.716055870056152
-0.004 20.338157653808594
-0.0030000000000000027 29.287548065185547
-0.0020000000000000018 23.02149200439453
-0.0010000000000000009 12.725037574768066
0.0 10.86707592010498
0.0010000000000000009 8.902437210083008
0.0019999999999999983 10.051321983337402
0.002999999999999999 5.11759090423584
0.004 6.518745422363281
0.0049999999999999975 7.911745548248291
0.005999999999999998 10.10599422454834
0.006999999999999999 9.306974411010742
0.008 7.4827375411987305
0.009000000000000001 2.2836811542510986
0.010000000000000002 2.005887508392334
0.011000000000000003 0.7038937211036682
0.011999999999999997 0.21324720978736877
0.012999999999999998 0.14395414292812347
0.013999999999999999 0.6132625937461853
0.015 1.0035076141357422
0.016 0.20164673030376434
0.017 0.34578773379325867
0.018000000000000002 0.0
0.018999999999999996 0.0
0.019999999999999997 0.0
0.020999999999999998 0.0
0.022 0.0
0.023 0.0
0.024 0.0
0.025 0.0
