-0.025 0.0
-0.024 0.0
-0.023 0.0
-0.022000000000000002 0.0
-0.021 0.0
-0.02 0.0
-0.019000000000000003 0.0
-0.018000000000000002 0.0
-0.017 0.0
-0.016 0.0
-0.015000000000000001 0.0
-0.014000000000000002 0.0
-0.013000000000000001 0.0
-0.012 0.0
-0.011000000000000001 0.39015719294548035
-0.010000000000000002 1.686074137687683
-0.009000000000000001 2.713667154312134
-0.008 2.004490852355957
-0.006999999999999999 8.188763618469238
-0.006000000000000002 14.036596298217773
-0.005000000000000001 16.17034912109375
-0.004 18.474918365478516
-0.0030000000000000027 28.10918617248535
-0.0020000000000000018 33.760955810546875
-0.0010000000000000009 33.86741638183594
0.0 26.6472225189209
0.0010000000000000009 18.876792907714844
0.0019999999999999983 16.44452667236328
0.002999999999999999 10.721501350402832
0.004 5.085483551025391
0.0049999999999999975 2.105564832687378
0.005999999999999998 5.442083358764648
0.006999999999999999 7.163290500640869
0.008 5.6254119873046875
0.009000000000000001 7.135218620300293
0.010000000000000002 6.634095191955566
0.011000000000000003 6.431819915771484
0.011999999999999997 4.020873069763184
0.012999999999999998 2.6893107891082764
0.013999999999999999 1.3818527460098267
0.015 0.18711741268634796
0.016 0.09023279696702957
0.017 0.005861935205757618
0.018000000000000002 0.0
0.018999999999999996 0.0
0.019999999999999997 0.0
0.020999999999999998 0.0
0.022 0.0
0.023 0.0
0.024 0.0
0.025 0.0
