-0.025 0.0
-0.024 0.0
-0.023 0.0
-0.022000000000000002 0.0
-0.021 0.0
-0.02 0.0
-0.019000000000000003 0.0
-0.018000000000000002 0.10756435990333557
-0.017 0.0
-0.016 2.4853641986846924
-0.015000000000000001 2.142414093017578
-0.014000000000000002 1.6606826782226562
-0.013000000000000001 2.250473976135254
-0.012 2.1016924381256104
-0.011000000000000001 3.024102210998535
-0.010000000000000002 3.380627155303955
-0.009000000000000001 6.439258575439453
-0.008 12.46403694152832
-0.006999999999999999 13.646215438842773
-0.006000000000000002 11.489773750305176
-0.005000000000000001 18.353294372558594
-0.004 21.19573211669922
-0.0030000000000000027 23.37569808959961
-0.0020000000000000018 22.41032600402832
-0.0010000000000000009 18.665664672851562
0.0 17.341598510742188
0.0010000000000000009 13.528926849365234
0.0019999999999999983 13.377753257751465
0.002999999999999999 6.6268157958984375
0.004 11.785889625549316
0.0049999999999999975 13.314290046691895
0.005999999999999998 13.90057373046875
0.006999999999999999 11.895044326782227
0.008 13.86259937286377
0.009000000000000001 9.800153732299805
0.010000000000000002 9.024523735046387
0.011000000000000003 2.4130499362945557
0.011999999999999997 3.022787094116211
0.012999999999999998 3.569826602935791
0.013999999999999999 3.115556240081787
0.015 1.4217292070388794
0.016 0.17835408449172974
0.017 0.23837612569332123
0.018000000000000002 0.0
0.018999999999999996 0.0
0.019999999999999997 0.0
0.020999999999999998 0.0
0.022 0.0
0.023 0.0
0.024 0.0
0.025 0.0
