-0.025 0.0
-0.024 0.0
-0.023 0.0
-0.022000000000000002 0.0
-0.021 0.0
-0.02 0.0
-0.019000000000000003 0.0
-0.018000000000000002 0.0
-0.017 0.0
-0.016 1.167216181755066
-0.015000000000000001 1.5464047193527222
-0.014000000000000002 2.4738712310791016
-0.013000000000000001 1.5475001335144043
-0.012 0.6919220685958862
-0.011000000000000001 2.736273765563965
-0.010000000000000002 3.91390061378479
-0.009000000000000001 4.036954879760742
-0.008 4.547527313232422
-0.006999999999999999 6.396010398864746
-0.006000000000000002 9.559916496276855
-0.005000000000000001 12.944999694824219
-0.004 16.36956787109375
-0.0030000000000000027 19.394418716430664
-0.0020000000000000018 15.741827011108398
-0.0010000000000000009 10.015045166015625
0.0 8.850929260253906
0.0010000000000000009 8.222445487976074
0.0019999999999999983 10.945501327514648
0.002999999999999999 6.797914505004883
0.004 4.733982563018799
0.0049999999999999975 6.319034576416016
0.005999999999999998 7.434632778167725
0.006999999999999999 7.217457294464111
0.008 5.414493560791016
0.009000000000000001 6.327246189117432
0.010000000000000002 9.240642547607422
0.011000000000000003 6.016149520874023
0.011999999999999997 4.744584560394287
0.012999999999999998 5.879530906677246
0.013999999999999999 4.7982635498046875
0.015 2.4327523708343506
0.016 0.49851474165916443
0.017 0.242300346493721
0.018000000000000002 0.0
0.018999999999999996 0.0
0.019999999999999997 0.0
0.020999999999999998 0.0
0.022 0.0
0.023 0.0
0.024 0.0
0.025 0.0
