-0.025 0.0
-0.024 0.0
-0.023 0.0
-0.022000000000000002 0.0
-0.021 0.0
-0.02 0.0
-0.019000000000000003 0.0
-0.018000000000000002 0.0
-0.017 0.0
-0.016 0.21417567133903503
-0.015000000000000001 0.7475548982620239
-0.014000000000000002 0.6285898685455322
-0.013000000000000001 0.8547606468200684
-0.012 0.36302024126052856
-0.011000000000000001 0.9978665113449097
-0.010000000000000002 3.798053026199341
-0.009000000000000001 6.5604329109191895
-0.008 4.054783821105957
-0.006999999999999999 9.609391212463379
-0.006000000000000002 11.090394973754883
-0.005000000000000001 21.060504913330078
-0.004 21.57672882080078
-0.0030000000000000027 22.39192771911621
-0.0020000000000000018 18.47775650024414
-0.0010000000000000009 11.565801620483398
0.0 11.357213973999023
0.0010000000000000009 9.968877792358398
0.0019999999999999983 10.615426063537598
0.002999999999999999 8.601174354553223
0.004 9.929474830627441
0.0049999999999999975 9.218795776367188
0.005999999999999998 8.590967178344727
0.006999999999999999 8.064472198486328
0.008 6.550001621246338
0.009000000000000001 5.7531819343566895
0.010000000000000002 7.277952194213867
0.011000000000000003 3.460258960723877
0.011999999999999997 3.4042952060699463
0.012999999999999998 2.7203831672668457
0.013999999999999999 3.020575523376465
0.015 1.9893180131912231
0.016 0.6098832488059998
0.017 0.5346165299415588
0.018000000000000002 0.0
0.018999999999999996 0.0
0.019999999999999997 0.0
0.020999999999999998 0.0
0.022 0.0
0.023 0.0
0.024 0.0
0.025 0.0
