-0.025 0.0
-0.024 0.0
-0.023 0.0
-0.022000000000000002 0.0
-0.021 0.0
-0.02 0.0
-0.019000000000000003 0.0
-0.018000000000000002 0.0
-0.017 0.0
-0.016 0.0
-0.015000000000000001 0.05377543717622757
-0.014000000000000002 0.1464361697435379
-0.013000000000000001 0.20168223977088928
-0.012 0.0
-0.011000000000000001 0.0
-0.010000000000000002 0.36290380358695984
-0.009000000000000001 1.0264936685562134
-0.008 2.5175106525421143
-0.006999999999999999 9.811890602111816
-0.006000000000000002 12.515551567077637
-0.005000000000000001 14.352710723876953
-0.004 20.004898071289062
-0.0030000000000000027 32.491275787353516
-0.0020000000000000018 35.53632354736328
-0.0010000000000000009 25.292774200439453
0.0 19.522947311401367
0.0010000000000000009 17.682321548461914
0.0019999999999999983 16.664405822753906
0.002999999999999999 8.788315773010254
0.004 11.489015579223633
0.0049999999999999975 6.594605922698975
0.005999999999999998 5.295063495635986
0.006999999999999999 8.83413028717041
0.008 11.335505485534668
0.009000000000000001 8.089690208435059
0.010000000000000002 4.322862148284912
0.011000000000000003 2.545327663421631
0.011999999999999997 1.6615338325500488
0.012999999999999998 0.9070886373519897
0.013999999999999999 1.7567895650863647
0.015 1.1333866119384766
0.016 0.5117055773735046
0.017 0.5077564716339111
0.018000000000000002 0.0
0.018999999999999996 0.0
0.019999999999999997 0.0
0.020999999999999998 0.0
0.022 0.0
0.023 0.0
0.024 0.0
0.025 0.0
