-0.025 0.0
-0.024 0.0
-0.023 0.0
-0.022000000000000002 0.0
-0.021 0.0
-0.02 0.0
-0.019000000000000003 0.0
-0.018000000000000002 0.0
-0.017 0.0
-0.016 2.344804048538208
-0.015000000000000001 1.7170202732086182
-0.014000000000000002 0.6023651361465454
-0.013000000000000001 1.4148820638656616
-0.012 1.88059663772583
-0.011000000000000001 1.2791118621826172
-0.010000000000000002 2.725416660308838
-0.009000000000000001 4.263295650482178
-0.008 3.7389063835144043
-0.006999999999999999 4.104018211364746
-0.006000000000000002 3.6395955085754395
-0.005000000000000001 7.265183448791504
-0.004 11.161625862121582
-0.0030000000000000027 23.693212509155273
-0.0020000000000000018 25.741683959960938
-0.0010000000000000009 22.410961151123047
0.0 22.603057861328125
0.0010000000000000009 16.955230712890625
0.0019999999999999983 16.669464111328125
0.002999999999999999 4.530213356018066
0.004 10.524017333984375
0.0049999999999999975 7.481426239013672
0.005999999999999998 9.013537406921387
0.006999999999999999 9.668041229248047
0.008 7.537992477416992
0.009000000000000001 3.3964788913726807
0.010000000000000002 0.9748740196228027
0.011000000000000003 0.3773786425590515
0.011999999999999997 0.5027151107788086
0.012999999999999998 1.0247806310653687
0.013999999999999999 1.3845257759094238
0.015 1.281144618988037
0.016 0.49091970920562744
0.017 0.6783851981163025
0.018000000000000002 0.0
0.018999999999999996 0.0
0.019999999999999997 0.0
0.020999999999999998 0.0
0.022 0.0
0.023 0.0
0.024 0.0
0.025 0.0
