-0.025 0.0
-0.024 0.0
-0.023 0.0
-0.022000000000000002 0.0
-0.021 0.0
-0.02 0.0
-0.019000000000000003 0.0
-0.018000000000000002 0.0
-0.017 0.0
-0.016 1.8634120225906372
-0.015000000000000001 0.07319410890340805
-0.014000000000000002 1.2084078788757324
-0.013000000000000001 2.1338915824890137
-0.012 0.033585697412490845
-0.011000000000000001 0.6068800687789917
-0.010000000000000002 0.5783307552337646
-0.009000000000000001 0.8267860412597656
-0.008 7.410033226013184
-0.006999999999999999 13.853711128234863
-0.006000000000000002 7.722179889678955
-0.005000000000000001 6.621787071228027
-0.004 12.48807430267334
-0.0030000000000000027 14.413562774658203
-0.0020000000000000018 21.458141326904297
-0.0010000000000000009 18.662328720092773
0.0 16.567909240722656
0.0010000000000000009 10.532247543334961
0.0019999999999999983 27.362041473388672
0.002999999999999999 13.467004776000977
0.004 11.999688148498535
0.0049999999999999975 15.273139953613281
0.005999999999999998 7.148052215576172
0.006999999999999999 6.522609710693359
0.008 10.626314163208008
0.009000000000000001 9.417080879211426
0.010000000000000002 8.167298316955566
0.011000000000000003 7.720583915710449
0.011999999999999997 1.676926612854004
0.012999999999999998 1.3086017370224
0.013999999999999999 1.4140297174453735
0.015 1.0555387735366821
0.016 0.3408275246620178
0.017 0.31762048602104187
0.018000000000000002 0.0
0.018999999999999996 0.0
0.019999999999999997 0.0
0.020999999999999998 0.0
0.022 0.0
0.023 0.0
0.024 0.0
0.025 0.0
