-0.025 0.0
-0.024 0.0
-0.023 0.0
-0.022000000000000002 0.0
-0.021 0.0
-0.02 0.0
-0.019000000000000003 0.0
-0.018000000000000002 0.0
-0.017 0.0
-0.016 0.3026144504547119
-0.015000000000000001 0.275696724653244
-0.014000000000000002 1.2891839742660522
-0.013000000000000001 2.874831199645996
-0.012 4.632174491882324
-0.011000000000000001 5.941013336181641
-0.010000000000000002 5.514171123504639
-0.009000000000000001 4.6180572509765625
-0.008 4.463191986083984
-0.006999999999999999 5.63346004486084
-0.006000000000000002 6.191044807434082
-0.005000000000000001 8.818548202514648
-0.004 18.85004234313965
-0.0030000000000000027 26.43571662902832
-0.0020000000000000018 27.217487335205078
-0.0010000000000000009 24.944026947021484
0.0 24.81215476989746
0.0010000000000000009 23.067852020263672
0.0019999999999999983 19.487464904785156
0.002999999999999999 8.416411399841309
0.004 12.322996139526367
0.0049999999999999975 6.072549819946289
0.005999999999999998 12.063343048095703
0.006999999999999999 9.389037132263184
0.008 10.527606010437012
0.009000000000000001 5.188164710998535
0.010000000000000002 2.38574481010437
0.011000000000000003 0.7188394069671631
0.011999999999999997 1.1019495725631714
0.012999999999999998 0.46132761240005493
0.013999999999999999 0.40456897020339966
0.015 0.3814908564090729
0.016 0.39551928639411926
0.017 0.4429752230644226
0.018000000000000002 0.0
0.018999999999999996 0.0
0.019999999999999997 0.0
0.020999999999999998 0.0
0.022 0.0
0.023 0.0
0.024 0.0
0.025 0.0
