-0.025 0.0
-0.024 0.0
-0.023 0.0
-0.022000000000000002 0.0
-0.021 0.0
-0.02 0.0
-0.019000000000000003 0.0
-0.018000000000000002 0.0
-0.017 0.0
-0.016 0.0
-0.015000000000000001 0.0
-0.014000000000000002 0.0
-0.013000000000000001 0.0
-0.012 0.0
-0.011000000000000001 0.0
-0.010000000000000002 0.0
-0.009000000000000001 0.0
-0.008 1.4959800243377686
-0.006999999999999999 8.67014217376709
-0.006000000000000002 12.012664794921875
-0.005000000000000001 12.571466445922852
-0.004 13.540412902832031
-0.0030000000000000027 20.31895637512207
-0.0020000000000000018 25.727615356445312
-0.0010000000000000009 26.701953887939453
0.0 23.507732391357422
0.0010000000000000009 18.843481063842773
0.0019999999999999983 16.164264678955078
0.002999999999999999 11.304854393005371
0.004 9.069613456726074
0.0049999999999999975 4.533724784851074
0.005999999999999998 5.074665546417236
0.006999999999999999 4.159334659576416
0.008 5.171414375305176
0.009000000000000001 3.5243561267852783
0.010000000000000002 4.630919456481934
0.011000000000000003 2.675384759902954
0.011999999999999997 1.7652713060379028
0.012999999999999998 0.7953757047653198
0.013999999999999999 1.1125279664993286
0.015 1.1585794687271118
0.016 0.5005550384521484
0.017 0.15073125064373016
0.018000000000000002 0.0
0.018999999999999996 0.0
0.019999999999999997 0.0
0.020999999999999998 0.0
0.022 0.0
0.023 0.0
0.024 0.0
0.025 0.0
