-0.025 0.0
-0.024 0.0
-0.023 0.0
-0.022000000000000002 0.0
-0.021 0.0
-0.02 0.0
-0.019000000000000003 0.0
-0.018000000000000002 0.0
-0.017 0.0
-0.016 0.0
-0.015000000000000001 0.0
-0.014000000000000002 0.0
-0.013000000000000001 0.0
-0.012 0.0
-0.011000000000000001 0.0
-0.010000000000000002 0.6189594268798828
-0.009000000000000001 0.0
-0.008 0.0
-0.006999999999999999 1.6071984767913818
-0.006000000000000002 2.930999279022217
-0.005000000000000001 5.871971130371094
-0.004 16.27777671813965
-0.0030000000000000027 23.239248275756836
-0.0020000000000000018 24.608034133911133
-0.0010000000000000009 23.41838264465332
0.0 29.760761260986328
0.0010000000000000009 19.77592658996582
0.0019999999999999983 6.587693691253662
0.002999999999999999 2.9118754863739014
0.004 3.4641530513763428
0.0049999999999999975 3.13596510887146
0.005999999999999998 5.814691543579102
0.006999999999999999 3.351198673248291
0.008 0.8575542569160461
0.009000000000000001 1.7181668281555176
0.010000000000000002 4.407557487487793
0.011000000000000003 1.6593142747879028
0.011999999999999997 1.6644494533538818
0.012999999999999998 1.4886114597320557
0.013999999999999999 1.9588656425476074
0.015 0.6724558472633362
0.016 0.27685487270355225
0.017 0.2737790048122406
0.018000000000000002 0.0
0.018999999999999996 0.0
0.019999999999999997 0.0
0.020999999999999998 0.0
0.022 0.0
0.023 0.0
0.024 0.0
0.025 0.0
