-0.025 0.0
-0.024 0.0
-0.023 0.0
-0.022000000000000002 0.0
-0.021 0.0
-0.02 0.0
-0.019000000000000003 0.0
-0.018000000000000002 0.0
-0.017 0.0
-0.016 0.0
-0.015000000000000001 0.0974355936050415
-0.014000000000000002 1.194554090499878
-0.013000000000000001 1.2596640586853027
-0.012 0.6554253101348877
-0.011000000000000001 2.231070041656494
-0.010000000000000002 5.166560649871826
-0.009000000000000001 8.444565773010254
-0.008 6.1635236740112305
-0.006999999999999999 10.131260871887207
-0.006000000000000002 10.959066390991211
-0.005000000000000001 14.72758674621582
-0.004 25.71372413635254
-0.0030000000000000027 39.08029556274414
-0.0020000000000000018 46.166038513183594
-0.0010000000000000009 47.7587776184082
0.0 40.230628967285156
0.0010000000000000009 23.18342399597168
0.0019999999999999983 18.349111557006836
0.002999999999999999 6.844601154327393
0.004 6.913906574249268
0.0049999999999999975 3.8520026206970215
0.005999999999999998 4.327098846435547
0.006999999999999999 5.212674140930176
0.008 3.13116192817688
0.009000000000000001 3.5301549434661865
0.010000000000000002 4.430243492126465
0.011000000000000003 2.5269856452941895
0.011999999999999997 2.909473419189453
0.012999999999999998 4.100560665130615
0.013999999999999999 9.206844329833984
0.015 5.571352481842041
0.016 2.4870049953460693
0.017 1.63548743724823
0.018000000000000002 0.0
0.018999999999999996 0.0
0.019999999999999997 0.0
0.020999999999999998 0.0
0.022 0.0
0.023 0.0
0.024 0.0
0.025 0.0
