-0.025 0.0
-0.024 0.0
-0.023 0.0
-0.022000000000000002 0.0
-0.021 0.0
-0.02 0.0
-0.019000000000000003 0.0
-0.018000000000000002 0.0
-0.017 0.0
-0.016 0.3313961625099182
-0.015000000000000001 1.2285054922103882
-0.014000000000000002 1.3900387287139893
-0.013000000000000001 1.1778929233551025
-0.012 0.6483169794082642
-0.011000000000000001 1.7953205108642578
-0.010000000000000002 2.9649085998535156
-0.009000000000000001 3.0856895446777344
-0.008 2.501832962036133
-0.006999999999999999 3.6748180389404297
-0.006000000000000002 5.124702453613281
-0.005000000000000001 8.779230117797852
-0.004 14.704322814941406
-0.0030000000000000027 19.78679656982422
-0.0020000000000000018 17.315776824951172
-0.0010000000000000009 11.149181365966797
0.0 9.58873176574707
0.0010000000000000009 6.835118770599365
0.0019999999999999983 9.414704322814941
0.002999999999999999 2.9016337394714355
0.004 3.9177229404449463
0.0049999999999999975 4.5618791580200195
0.005999999999999998 4.428847312927246
0.006999999999999999 4.11993408203125
0.008 2.7010583877563477
0.009000000000000001 3.51361346244812
0.010000000000000002 5.072334289550781
0.011000000000000003 3.7640230655670166
0.011999999999999997 3.9289872646331787
0.012999999999999998 4.653865337371826
0.013999999999999999 4.325568199157715
0.015 2.253909111022949
0.016 0.6149659752845764
0.017 0.24114403128623962
0.018000000000000002 0.0
0.018999999999999996 0.0
0.019999999999999997 0.0
0.020999999999999998 0.0
0.022 0.0
0.023 0.0
0.024 0.0
0.025 0.0
