-0.025 0.0
-0.024 0.0
-0.023 0.0
-0.022000000000000002 0.0
-0.021 0.0
-0.02 0.0
-0.019000000000000003 0.0
-0.018000000000000002 0.0
-0.017 0.0
-0.016 0.0
-0.015000000000000001 0.0
-0.014000000000000002 0.0
-0.013000000000000001 0.0
-0.012 0.0
-0.011000000000000001 0.0
-0.010000000000000002 0.0
-0.009000000000000001 0.3883589208126068
-0.008 0.7293928861618042
-0.006999999999999999 0.7203996181488037
-0.006000000000000002 4.483611583709717
-0.005000000000000001 9.160977363586426
-0.004 13.953323364257812
-0.0030000000000000027 23.7900390625
-0.0020000000000000018 21.736268997192383
-0.0010000000000000009 17.648048400878906
0.0 12.989151000976562
0.0010000000000000009 9.452618598937988
0.0019999999999999983 15.277961730957031
0.002999999999999999 5.390634536743164
0.004 5.434232234954834
0.0049999999999999975 7.576478958129883
0.005999999999999998 7.808389663696289
0.006999999999999999 4.9330596923828125
0.008 3.5819058418273926
0.009000000000000001 0.7401468753814697
0.010000000000000002 0.38869959115982056
0.011000000000000003 0.42968234419822693
0.011999999999999997 0.06268953531980515
0.012999999999999998 0.0692751556634903
0.013999999999999999 0.26159563660621643
0.015 0.48720163106918335
0.016 0.08147328346967697
0.017 0.3225588798522949
0.018000000000000002 0.0
0.018999999999999996 0.0
0.019999999999999997 0.0
0.020999999999999998 0.0
0.022 0.0
0.023 0.0
0.024 0.0
0.025 0.0
