-0.025 0.0
-0.024 0.0
-0.023 0.0
-0.022000000000000002 0.0
-0.021 0.0
-0.02 0.0
-0.019000000000000003 0.0
-0.018000000000000002 0.8678022623062134
-0.017 0.0
-0.016 0.7194144129753113
-0.015000000000000001 1.1183316707611084
-0.014000000000000002 1.960723876953125
-0.013000000000000001 2.1512601375579834
-0.012 0.9949304461479187
-0.011000000000000001 1.1101138591766357
-0.010000000000000002 1.7967504262924194
-0.009000000000000001 2.1461238861083984
-0.008 2.364469289779663
-0.006999999999999999 2.7550253868103027
-0.006000000000000002 7.451292514801025
-0.005000000000000001 9.407731056213379
-0.004 14.759689331054688
-0.0030000000000000027 19.333377838134766
-0.0020000000000000018 18.921737670898438
-0.0010000000000000009 21.648418426513672
0.0 20.956592559814453
0.0010000000000000009 14.05249309539795
0.0019999999999999983 15.74011516571045
0.002999999999999999 9.78207015991211
0.004 11.244730949401855
0.0049999999999999975 10.771531105041504
0.005999999999999998 14.506750106811523
0.006999999999999999 9.124506950378418
0.008 5.361604690551758
0.009000000000000001 2.4596874713897705
0.010000000000000002 2.5244271755218506
0.011000000000000003 2.1313695907592773
0.011999999999999997 0.7315346002578735
0.012999999999999998 0.21340562403202057
0.013999999999999999 0.2948795258998871
0.015 0.47218215465545654
0.016 0.21259818971157074
0.017 0.18781395256519318
0.018000000000000002 0.0
0.018999999999999996 0.0
0.019999999999999997 0.0
0.020999999999999998 0.0
0.022 0.0
0.023 0.0
0.024 0.0
0.025 0.0
