-0.025 0.0
-0.024 0.0
-0.023 0.0
-0.022000000000000002 0.0
-0.021 0.0
-0.02 0.0
-0.019000000000000003 0.0
-0.018000000000000002 0.0
-0.017 0.0
-0.016 0.0
-0.015000000000000001 0.0
-0.014000000000000002 0.0
-0.013000000000000001 0.0
-0.012 0.0
-0.011000000000000001 0.06774009019136429
-0.010000000000000002 0.2869640290737152
-0.009000000000000001 1.000618577003479
-0.008 0.9872823357582092
-0.006999999999999999 4.143091201782227
-0.006000000000000002 12.473590850830078
-0.005000000000000001 16.31637191772461
-0.004 19.536035537719727
-0.0030000000000000027 18.23863983154297
-0.0020000000000000018 18.58684539794922
-0.0010000000000000009 18.6550235748291
0.0 14.17579460144043
0.0010000000000000009 10.172698020935059
0.0019999999999999983 5.673981666564941
0.002999999999999999 9.009420394897461
0.004 8.482072830200195
0.0049999999999999975 10.68221664428711
0.005999999999999998 9.88886833190918
0.006999999999999999 8.577262878417969
0.008 5.423497676849365
0.009000000000000001 1.375607967376709
0.010000000000000002 0.5445545315742493
0.011000000000000003 0.5208092331886292
0.011999999999999997 0.7604626417160034
0.012999999999999998 0.8090823888778687
0.013999999999999999 1.07188081741333
0.015 1.3336853981018066
0.016 0.49459540843963623
0.017 0.38612258434295654
0.018000000000000002 0.0
0.018999999999999996 0.0
0.019999999999999997 0.0
0.020999999999999998 0.0
0.022 0.0
0.023 0.0
0.024 0.0
0.025 0.0
