-0.025 0.0
-0.024 0.0
-0.023 0.0
-0.022000000000000002 0.0
-0.021 0.0
-0.02 0.0
-0.019000000000000003 0.0
-0.018000000000000002 0.0
-0.017 0.0
-0.016 0.0
-0.015000000000000001 0.7765015959739685
-0.014000000000000002 2.529520034790039
-0.013000000000000001 2.648780584335327
-0.012 2.4060423374176025
-0.011000000000000001 2.948164939880371
-0.010000000000000002 2.496145009994507
-0.009000000000000001 1.758178949356079
-0.008 2.089676856994629
-0.006999999999999999 2.8873860836029053
-0.006000000000000002 3.3250434398651123
-0.005000000000000001 7.065515518188477
-0.004 20.351903915405273
-0.0030000000000000027 19.653085708618164
-0.0020000000000000018 23.226696014404297
-0.0010000000000000009 25.139265060424805
0.0 23.572832107543945
0.0010000000000000009 15.018731117248535
0.0019999999999999983 9.760618209838867
0.002999999999999999 5.218948841094971
0.004 4.695324897766113
0.0049999999999999975 3.351766586303711
0.005999999999999998 4.229371070861816
0.006999999999999999 2.7029364109039307
0.008 2.3790175914764404
0.009000000000000001 2.2443904876708984
0.010000000000000002 2.60260272026062
0.011000000000000003 2.354851722717285
0.011999999999999997 4.019921779632568
0.012999999999999998 5.656574249267578
0.013999999999999999 5.597804069519043
0.015 3.3771920204162598
0.016 1.365967035293579
0.017 0.6655002236366272
0.018000000000000002 0.0
0.018999999999999996 0.0
0.019999999999999997 0.0
0.020999999999999998 0.0
0.022 0.0
0.023 0.0
0.024 0.0
0.025 0.0
