-0.025 0.0
-0.024 0.0
-0.023 0.0
-0.022000000000000002 0.0
-0.021 0.0
-0.02 0.0
-0.019000000000000003 0.0
-0.018000000000000002 0.0
-0.017 0.0
-0.016 0.0
-0.015000000000000001 0.0
-0.014000000000000002 0.0
-0.013000000000000001 0.0
-0.012 0.0
-0.011000000000000001 0.0
-0.010000000000000002 0.0
-0.009000000000000001 0.0
-0.008 0.10304532945156097
-0.006999999999999999 3.4463350772857666
-0.006000000000000002 8.431166648864746
-0.005000000000000001 13.276307106018066
-0.004 15.498446464538574
-0.0030000000000000027 23.60382843017578
-0.0020000000000000018 25.269563674926758
-0.0010000000000000009 27.56603240966797
0.0 26.278615951538086
0.0010000000000000009 17.703428268432617
0.0019999999999999983 17.048927307128906
0.002999999999999999 10.017755508422852
0.004 11.213850021362305
0.0049999999999999975 6.092163562774658
0.005999999999999998 2.5832178592681885
0.006999999999999999 1.4813258647918701
0.008 2.664940357208252
0.009000000000000001 2.1072843074798584
0.010000000000000002 0.8040890097618103
0.011000000000000003 1.0013679265975952
0.011999999999999997 1.5156614780426025
0.012999999999999998 0.6924176216125488
0.013999999999999999 1.1979042291641235
0.015 1.0317785739898682
0.016 0.9559910297393799
0.017 0.21423660218715668
0.018000000000000002 0.0
0.018999999999999996 0.0
0.019999999999999997 0.0
0.020999999999999998 0.0
0.022 0.0
0.023 0.0
0.024 0.0
0.025 0.0
