-0.025 0.0
-0.024 0.0
-0.023 0.0
-0.022000000000000002 0.0
-0.021 0.0
-0.02 0.0
-0.019000000000000003 0.0
-0.018000000000000002 0.0
-0.017 0.0
-0.016 0.14160984754562378
-0.015000000000000001 0.6055821180343628
-0.014000000000000002 0.5342668294906616
-0.013000000000000001 0.703145444393158
-0.012 0.24410194158554077
-0.011000000000000001 0.9796596169471741
-0.010000000000000002 2.0208725929260254
-0.009000000000000001 2.9531567096710205
-0.008 2.5909576416015625
-0.006999999999999999 4.73976993560791
-0.006000000000000002 10.779311180114746
-0.005000000000000001 18.40793228149414
-0.004 23.239065170288086
-0.0030000000000000027 23.43474578857422
-0.0020000000000000018 21.117935180664062
-0.0010000000000000009 17.858261108398438
0.0 15.067545890808105
0.0010000000000000009 11.84742546081543
0.0019999999999999983 14.54439640045166
0.002999999999999999 9.726301193237305
0.004 9.252046585083008
0.0049999999999999975 12.791280746459961
0.005999999999999998 11.974533081054688
0.006999999999999999 8.303452491760254
0.008 3.4441959857940674
0.009000000000000001 2.7389822006225586
0.010000000000000002 3.798158645629883
0.011000000000000003 2.68161940574646
0.011999999999999997 2.611297607421875
0.012999999999999998 3.507596492767334
0.013999999999999999 2.8158106803894043
0.015 1.6692907810211182
0.016 0.6237231492996216
0.017 0.7485460638999939
0.018000000000000002 0.0
0.018999999999999996 0.0
0.019999999999999997 0.0
0.020999999999999998 0.0
0.022 0.0
0.023 0.0
0.024 0.0
0.025 0.0
