-0.025 0.0
-0.024 0.0
-0.023 0.0
-0.022000000000000002 0.0
-0.021 0.0
-0.02 0.0
-0.019000000000000003 0.0
-0.018000000000000002 0.0
-0.017 0.0
-0.016 0.39632436633110046
-0.015000000000000001 0.9660969972610474
-0.014000000000000002 1.2459187507629395
-0.013000000000000001 0.4962199926376343
-0.012 0.6244370937347412
-0.011000000000000001 1.0443811416625977
-0.010000000000000002 1.4168555736541748
-0.009000000000000001 1.7088162899017334
-0.008 7.294703006744385
-0.006999999999999999 13.826681137084961
-0.006000000000000002 15.312422752380371
-0.005000000000000001 16.001253128051758
-0.004 20.220613479614258
-0.0030000000000000027 18.946060180664062
-0.0020000000000000018 22.775402069091797
-0.0010000000000000009 22.811491012573242
0.0 18.909440994262695
0.0010000000000000009 13.9783353805542
0.0019999999999999983 13.86965560913086
0.002999999999999999 13.483354568481445
0.004 8.837608337402344
0.0049999999999999975 5.99757194519043
0.005999999999999998 4.017645835876465
0.006999999999999999 2.173902988433838
0.008 4.988852024078369
0.009000000000000001 6.639469146728516
0.010000000000000002 6.161346435546875
0.011000000000000003 6.27345085144043
0.011999999999999997 5.847314357757568
0.012999999999999998 5.5086259841918945
0.013999999999999999 3.741201877593994
0.015 1.6749231815338135
0.016 0.4645954966545105
0.017 0.07668782770633698
0.018000000000000002 0.0
0.018999999999999996 0.0
0.019999999999999997 0.0
0.020999999999999998 0.0
0.022 0.0
0.023 0.0
0.024 0.0
0.025 0.0
