-0.025 0.0
-0.024 0.0
-0.023 0.0
-0.022000000000000002 0.0
-0.021 0.0
-0.02 0.0
-0.019000000000000003 0.0
-0.018000000000000002 0.0
-0.017 0.0
-0.016 0.0
-0.015000000000000001 0.0
-0.014000000000000002 0.0
-0.013000000000000001 0.0
-0.012 0.0
-0.011000000000000001 0.0
-0.010000000000000002 0.0
-0.009000000000000001 0.0
-0.008 0.0
-0.006999999999999999 0.9971218705177307
-0.006000000000000002 3.3514766693115234
-0.005000000000000001 7.342311859130859
-0.004 16.55097770690918
-0.0030000000000000027 31.775758743286133
-0.0020000000000000018 32.707862854003906
-0.0010000000000000009 31.992156982421875
0.0 30.875293731689453
0.0010000000000000009 24.473926544189453
0.0019999999999999983 19.420106887817383
0.002999999999999999 3.258478879928589
0.004 1.9921778440475464
0.0049999999999999975 1.8016375303268433
0.005999999999999998 3.5971240997314453
0.006999999999999999 3.4216225147247314
0.008 2.3612236976623535
0.009000000000000001 3.9602530002593994
0.010000000000000002 4.872122764587402
0.011000000000000003 3.468878746032715
0.011999999999999997 3.158167600631714
0.012999999999999998 0.3502218723297119
0.013999999999999999 1.3653279542922974
0.015 0.016923977062106133
0.016 0.44516319036483765
0.017 0.4380965232849121
0.018000000000000002 0.0
0.018999999999999996 0.0
0.019999999999999997 0.0
0.020999999999999998 0.0
0.022 0.0
0.023 0.0
0.024 0.0
0.025 0.0
