-0.025 0.0
-0.024 0.0
-0.023 0.0
-0.022000000000000002 0.0
-0.021 0.0
-0.02 0.0
-0.019000000000000003 0.0
-0.018000000000000002 0.0
-0.017 0.0
-0.016 0.0
-0.015000000000000001 0.0
-0.014000000000000002 0.0
-0.013000000000000001 0.0
-0.012 0.0
-0.011000000000000001 0.0
-0.010000000000000002 0.0
-0.009000000000000001 0.0
-0.008 0.8309720754623413
-0.006999999999999999 8.733489990234375
-0.006000000000000002 14.027942657470703
-0.005000000000000001 14.169869422912598
-0.004 20.518720626831055
-0.0030000000000000027 26.349910736083984
-0.0020000000000000018 29.134033203125
-0.0010000000000000009 28.853792190551758
0.0 27.14618682861328
0.0010000000000000009 24.839017868041992
0.0019999999999999983 15.683753967285156
0.002999999999999999 11.418662071228027
0.004 10.991962432861328
0.0049999999999999975 5.534219741821289
0.005999999999999998 5.5347700119018555
0.006999999999999999 5.311435699462891
0.008 4.19550895690918
0.009000000000000001 3.887454032897949
0.010000000000000002 4.192443370819092
0.011000000000000003 2.256549835205078
0.011999999999999997 1.4720101356506348
0.012999999999999998 0.7364083528518677
0.013999999999999999 0.8354360461235046
0.015 0.8381982445716858
0.016 0.8018823266029358
0.017 0.24800066649913788
0.018000000000000002 0.0
0.018999999999999996 0.0
0.019999999999999997 0.0
0.020999999999999998 0.0
0.022 0.0
0.023 0.0
0.024 0.0
0.025 0.0
