-0.025 0.0
-0.024 0.0
-0.023 0.0
-0.022000000000000002 0.0
-0.021 0.0
-0.02 0.0
-0.019000000000000003 0.0
-0.018000000000000002 0.0
-0.017 0.0
-0.016 1.238461971282959
-0.015000000000000001 0.6048330068588257
-0.014000000000000002 1.6651358604431152
-0.013000000000000001 0.4654873311519623
-0.012 0.7987396121025085
-0.011000000000000001 2.9356789588928223
-0.010000000000000002 4.985243320465088
-0.009000000000000001 6.489926815032959
-0.008 3.8991127014160156
-0.006999999999999999 2.713109016418457
-0.006000000000000002 4.819716930389404
-0.005000000000000001 7.971604347229004
-0.004 13.850454330444336
-0.0030000000000000027 24.845861434936523
-0.0020000000000000018 22.599775314331055
-0.0010000000000000009 17.98272705078125
0.0 15.854531288146973
0.0010000000000000009 12.604022979736328
0.0019999999999999983 12.937743186950684
0.002999999999999999 5.804847717285156
0.004 5.26381254196167
0.0049999999999999975 3.7537899017333984
0.005999999999999998 4.430597305297852
0.006999999999999999 4.485084056854248
0.008 4.309097766876221
0.009000000000000001 4.4390339851379395
0.010000000000000002 3.6774797439575195
0.011000000000000003 2.08439302444458
0.011999999999999997 2.7513227462768555
0.012999999999999998 3.836362838745117
0.013999999999999999 3.500092029571533
0.015 2.377225875854492
0.016 0.6815162897109985
0.017 0.45787355303764343
0.018000000000000002 0.0
0.018999999999999996 0.0
0.019999999999999997 0.0
0.020999999999999998 0.0
0.022 0.0
0.023 0.0
0.024 0.0
0.025 0.0
