-0.025 0.0
-0.024 0.0
-0.023 0.0
-0.022000000000000002 0.0
-0.021 0.0
-0.02 0.0
-0.019000000000000003 0.0
-0.018000000000000002 0.0
-0.017 0.0
-0.016 0.0
-0.015000000000000001 0.0
-0.014000000000000002 0.0
-0.013000000000000001 0.0
-0.012 0.0
-0.011000000000000001 0.07529580593109131
-0.010000000000000002 1.6344798803329468
-0.009000000000000001 3.8957018852233887
-0.008 2.5561416149139404
-0.006999999999999999 3.8113961219787598
-0.006000000000000002 3.416982412338257
-0.005000000000000001 3.3919591903686523
-0.004 8.711286544799805
-0.0030000000000000027 20.46390151977539
-0.0020000000000000018 38.2645149230957
-0.0010000000000000009 45.863834381103516
0.0 36.92867660522461
0.0010000000000000009 27.699230194091797
0.0019999999999999983 18.285240173339844
0.002999999999999999 9.176082611083984
0.004 2.848583936691284
0.0049999999999999975 1.7781283855438232
0.005999999999999998 1.0852482318878174
0.006999999999999999 1.4120237827301025
0.008 1.157131314277649
0.009000000000000001 1.0942000150680542
0.010000000000000002 1.2953654527664185
0.011000000000000003 0.8966156244277954
0.011999999999999997 0.5296187400817871
0.012999999999999998 0.4847281277179718
0.013999999999999999 1.9385563135147095
0.015 1.5811448097229004
0.016 0.5696655511856079
0.017 1.048426866531372
0.018000000000000002 0.0
0.018999999999999996 0.0
0.019999999999999997 0.0
0.020999999999999998 0.0
0.022 0.0
0.023 0.0
0.024 0.0
0.025 0.0
