-0.025 0.0
-0.024 0.0
-0.023 0.0
-0.022000000000000002 0.0
-0.021 0.0
-0.02 0.0
-0.019000000000000003 0.0
-0.018000000000000002 0.0
-0.017 0.0
-0.016 0.4635443687438965
-0.015000000000000001 1.6229825019836426
-0.014000000000000002 1.4614925384521484
-0.013000000000000001 1.6270065307617188
-0.012 0.9825493097305298
-0.011000000000000001 2.280663013458252
-0.010000000000000002 3.7299084663391113
-0.009000000000000001 3.377293348312378
-0.008 2.4161806106567383
-0.006999999999999999 6.6388139724731445
-0.006000000000000002 14.059629440307617
-0.005000000000000001 17.723987579345703
-0.004 18.550323486328125
-0.0030000000000000027 17.17092514038086
-0.0020000000000000018 12.311470031738281
-0.0010000000000000009 11.890865325927734
0.0 14.412203788757324
0.0010000000000000009 8.586996078491211
0.0019999999999999983 13.76624870300293
0.002999999999999999 4.620534420013428
0.004 4.730724334716797
0.0049999999999999975 4.714631080627441
0.005999999999999998 5.484590530395508
0.006999999999999999 7.720166206359863
0.008 7.107827186584473
0.009000000000000001 8.04584789276123
0.010000000000000002 9.882974624633789
0.011000000000000003 5.523653030395508
0.011999999999999997 5.864322662353516
0.012999999999999998 4.998556137084961
0.013999999999999999 4.157611846923828
0.015 1.2975890636444092
0.016 0.27709367871284485
0.017 1.1797266006469727
0.018000000000000002 0.0
0.018999999999999996 0.0
0.019999999999999997 0.0
0.020999999999999998 0.0
0.022 0.0
0.023 0.0
0.024 0.0
0.025 0.0
