-0.025 0.0
-0.024 0.0
-0.023 0.0
-0.022000000000000002 0.0
-0.021 0.0
-0.02 0.0
-0.019000000000000003 0.0
-0.018000000000000002 0.0
-0.017 0.0
-0.016 0.3909628987312317
-0.015000000000000001 1.8736516237258911
-0.014000000000000002 3.9317450523376465
-0.013000000000000001 4.217185020446777
-0.012 3.1927411556243896
-0.011000000000000001 7.234630584716797
-0.010000000000000002 7.404779434204102
-0.009000000000000001 6.626051425933838
-0.008 6.525790691375732
-0.006999999999999999 10.164528846740723
-0.006000000000000002 15.670243263244629
-0.005000000000000001 20.00217628479004
-0.004 25.944108963012695
-0.0030000000000000027 21.517253875732422
-0.0020000000000000018 15.291230201721191
-0.0010000000000000009 19.22917366027832
0.0 20.80661392211914
0.0010000000000000009 12.094864845275879
0.0019999999999999983 13.457964897155762
0.002999999999999999 14.264784812927246
0.004 11.283836364746094
0.0049999999999999975 14.028170585632324
0.005999999999999998 13.169220924377441
0.006999999999999999 7.248640060424805
0.008 4.014411449432373
0.009000000000000001 3.98225736618042
0.010000000000000002 5.705028533935547
0.011000000000000003 3.824385643005371
0.011999999999999997 4.769270896911621
0.012999999999999998 5.94805908203125
0.013999999999999999 9.571244239807129
0.015 4.073169708251953
0.016 2.68654203414917
0.017 0.0
0.018000000000000002 0.0
0.018999999999999996 0.0
0.019999999999999997 0.0
0.020999999999999998 0.0
0.022 0.0
0.023 0.0
0.024 0.0
0.025 0.0
