-0.025 0.0
-0.024 0.0
-0.023 0.0
-0.022000000000000002 0.0
-0.021 0.0
-0.02 0.0
-0.019000000000000003 0.0
-0.018000000000000002 0.0
-0.017 0.0
-0.016 0.0
-0.015000000000000001 0.0
-0.014000000000000002 0.0
-0.013000000000000001 0.0
-0.012 0.0
-0.011000000000000001 0.0
-0.010000000000000002 0.47790539264678955
-0.009000000000000001 2.068819999694824
-0.008 1.3733532428741455
-0.006999999999999999 2.083059787750244
-0.006000000000000002 2.3034775257110596
-0.005000000000000001 2.2207205295562744
-0.004 3.5251517295837402
-0.0030000000000000027 11.822540283203125
-0.0020000000000000018 35.17825698852539
-0.0010000000000000009 45.039920806884766
0.0 32.523155212402344
0.0010000000000000009 24.179885864257812
0.0019999999999999983 24.813987731933594
0.002999999999999999 20.671730041503906
0.004 2.0646300315856934
0.0049999999999999975 0.8414922952651978
0.005999999999999998 0.9834851026535034
0.006999999999999999 0.7762677669525146
0.008 0.5683534741401672
0.009000000000000001 0.5192152261734009
0.010000000000000002 0.8661843538284302
0.011000000000000003 0.2909203767776489
0.011999999999999997 0.07045896351337433
0.012999999999999998 0.1124534085392952
0.013999999999999999 0.5076590776443481
0.015 0.8872261047363281
0.016 0.09665359556674957
0.017 0.22989054024219513
0.018000000000000002 0.0
0.018999999999999996 0.0
0.019999999999999997 0.0
0.020999999999999998 0.0
0.022 0.0
0.023 0.0
0.024 0.0
0.025 0.0
