-0.025 0.0
-0.024 0.0
-0.023 0.0
-0.022000000000000002 0.0
-0.021 0.0
-0.02 0.0
-0.019000000000000003 0.0
-0.018000000000000002 0.8479488492012024
-0.017 0.0
-0.016 1.0555624961853027
-0.015000000000000001 1.4435844421386719
-0.014000000000000002 2.6891067028045654
-0.013000000000000001 2.4273014068603516
-0.012 1.3298192024230957
-0.011000000000000001 2.2200558185577393
-0.010000000000000002 3.84684681892395
-0.009000000000000001 4.262359142303467
-0.008 4.357181549072266
-0.006999999999999999 6.245269298553467
-0.006000000000000002 9.817649841308594
-0.005000000000000001 12.742767333984375
-0.004 13.838621139526367
-0.0030000000000000027 14.10168170928955
-0.0020000000000000018 14.513742446899414
-0.0010000000000000009 15.397366523742676
0.0 15.190451622009277
0.0010000000000000009 14.1429443359375
0.0019999999999999983 11.509649276733398
0.002999999999999999 10.226198196411133
0.004 10.24368953704834
0.0049999999999999975 13.365978240966797
0.005999999999999998 10.571188926696777
0.006999999999999999 10.543203353881836
0.008 4.912691116333008
0.009000000000000001 3.76302433013916
0.010000000000000002 5.173067092895508
0.011000000000000003 3.614968776702881
0.011999999999999997 1.4906940460205078
0.012999999999999998 2.8148319721221924
0.013999999999999999 1.657446265220642
0.015 0.5867071151733398
0.016 0.29719147086143494
0.017 0.8223555684089661
0.018000000000000002 0.0
0.018999999999999996 0.0
0.019999999999999997 0.0
0.020999999999999998 0.0
0.022 0.0
0.023 0.0
0.024 0.0
0.025 0.0
