-0.025 0.0
-0.024 0.0
-0.023 0.0
-0.022000000000000002 0.0
-0.021 0.0
-0.02 0.0
-0.019000000000000003 0.0
-0.018000000000000002 0.14745812118053436
-0.017 0.0
-0.016 0.666712760925293
-0.015000000000000001 1.873429536819458
-0.014000000000000002 1.3911455869674683
-0.013000000000000001 1.154855728149414
-0.012 0.8483091592788696
-0.011000000000000001 1.4325412511825562
-0.010000000000000002 1.8744912147521973
-0.009000000000000001 1.9843578338623047
-0.008 3.549818515777588
-0.006999999999999999 8.59786605834961
-0.006000000000000002 7.937552452087402
-0.005000000000000001 12.060845375061035
-0.004 23.019956588745117
-0.0030000000000000027 31.656124114990234
-0.0020000000000000018 30.675230026245117
-0.0010000000000000009 28.106842041015625
0.0 28.756389617919922
0.0010000000000000009 23.198213577270508
0.0019999999999999983 16.641109466552734
0.002999999999999999 5.017528533935547
0.004 8.654370307922363
0.0049999999999999975 6.696949005126953
0.005999999999999998 6.998577117919922
0.006999999999999999 2.9264450073242188
0.008 4.048327445983887
0.009000000000000001 4.137686252593994
0.010000000000000002 6.289098739624023
0.011000000000000003 6.746748447418213
0.011999999999999997 4.948281288146973
0.012999999999999998 2.545393466949463
0.013999999999999999 4.29337215423584
0.015 2.554995536804199
0.016 1.3771612644195557
0.017 0.548699140548706
0.018000000000000002 0.0
0.018999999999999996 0.0
0.019999999999999997 0.0
0.020999999999999998 0.0
0.022 0.0
0.023 0.0
0.024 0.0
0.025 0.0
