-0.025 0.0
-0.024 0.0
-0.023 0.0
-0.022000000000000002 0.0
-0.021 0.0
-0.02 0.0
-0.019000000000000003 0.0
-0.018000000000000002 0.0
-0.017 0.0
-0.016 0.0
-0.015000000000000001 0.0
-0.014000000000000002 0.0
-0.013000000000000001 0.0
-0.012 0.0
-0.011000000000000001 0.0
-0.010000000000000002 0.3498508036136627
-0.009000000000000001 0.8624484539031982
-0.008 1.4258195161819458
-0.006999999999999999 4.477980136871338
-0.006000000000000002 11.176610946655273
-0.005000000000000001 15.714624404907227
-0.004 22.42940330505371
-0.0030000000000000027 29.34280776977539
-0.0020000000000000018 26.91014289855957
-0.0010000000000000009 23.447961807250977
0.0 20.46730613708496
0.0010000000000000009 17.989337921142578
0.0019999999999999983 13.925244331359863
0.002999999999999999 10.351190567016602
0.004 7.2653398513793945
0.0049999999999999975 9.768586158752441
0.005999999999999998 12.314168930053711
0.006999999999999999 9.185736656188965
0.008 4.168542861938477
0.009000000000000001 2.1420536041259766
0.010000000000000002 2.4390857219696045
0.011000000000000003 0.910275399684906
0.011999999999999997 0.674541175365448
0.012999999999999998 0.5766093134880066
0.013999999999999999 0.5093078017234802
0.015 0.5826630592346191
0.016 0.25096604228019714
0.017 0.9241303205490112
0.018000000000000002 0.0
0.018999999999999996 0.0
0.019999999999999997 0.0
0.020999999999999998 0.0
0.022 0.0
0.023 0.0
0.024 0.0
0.025 0.0
