-0.025 0.0
-0.024 0.0
-0.023 0.0
-0.022000000000000002 0.0
-0.021 0.0
-0.02 0.0
-0.019000000000000003 0.0
-0.018000000000000002 0.0
-0.017 0.0
-0.016 0.0
-0.015000000000000001 0.0
-0.014000000000000002 0.0
-0.013000000000000001 0.0
-0.012 0.0
-0.011000000000000001 0.0
-0.010000000000000002 0.0
-0.009000000000000001 0.0
-0.008 0.6613512635231018
-0.006999999999999999 8.108274459838867
-0.006000000000000002 15.10578727722168
-0.005000000000000001 18.14804458618164
-0.004 22.001449584960938
-0.0030000000000000027 24.979496002197266
-0.0020000000000000018 25.959251403808594
-0.0010000000000000009 25.48094940185547
0.0 21.161710739135742
0.0010000000000000009 13.409749984741211
0.0019999999999999983 12.380704879760742
0.002999999999999999 8.75050163269043
0.004 11.109964370727539
0.0049999999999999975 5.556210994720459
0.005999999999999998 5.982705116271973
0.006999999999999999 4.449361801147461
0.008 5.428140163421631
0.009000000000000001 5.180537223815918
0.010000000000000002 4.201185703277588
0.011000000000000003 4.675013542175293
0.011999999999999997 4.200644493103027
0.012999999999999998 1.3930485248565674
0.013999999999999999 1.03743577003479
0.015 1.0362825393676758
0.016 0.8380489945411682
0.017 0.22851547598838806
0.018000000000000002 0.0
0.018999999999999996 0.0
0.019999999999999997 0.0
0.020999999999999998 0.0
0.022 0.0
0.023 0.0
0.024 0.0
0.025 0.0
