-0.025 0.0
-0.024 0.0
-0.023 0.0
-0.022000000000000002 0.0
-0.021 0.0
-0.02 0.0
-0.019000000000000003 0.0
-0.018000000000000002 0.22746595740318298
-0.017 0.0
-0.016 0.4993840456008911
-0.015000000000000001 0.769310712814331
-0.014000000000000002 1.4434781074523926
-0.013000000000000001 1.3023008108139038
-0.012 0.8411464691162109
-0.011000000000000001 0.9383383989334106
-0.010000000000000002 1.72421133518219
-0.009000000000000001 1.6233365535736084
-0.008 2.117769956588745
-0.006999999999999999 5.745140075683594
-0.006000000000000002 8.601774215698242
-0.005000000000000001 13.331661224365234
-0.004 14.899102210998535
-0.0030000000000000027 15.166557312011719
-0.0020000000000000018 17.31263542175293
-0.0010000000000000009 20.444700241088867
0.0 20.050447463989258
0.0010000000000000009 18.101421356201172
0.0019999999999999983 13.974996566772461
0.002999999999999999 11.263381958007812
0.004 11.409857749938965
0.0049999999999999975 12.241832733154297
0.005999999999999998 8.428648948669434
0.006999999999999999 8.698259353637695
0.008 5.996021270751953
0.009000000000000001 4.105503559112549
0.010000000000000002 3.7632322311401367
0.011000000000000003 1.6314928531646729
0.011999999999999997 0.6931962966918945
0.012999999999999998 0.49107176065444946
0.013999999999999999 0.44261419773101807
0.015 0.34904739260673523
0.016 0.38444435596466064
0.017 0.23772838711738586
0.018000000000000002 0.0
0.018999999999999996 0.0
0.019999999999999997 0.0
0.020999999999999998 0.0
0.022 0.0
0.023 0.0
0.024 0.0
0.025 0.0
