-0.025 0.0
-0.024 0.0
-0.023 0.0
-0.022000000000000002 0.0
-0.021 0.0
-0.02 0.0
-0.019000000000000003 0.0
-0.018000000000000002 0.0
-0.017 0.0
-0.016 1.3976705074310303
-0.015000000000000001 0.6400633454322815
-0.014000000000000002 1.2444981336593628
-0.013000000000000001 1.6999354362487793
-0.012 2.9958064556121826
-0.011000000000000001 4.004143238067627
-0.010000000000000002 5.744043350219727
-0.009000000000000001 2.902413845062256
-0.008 3.6730103492736816
-0.006999999999999999 1.9640591144561768
-0.006000000000000002 3.1928086280822754
-0.005000000000000001 6.432861328125
-0.004 22.44791603088379
-0.0030000000000000027 29.63774299621582
-0.0020000000000000018 35.203067779541016
-0.0010000000000000009 32.03877258300781
0.0 38.08094787597656
0.0010000000000000009 28.61208724975586
0.0019999999999999983 14.312182426452637
0.002999999999999999 3.5425570011138916
0.004 7.553452014923096
0.0049999999999999975 5.456347465515137
0.005999999999999998 7.216509819030762
0.006999999999999999 10.210241317749023
0.008 8.484045028686523
0.009000000000000001 4.917633056640625
0.010000000000000002 2.200916290283203
0.011000000000000003 0.41894209384918213
0.011999999999999997 2.155423164367676
0.012999999999999998 2.0350942611694336
0.013999999999999999 1.6027920246124268
0.015 2.4673521518707275
0.016 1.602886438369751
0.017 0.553020715713501
0.018000000000000002 0.0
0.018999999999999996 0.0
0.019999999999999997 0.0
0.020999999999999998 0.0
0.022 0.0
0.023 0.0
0.024 0.0
0.025 0.0
