-0.025 0.0
-0.024 0.0
-0.023 0.0
-0.022000000000000002 0.0
-0.021 0.0
-0.02 0.0
-0.019000000000000003 0.0
-0.018000000000000002 0.0
-0.017 0.0
-0.016 0.1416098177433014
-0.015000000000000001 0.6055822372436523
-0.014000000000000002 0.5342667698860168
-0.013000000000000001 0.7031452655792236
-0.012 0.24410191178321838
-0.011000000000000001 0.8955843448638916
-0.010000000000000002 1.7902098894119263
-0.009000000000000001 2.147287130355835
-0.008 2.1801602840423584
-0.006999999999999999 7.009369373321533
-0.006000000000000002 14.075760841369629
-0.005000000000000001 19.88568878173828
-0.004 22.566389083862305
-0.0030000000000000027 26.227630615234375
-0.0020000000000000018 21.872657775878906
-0.0010000000000000009 14.808427810668945
0.0 12.492470741271973
0.0010000000000000009 11.699124336242676
0.0019999999999999983 11.490342140197754
0.002999999999999999 9.61974048614502
0.004 8.716923713684082
0.0049999999999999975 11.852213859558105
0.005999999999999998 14.199874877929688
0.006999999999999999 11.304753303527832
0.008 5.851005554199219
0.009000000000000001 3.6484687328338623
0.010000000000000002 5.057094573974609
0.011000000000000003 2.3943421840667725
0.011999999999999997 2.325653553009033
0.012999999999999998 2.2392208576202393
0.013999999999999999 1.751188039779663
0.015 0.8545108437538147
0.016 0.24608507752418518
0.017 0.26475608348846436
0.018000000000000002 0.0
0.018999999999999996 0.0
0.019999999999999997 0.0
0.020999999999999998 0.0
0.022 0.0
0.023 0.0
0.024 0.0
0.025 0.0
