-0.025 0.0
-0.024 0.0
-0.023 0.0
-0.022000000000000002 0.0
-0.021 0.0
-0.02 0.0
-0.019000000000000003 0.0
-0.018000000000000002 0.0
-0.017 0.0
-0.016 0.03546229377388954
-0.015000000000000001 0.0
-0.014000000000000002 0.2408641278743744
-0.013000000000000001 0.09690601378679276
-0.012 0.0
-0.011000000000000001 0.0
-0.010000000000000002 0.0
-0.009000000000000001 0.3010692894458771
-0.008 6.815244674682617
-0.006999999999999999 11.678380966186523
-0.006000000000000002 6.626119613647461
-0.005000000000000001 4.182474136352539
-0.004 11.848722457885742
-0.0030000000000000027 18.82608985900879
-0.0020000000000000018 22.252620697021484
-0.0010000000000000009 19.391605377197266
0.0 23.338184356689453
0.0010000000000000009 20.924800872802734
0.0019999999999999983 13.702962875366211
0.002999999999999999 5.378452301025391
0.004 4.0824666023254395
0.0049999999999999975 3.3373425006866455
0.005999999999999998 6.795145034790039
0.006999999999999999 5.403437614440918
0.008 6.296067714691162
0.009000000000000001 4.743374824523926
0.010000000000000002 6.391537189483643
0.011000000000000003 3.7200191020965576
0.011999999999999997 1.185339093208313
0.012999999999999998 1.35203218460083
0.013999999999999999 1.5239427089691162
0.015 1.147446870803833
0.016 0.49319159984588623
0.017 0.2161267101764679
0.018000000000000002 0.0
0.018999999999999996 0.0
0.019999999999999997 0.0
0.020999999999999998 0.0
0.022 0.0
0.023 0.0
0.024 0.0
0.025 0.0
