-0.025 0.0
-0.024 0.0
-0.023 0.0
-0.022000000000000002 0.0
-0.021 0.0
-0.02 0.0
-0.019000000000000003 0.0
-0.018000000000000002 0.0
-0.017 0.0
-0.016 0.0
-0.015000000000000001 0.0974355936050415
-0.014000000000000002 0.9638161063194275
-0.013000000000000001 1.1010512113571167
-0.012 0.44304853677749634
-0.011000000000000001 2.343358039855957
-0.010000000000000002 3.336601734161377
-0.009000000000000001 5.884650707244873
-0.008 4.000192165374756
-0.006999999999999999 6.928646087646484
-0.006000000000000002 13.351073265075684
-0.005000000000000001 21.93985939025879
-0.004 32.286537170410156
-0.0030000000000000027 31.889877319335938
-0.0020000000000000018 24.88485336303711
-0.0010000000000000009 22.459142684936523
0.0 20.417707443237305
0.0010000000000000009 13.142333030700684
0.0019999999999999983 13.255790710449219
0.002999999999999999 11.244648933410645
0.004 10.364906311035156
0.0049999999999999975 10.746140480041504
0.005999999999999998 12.17842960357666
0.006999999999999999 8.269434928894043
0.008 3.713606834411621
0.009000000000000001 2.2546682357788086
0.010000000000000002 3.2066078186035156
0.011000000000000003 1.46825110912323
0.011999999999999997 2.284050941467285
0.012999999999999998 2.7136573791503906
0.013999999999999999 6.892232894897461
0.015 4.640357494354248
0.016 1.8571629524230957
0.017 0.28878653049468994
0.018000000000000002 0.0
0.018999999999999996 0.0
0.019999999999999997 0.0
0.020999999999999998 0.0
0.022 0.0
0.023 0.0
0.024 0.0
0.025 0.0
