-0.025 0.0
-0.024 0.0
-0.023 0.0
-0.022000000000000002 0.0
-0.021 0.0
-0.02 0.0
-0.019000000000000003 0.0
-0.018000000000000002 0.0
-0.017 0.0
-0.016 0.0
-0.015000000000000001 0.0
-0.014000000000000002 0.0
-0.013000000000000001 0.0
-0.012 0.0
-0.011000000000000001 0.3709321916103363
-0.010000000000000002 0.516624391078949
-0.009000000000000001 0.0
-0.008 0.0
-0.006999999999999999 3.4056973457336426
-0.006000000000000002 4.799134254455566
-0.005000000000000001 7.226657867431641
-0.004 15.506843566894531
-0.0030000000000000027 21.513883590698242
-0.0020000000000000018 25.085941314697266
-0.0010000000000000009 27.999046325683594
0.0 29.900245666503906
0.0010000000000000009 20.405160903930664
0.0019999999999999983 15.136886596679688
0.002999999999999999 3.2904796600341797
0.004 3.510667324066162
0.0049999999999999975 2.713245391845703
0.005999999999999998 2.312366008758545
0.006999999999999999 4.053922176361084
0.008 5.299003601074219
0.009000000000000001 4.964877605438232
0.010000000000000002 5.654428958892822
0.011000000000000003 2.17205548286438
0.011999999999999997 1.8752089738845825
0.012999999999999998 0.5133219957351685
0.013999999999999999 1.0782023668289185
0.015 0.4268147945404053
0.016 0.32197001576423645
0.017 0.45061641931533813
0.018000000000000002 0.0
0.018999999999999996 0.0
0.019999999999999997 0.0
0.020999999999999998 0.0
0.022 0.0
0.023 0.0
0.024 0.0
0.025 0.0
