-0.025 0.0
-0.024 0.0
-0.023 0.0
-0.022000000000000002 0.0
-0.021 0.0
-0.02 0.0
-0.019000000000000003 0.0
-0.018000000000000002 0.0
-0.017 0.0
-0.016 0.08644095808267593
-0.015000000000000001 0.0
-0.014000000000000002 0.06206296756863594
-0.013000000000000001 0.0
-0.012 0.0
-0.011000000000000001 0.25242242217063904
-0.010000000000000002 1.258418321609497
-0.009000000000000001 2.6149282455444336
-0.008 4.408592700958252
-0.006999999999999999 11.478602409362793
-0.006000000000000002 14.20003890991211
-0.005000000000000001 14.246856689453125
-0.004 12.71426010131836
-0.0030000000000000027 14.224590301513672
-0.0020000000000000018 15.836664199829102
-0.0010000000000000009 11.183895111083984
0.0 9.554012298583984
0.0010000000000000009 9.697868347167969
0.0019999999999999983 8.97930908203125
0.002999999999999999 9.764654159545898
0.004 9.507437705993652
0.0049999999999999975 5.271688938140869
0.005999999999999998 3.81211256980896
0.006999999999999999 5.143591403961182
0.008 5.128093242645264
0.009000000000000001 4.859030246734619
0.010000000000000002 4.277636528015137
0.011000000000000003 2.1472768783569336
0.011999999999999997 1.202888011932373
0.012999999999999998 1.1394308805465698
0.013999999999999999 1.6254663467407227
0.015 0.9409311413764954
0.016 0.41167521476745605
0.017 0.24303172528743744
0.018000000000000002 0.0
0.018999999999999996 0.0
0.019999999999999997 0.0
0.020999999999999998 0.0
0.022 0.0
0.023 0.0
0.024 0.0
0.025 0.0
