-0.025 0.0
-0.024 0.0
-0.023 0.0
-0.022000000000000002 0.0
-0.021 0.0
-0.02 0.0
-0.019000000000000003 0.0
-0.018000000000000002 0.0
-0.017 0.0
-0.016 1.817213773727417
-0.015000000000000001 1.0827391147613525
-0.014000000000000002 1.3702597618103027
-0.013000000000000001 1.4150352478027344
-0.012 1.8455761671066284
-0.011000000000000001 1.7729451656341553
-0.010000000000000002 3.8537142276763916
-0.009000000000000001 5.261817932128906
-0.008 3.4956088066101074
-0.006999999999999999 5.074525833129883
-0.006000000000000002 4.547177314758301
-0.005000000000000001 6.009861946105957
-0.004 10.25996208190918
-0.0030000000000000027 16.11403465270996
-0.0020000000000000018 16.052452087402344
-0.0010000000000000009 12.244372367858887
0.0 12.579652786254883
0.0010000000000000009 9.837248802185059
0.0019999999999999983 9.95297622680664
0.002999999999999999 5.006459712982178
0.004 6.297524929046631
0.0049999999999999975 5.576329231262207
0.005999999999999998 7.087407112121582
0.006999999999999999 8.479001998901367
0.008 5.922489166259766
0.009000000000000001 2.7062692642211914
0.010000000000000002 2.3335518836975098
0.011000000000000003 1.069351315498352
0.011999999999999997 1.194407343864441
0.012999999999999998 0.8841581344604492
0.013999999999999999 1.6470973491668701
0.015 1.0951836109161377
0.016 0.4520779252052307
0.017 0.42848140001296997
0.018000000000000002 0.0
0.018999999999999996 0.0
0.019999999999999997 0.0
0.020999999999999998 0.0
0.022 0.0
0.023 0.0
0.024 0.0
0.025 0.0
