-0.025 0.0
-0.024 0.0
-0.023 0.0
-0.022000000000000002 0.0
-0.021 0.0
-0.02 0.0
-0.019000000000000003 0.0
-0.018000000000000002 0.0
-0.017 0.0
-0.016 0.0
-0.015000000000000001 0.22364060580730438
-0.014000000000000002 2.098365306854248
-0.013000000000000001 1.429420828819275
-0.012 0.6096249222755432
-0.011000000000000001 2.3444936275482178
-0.010000000000000002 1.738747000694275
-0.009000000000000001 2.0141167640686035
-0.008 1.5204641819000244
-0.006999999999999999 3.200045585632324
-0.006000000000000002 6.271111965179443
-0.005000000000000001 18.25394630432129
-0.004 33.77726745605469
-0.0030000000000000027 33.96011734008789
-0.0020000000000000018 30.1710205078125
-0.0010000000000000009 32.55363845825195
0.0 35.26266860961914
0.0010000000000000009 26.673133850097656
0.0019999999999999983 12.318120002746582
0.002999999999999999 7.376061916351318
0.004 4.968311309814453
0.0049999999999999975 1.8296233415603638
0.005999999999999998 3.9321789741516113
0.006999999999999999 3.1319022178649902
0.008 0.4849461317062378
0.009000000000000001 1.521888256072998
0.010000000000000002 1.8834774494171143
0.011000000000000003 1.4963939189910889
0.011999999999999997 1.8548071384429932
0.012999999999999998 5.7526397705078125
0.013999999999999999 10.401535034179688
0.015 5.687796592712402
0.016 4.066912651062012
0.017 0.224924236536026
0.018000000000000002 0.0
0.018999999999999996 0.0
0.019999999999999997 0.0
0.020999999999999998 0.0
0.022 0.0
0.023 0.0
0.024 0.0
0.025 0.0
