-0.025 0.0
-0.024 0.0
-0.023 0.0
-0.022000000000000002 0.0
-0.021 0.0
-0.02 0.0
-0.019000000000000003 0.0
-0.018000000000000002 0.0
-0.017 0.0
-0.016 1.7603120803833008
-0.015000000000000001 2.2880818843841553
-0.014000000000000002 0.0
-0.013000000000000001 2.6041595935821533
-0.012 6.4461164474487305
-0.011000000000000001 9.4795503616333
-0.010000000000000002 7.34258508682251
-0.009000000000000001 4.951550483703613
-0.008 4.522281646728516
-0.006999999999999999 4.316025733947754
-0.006000000000000002 7.303196907043457
-0.005000000000000001 5.803971290588379
-0.004 18.059518814086914
-0.0030000000000000027 33.191261291503906
-0.0020000000000000018 36.167015075683594
-0.0010000000000000009 35.4974250793457
0.0 29.245532989501953
0.0010000000000000009 15.950368881225586
0.0019999999999999983 14.108100891113281
0.002999999999999999 3.5332212448120117
0.004 4.797524929046631
0.0049999999999999975 2.653756856918335
0.005999999999999998 7.014014720916748
0.006999999999999999 8.24137020111084
0.008 8.496556282043457
0.009000000000000001 6.221758842468262
0.010000000000000002 1.7338447570800781
0.011000000000000003 2.8218441009521484
0.011999999999999997 2.00138783454895
0.012999999999999998 1.4859037399291992
0.013999999999999999 2.223619222640991
0.015 1.5914955139160156
0.016 0.5967108011245728
0.017 1.1006076335906982
0.018000000000000002 0.0
0.018999999999999996 0.0
0.019999999999999997 0.0
0.020999999999999998 0.0
0.022 0.0
0.023 0.0
0.024 0.0
0.025 0.0
