-0.025 0.0
-0.024 0.0
-0.023 0.0
-0.022000000000000002 0.0
-0.021 0.0
-0.02 0.0
-0.019000000000000003 0.0
-0.018000000000000002 0.0
-0.017 0.0
-0.016 0.0
-0.015000000000000001 0.0
-0.014000000000000002 0.0
-0.013000000000000001 0.0
-0.012 0.0
-0.011000000000000001 0.6489324569702148
-0.010000000000000002 2.1380503177642822
-0.009000000000000001 4.056065559387207
-0.008 7.081530570983887
-0.006999999999999999 7.0519819259643555
-0.006000000000000002 5.530813217163086
-0.005000000000000001 7.269604682922363
-0.004 12.018009185791016
-0.0030000000000000027 25.951208114624023
-0.0020000000000000018 35.83625793457031
-0.0010000000000000009 39.241676330566406
0.0 31.897192001342773
0.0010000000000000009 24.718297958374023
0.0019999999999999983 24.836862564086914
0.002999999999999999 9.597654342651367
0.004 3.5606844425201416
0.0049999999999999975 3.0019314289093018
0.005999999999999998 3.9172070026397705
0.006999999999999999 3.8449835777282715
0.008 4.756438255310059
0.009000000000000001 5.1698808670043945
0.010000000000000002 7.150354862213135
0.011000000000000003 4.367988109588623
0.011999999999999997 2.483166217803955
0.012999999999999998 0.6945628523826599
0.013999999999999999 1.3103572130203247
0.015 1.1933889389038086
0.016 0.4313950538635254
0.017 0.6919996738433838
0.018000000000000002 0.0
0.018999999999999996 0.0
0.019999999999999997 0.0
0.020999999999999998 0.0
0.022 0.0
0.023 0.0
0.024 0.0
0.025 0.0
