-0.025 0.0
-0.024 0.0
-0.023 0.0
-0.022000000000000002 0.0
-0.021 0.0
-0.02 0.0
-0.019000000000000003 0.0
-0.018000000000000002 1.6026204824447632
-0.017 0.0
-0.016 3.7698493003845215
-0.015000000000000001 1.0565743446350098
-0.014000000000000002 0.4916026294231415
-0.013000000000000001 0.33029335737228394
-0.012 0.42534780502319336
-0.011000000000000001 2.4145736694335938
-0.010000000000000002 2.5665502548217773
-0.009000000000000001 4.1160478591918945
-0.008 5.891695022583008
-0.006999999999999999 8.753113746643066
-0.006000000000000002 18.097652435302734
-0.005000000000000001 17.10252571105957
-0.004 22.697284698486328
-0.0030000000000000027 23.059606552124023
-0.0020000000000000018 18.6815185546875
-0.0010000000000000009 13.472127914428711
0.0 13.991007804870605
0.0010000000000000009 14.590625762939453
0.0019999999999999983 14.366874694824219
0.002999999999999999 14.959538459777832
0.004 6.4332475662231445
0.0049999999999999975 7.460573196411133
0.005999999999999998 11.885198593139648
0.006999999999999999 12.2655029296875
0.008 11.520547866821289
0.009000000000000001 13.367706298828125
0.010000000000000002 14.125663757324219
0.011000000000000003 7.556661605834961
0.011999999999999997 2.065096378326416
0.012999999999999998 1.8504245281219482
0.013999999999999999 1.3912794589996338
0.015 0.8126959800720215
0.016 0.37664103507995605
0.017 0.11656265705823898
0.018000000000000002 0.0
0.018999999999999996 0.0
0.019999999999999997 0.0
0.020999999999999998 0.0
0.022 0.0
0.023 0.0
0.024 0.0
0.025 0.0
