-0.025 0.0
-0.024 0.0
-0.023 0.0
-0.022000000000000002 0.0
-0.021 0.0
-0.02 0.0
-0.019000000000000003 0.0
-0.018000000000000002 0.0
-0.017 0.0
-0.016 0.0329061821103096
-0.015000000000000001 0.1271498203277588
-0.014000000000000002 0.47179341316223145
-0.013000000000000001 0.1769016534090042
-0.012 0.13133564591407776
-0.011000000000000001 0.6280460357666016
-0.010000000000000002 3.7959859371185303
-0.009000000000000001 6.176794052124023
-0.008 3.4919610023498535
-0.006999999999999999 5.932891845703125
-0.006000000000000002 6.287599563598633
-0.005000000000000001 9.450454711914062
-0.004 12.308145523071289
-0.0030000000000000027 13.245765686035156
-0.0020000000000000018 13.021190643310547
-0.0010000000000000009 7.7074503898620605
0.0 5.517364025115967
0.0010000000000000009 4.436105251312256
0.0019999999999999983 1.6981582641601562
0.002999999999999999 2.639101982116699
0.004 2.448639392852783
0.0049999999999999975 1.83230721950531
0.005999999999999998 3.1642138957977295
0.006999999999999999 3.368569850921631
0.008 1.4867539405822754
0.009000000000000001 2.4632740020751953
0.010000000000000002 3.068518877029419
0.011000000000000003 1.8350059986114502
0.011999999999999997 1.4514650106430054
0.012999999999999998 2.692983627319336
0.013999999999999999 3.2132105827331543
0.015 1.865596055984497
0.016 0.7158656120300293
0.017 0.6249006986618042
0.018000000000000002 0.0
0.018999999999999996 0.0
0.019999999999999997 0.0
0.020999999999999998 0.0
0.022 0.0
0.023 0.0
0.024 0.0
0.025 0.0
