-0.025 0.0
-0.024 0.0
-0.023 0.0
-0.022000000000000002 0.0
-0.021 0.0
-0.02 0.0
-0.019000000000000003 0.0
-0.018000000000000002 0.22746595740318298
-0.017 0.0
-0.016 0.4993841052055359
-0.015000000000000001 0.7452086210250854
-0.014000000000000002 1.4394557476043701
-0.013000000000000001 1.302301049232483
-0.012 0.881507933139801
-0.011000000000000001 0.9643799066543579
-0.010000000000000002 2.8196072578430176
-0.009000000000000001 4.203198432922363
-0.008 3.4952850341796875
-0.006999999999999999 4.272150993347168
-0.006000000000000002 6.772395610809326
-0.005000000000000001 7.798709869384766
-0.004 13.757919311523438
-0.0030000000000000027 21.339277267456055
-0.0020000000000000018 27.273237228393555
-0.0010000000000000009 24.26406478881836
0.0 20.853471755981445
0.0010000000000000009 14.051958084106445
0.0019999999999999983 15.060388565063477
0.002999999999999999 12.182281494140625
0.004 10.903337478637695
0.0049999999999999975 8.282953262329102
0.005999999999999998 8.037882804870605
0.006999999999999999 8.100157737731934
0.008 5.1038408279418945
0.009000000000000001 2.752023696899414
0.010000000000000002 2.1259615421295166
0.011000000000000003 1.4796266555786133
0.011999999999999997 0.09787076711654663
0.012999999999999998 0.24355915188789368
0.013999999999999999 0.7829318642616272
0.015 0.8542003631591797
0.016 0.29861825704574585
0.017 0.4024292826652527
0.018000000000000002 0.0
0.018999999999999996 0.0
0.019999999999999997 0.0
0.020999999999999998 0.0
0.022 0.0
0.023 0.0
0.024 0.0
0.025 0.0
