-0.025 0.0
-0.024 0.0
-0.023 0.0
-0.022000000000000002 0.0
-0.021 0.0
-0.02 0.0
-0.019000000000000003 0.0
-0.018000000000000002 0.0
-0.017 0.0
-0.016 0.0
-0.015000000000000001 0.0
-0.014000000000000002 0.0
-0.013000000000000001 0.0
-0.012 0.0
-0.011000000000000001 0.0
-0.010000000000000002 0.3149789869785309
-0.009000000000000001 0.782572865486145
-0.008 1.570640206336975
-0.006999999999999999 4.387075424194336
-0.006000000000000002 10.114712715148926
-0.005000000000000001 15.076818466186523
-0.004 23.864173889160156
-0.0030000000000000027 32.86827087402344
-0.0020000000000000018 29.462482452392578
-0.0010000000000000009 21.522363662719727
0.0 20.51222801208496
0.0010000000000000009 16.41250991821289
0.0019999999999999983 10.974569320678711
0.002999999999999999 5.9641947746276855
0.004 6.803297519683838
0.0049999999999999975 9.064839363098145
0.005999999999999998 10.884474754333496
0.006999999999999999 10.31265640258789
0.008 6.6998114585876465
0.009000000000000001 3.229283571243286
0.010000000000000002 1.8335888385772705
0.011000000000000003 0.6789981126785278
0.011999999999999997 0.6376752257347107
0.012999999999999998 0.4875263571739197
0.013999999999999999 0.39026015996932983
0.015 0.5331338047981262
0.016 0.2882269024848938
0.017 0.8815011978149414
0.018000000000000002 0.0
0.018999999999999996 0.0
0.019999999999999997 0.0
0.020999999999999998 0.0
0.022 0.0
0.023 0.0
0.024 0.0
0.025 0.0
