-0.025 0.0
-0.024 0.0
-0.023 0.0
-0.022000000000000002 0.0
-0.021 0.0
-0.02 0.0
-0.019000000000000003 0.0
-0.018000000000000002 0.0
-0.017 0.0
-0.016 0.06333594024181366
-0.015000000000000001 0.14035095274448395
-0.014000000000000002 0.1682913601398468
-0.013000000000000001 0.21482719480991364
-0.012 0.08720149099826813
-0.011000000000000001 0.6295414566993713
-0.010000000000000002 1.5186071395874023
-0.009000000000000001 1.6403138637542725
-0.008 2.7042055130004883
-0.006999999999999999 6.6084794998168945
-0.006000000000000002 14.869525909423828
-0.005000000000000001 23.155567169189453
-0.004 31.66133689880371
-0.0030000000000000027 30.14179039001465
-0.0020000000000000018 26.94988250732422
-0.0010000000000000009 21.525739669799805
0.0 16.441274642944336
0.0010000000000000009 13.556009292602539
0.0019999999999999983 8.344463348388672
0.002999999999999999 11.622027397155762
0.004 9.989177703857422
0.0049999999999999975 11.809588432312012
0.005999999999999998 13.134198188781738
0.006999999999999999 9.446549415588379
0.008 5.028261661529541
0.009000000000000001 4.315026760101318
0.010000000000000002 4.5793914794921875
0.011000000000000003 2.833498477935791
0.011999999999999997 2.5476016998291016
0.012999999999999998 3.7737839221954346
0.013999999999999999 2.1758594512939453
0.015 0.45276957750320435
0.016 0.3365384340286255
0.017 0.2650865316390991
0.018000000000000002 0.0
0.018999999999999996 0.0
0.019999999999999997 0.0
0.020999999999999998 0.0
0.022 0.0
0.023 0.0
0.024 0.0
0.025 0.0
