-0.025 0.0
-0.024 0.0
-0.023 0.0
-0.022000000000000002 0.0
-0.021 0.0
-0.02 0.0
-0.019000000000000003 0.0
-0.018000000000000002 0.0
-0.017 0.0
-0.016 0.0
-0.015000000000000001 0.0
-0.014000000000000002 0.0
-0.013000000000000001 0.0
-0.012 0.0
-0.011000000000000001 0.0
-0.010000000000000002 0.0
-0.009000000000000001 0.0
-0.008 0.24988886713981628
-0.006999999999999999 4.327968597412109
-0.006000000000000002 7.746057033538818
-0.005000000000000001 7.175490379333496
-0.004 8.9756441116333
-0.0030000000000000027 17.894500732421875
-0.0020000000000000018 19.86336326599121
-0.0010000000000000009 18.111480712890625
0.0 16.19744300842285
0.0010000000000000009 9.35107707977295
0.0019999999999999983 15.501853942871094
0.002999999999999999 8.3389310836792
0.004 8.36931037902832
0.0049999999999999975 3.514326810836792
0.005999999999999998 2.9279685020446777
0.006999999999999999 1.5682082176208496
0.008 4.108966827392578
0.009000000000000001 2.787706136703491
0.010000000000000002 2.0052168369293213
0.011000000000000003 1.1423228979110718
0.011999999999999997 1.937042474746704
0.012999999999999998 0.8551722764968872
0.013999999999999999 1.2327532768249512
0.015 1.1147334575653076
0.016 0.6129119992256165
0.017 0.8359641432762146
0.018000000000000002 0.0
0.018999999999999996 0.0
0.019999999999999997 0.0
0.020999999999999998 0.0
0.022 0.0
0.023 0.0
0.024 0.0
0.025 0.0
