-0.025 0.0
-0.024 0.0
-0.023 0.0
-0.022000000000000002 0.0
-0.021 0.0
-0.02 0.0
-0.019000000000000003 0.0
-0.018000000000000002 0.0
-0.017 0.0
-0.016 0.0
-0.015000000000000001 0.0
-0.014000000000000002 0.0
-0.013000000000000001 0.0
-0.012 0.0
-0.011000000000000001 0.6744025945663452
-0.010000000000000002 4.890174388885498
-0.009000000000000001 8.091705322265625
-0.008 5.630964279174805
-0.006999999999999999 7.9372477531433105
-0.006000000000000002 7.0113983154296875
-0.005000000000000001 9.144746780395508
-0.004 17.085529327392578
-0.0030000000000000027 22.003116607666016
-0.0020000000000000018 28.26923370361328
-0.0010000000000000009 21.84107780456543
0.0 15.569276809692383
0.0010000000000000009 13.003379821777344
0.0019999999999999983 4.815347671508789
0.002999999999999999 5.504918098449707
0.004 5.444839954376221
0.0049999999999999975 1.8596630096435547
0.005999999999999998 2.5648930072784424
0.006999999999999999 3.3364434242248535
0.008 1.8067476749420166
0.009000000000000001 2.0862808227539062
0.010000000000000002 2.742201089859009
0.011000000000000003 1.7888367176055908
0.011999999999999997 0.3476239740848541
0.012999999999999998 1.4067953824996948
0.013999999999999999 5.499098777770996
0.015 2.486436128616333
0.016 1.0713186264038086
0.017 1.5603994131088257
0.018000000000000002 0.0
0.018999999999999996 0.0
0.019999999999999997 0.0
0.020999999999999998 0.0
0.022 0.0
0.023 0.0
0.024 0.0
0.025 0.0
