-0.025 0.0
-0.024 0.0
-0.023 0.0
-0.022000000000000002 0.0
-0.021 0.0
-0.02 0.0
-0.019000000000000003 0.0
-0.018000000000000002 0.0
-0.017 0.0
-0.016 0.0
-0.015000000000000001 0.7875947952270508
-0.014000000000000002 2.353294610977173
-0.013000000000000001 2.6159956455230713
-0.012 2.3520848751068115
-0.011000000000000001 3.2399253845214844
-0.010000000000000002 2.8111064434051514
-0.009000000000000001 2.5391881465911865
-0.008 2.895681619644165
-0.006999999999999999 2.99263858795166
-0.006000000000000002 2.341120719909668
-0.005000000000000001 3.6785483360290527
-0.004 8.683964729309082
-0.0030000000000000027 14.024907112121582
-0.0020000000000000018 14.76342487335205
-0.0010000000000000009 16.286832809448242
0.0 14.483841896057129
0.0010000000000000009 7.506685733795166
0.0019999999999999983 9.249759674072266
0.002999999999999999 2.8485047817230225
0.004 3.1605823040008545
0.0049999999999999975 4.273232936859131
0.005999999999999998 2.75416898727417
0.006999999999999999 1.134899377822876
0.008 1.9165338277816772
0.009000000000000001 1.7835267782211304
0.010000000000000002 1.838621973991394
0.011000000000000003 2.245537519454956
0.011999999999999997 2.662553548812866
0.012999999999999998 4.027981758117676
0.013999999999999999 5.354729652404785
0.015 3.118039131164551
0.016 1.188126802444458
0.017 0.3988107144832611
0.018000000000000002 0.0
0.018999999999999996 0.0
0.019999999999999997 0.0
0.020999999999999998 0.0
0.022 0.0
0.023 0.0
0.024 0.0
0.025 0.0
