-0.025 0.0
-0.024 0.0
-0.023 0.0
-0.022000000000000002 0.0
-0.021 0.0
-0.02 0.0
-0.019000000000000003 0.0
-0.018000000000000002 0.0
-0.017 0.0
-0.016 0.54450523853302
-0.015000000000000001 0.6674388647079468
-0.014000000000000002 0.0
-0.013000000000000001 0.0
-0.012 0.0
-0.011000000000000001 1.1754463911056519
-0.010000000000000002 0.9513337016105652
-0.009000000000000001 1.116032361984253
-0.008 3.7661690711975098
-0.006999999999999999 10.384187698364258
-0.006000000000000002 12.079559326171875
-0.005000000000000001 11.583491325378418
-0.004 13.229272842407227
-0.0030000000000000027 19.124813079833984
-0.0020000000000000018 24.902313232421875
-0.0010000000000000009 31.116430282592773
0.0 22.283306121826172
0.0010000000000000009 16.545461654663086
0.0019999999999999983 16.302526473999023
0.002999999999999999 6.7858452796936035
0.004 6.124780178070068
0.0049999999999999975 7.038476943969727
0.005999999999999998 7.904119968414307
0.006999999999999999 3.404843807220459
0.008 12.965636253356934
0.009000000000000001 3.052557945251465
0.010000000000000002 4.103492259979248
0.011000000000000003 1.2330875396728516
0.011999999999999997 1.6436262130737305
0.012999999999999998 1.4932315349578857
0.013999999999999999 0.5261183381080627
0.015 0.4813171625137329
0.016 0.26332277059555054
0.017 0.3703312575817108
0.018000000000000002 0.0
0.018999999999999996 0.0
0.019999999999999997 0.0
0.020999999999999998 0.0
0.022 0.0
0.023 0.0
0.024 0.0
0.025 0.0
