-0.025 0.0
-0.024 0.0
-0.023 0.0
-0.022000000000000002 0.0
-0.021 0.0
-0.02 0.0
-0.019000000000000003 0.0
-0.018000000000000002 0.0
-0.017 0.0
-0.016 3.563199996948242
-0.015000000000000001 2.2877023220062256
-0.014000000000000002 1.8915435075759888
-0.013000000000000001 3.0359880924224854
-0.012 3.290245771408081
-0.011000000000000001 2.44212007522583
-0.010000000000000002 3.599964141845703
-0.009000000000000001 7.236082553863525
-0.008 12.116185188293457
-0.006999999999999999 12.375219345092773
-0.006000000000000002 5.714654922485352
-0.005000000000000001 11.931777000427246
-0.004 16.3773250579834
-0.0030000000000000027 18.960535049438477
-0.0020000000000000018 20.005722045898438
-0.0010000000000000009 12.1442289352417
0.0 16.04286003112793
0.0010000000000000009 15.938128471374512
0.0019999999999999983 9.715472221374512
0.002999999999999999 4.786810398101807
0.004 10.967540740966797
0.0049999999999999975 11.5450439453125
0.005999999999999998 12.530769348144531
0.006999999999999999 12.966466903686523
0.008 14.795316696166992
0.009000000000000001 8.091931343078613
0.010000000000000002 5.061478137969971
0.011000000000000003 0.8625035285949707
0.011999999999999997 0.4263085126876831
0.012999999999999998 0.8075068593025208
0.013999999999999999 1.3044342994689941
0.015 0.9060651063919067
0.016 0.35417523980140686
0.017 0.3124503493309021
0.018000000000000002 0.0
0.018999999999999996 0.0
0.019999999999999997 0.0
0.020999999999999998 0.0
0.022 0.0
0.023 0.0
0.024 0.0
0.025 0.0
