-0.025 0.0
-0.024 0.0
-0.023 0.0
-0.022000000000000002 0.0
-0.021 0.0
-0.02 0.0
-0.019000000000000003 0.0
-0.018000000000000002 0.0
-0.017 0.0
-0.016 2.3350117206573486
-0.015000000000000001 1.8885960578918457
-0.014000000000000002 0.9152494072914124
-0.013000000000000001 1.4515444040298462
-0.012 1.8449130058288574
-0.011000000000000001 1.1669503450393677
-0.010000000000000002 1.8446108102798462
-0.009000000000000001 3.677133798599243
-0.008 4.042322635650635
-0.006999999999999999 5.141290664672852
-0.006000000000000002 4.167012691497803
-0.005000000000000001 4.433529853820801
-0.004 7.992380142211914
-0.0030000000000000027 25.162837982177734
-0.0020000000000000018 38.623695373535156
-0.0010000000000000009 42.334964752197266
0.0 35.05147171020508
0.0010000000000000009 27.886558532714844
0.0019999999999999983 27.626678466796875
0.002999999999999999 13.040898323059082
0.004 8.515682220458984
0.0049999999999999975 4.969935417175293
0.005999999999999998 7.2046356201171875
0.006999999999999999 7.882754802703857
0.008 6.542017459869385
0.009000000000000001 3.2988016605377197
0.010000000000000002 0.9327893257141113
0.011000000000000003 0.7973202466964722
0.011999999999999997 0.6069679856300354
0.012999999999999998 0.3634859323501587
0.013999999999999999 0.644049346446991
0.015 0.6662965416908264
0.016 0.2736855149269104
0.017 0.29078614711761475
0.018000000000000002 0.0
0.018999999999999996 0.0
0.019999999999999997 0.0
0.020999999999999998 0.0
0.022 0.0
0.023 0.0
0.024 0.0
0.025 0.0
