-0.025 0.0
-0.024 0.0
-0.023 0.0
-0.022000000000000002 0.0
-0.021 0.0
-0.02 0.0
-0.019000000000000003 0.0
-0.018000000000000002 0.0
-0.017 0.0
-0.016 0.0
-0.015000000000000001 0.0
-0.014000000000000002 0.0
-0.013000000000000001 0.0
-0.012 0.0
-0.011000000000000001 0.17260347306728363
-0.010000000000000002 1.6690958738327026
-0.009000000000000001 2.8426413536071777
-0.008 2.5490851402282715
-0.006999999999999999 5.057376861572266
-0.006000000000000002 9.688846588134766
-0.005000000000000001 18.28656578063965
-0.004 24.516830444335938
-0.0030000000000000027 28.768474578857422
-0.0020000000000000018 26.2268009185791
-0.0010000000000000009 22.744415283203125
0.0 22.29079818725586
0.0010000000000000009 21.237045288085938
0.0019999999999999983 14.373381614685059
0.002999999999999999 10.903722763061523
0.004 6.2417521476745605
0.0049999999999999975 7.240743637084961
0.005999999999999998 12.000080108642578
0.006999999999999999 13.458577156066895
0.008 7.969000816345215
0.009000000000000001 1.8379703760147095
0.010000000000000002 2.3144540786743164
0.011000000000000003 0.8900119066238403
0.011999999999999997 0.06897449493408203
0.012999999999999998 0.3677492141723633
0.013999999999999999 1.1321691274642944
0.015 0.6274569034576416
0.016 0.24553927779197693
0.017 0.2723231613636017
0.018000000000000002 0.0
0.018999999999999996 0.0
0.019999999999999997 0.0
0.020999999999999998 0.0
0.022 0.0
0.023 0.0
0.024 0.0
0.025 0.0
