-0.025 0.0
-0.024 0.0
-0.023 0.0
-0.022000000000000002 0.0
-0.021 0.0
-0.02 0.0
-0.019000000000000003 0.0
-0.018000000000000002 0.0
-0.017 0.0
-0.016 0.21372734010219574
-0.015000000000000001 1.065138339996338
-0.014000000000000002 0.9060643315315247
-0.013000000000000001 0.7469606399536133
-0.012 0.6213991641998291
-0.011000000000000001 1.0787349939346313
-0.010000000000000002 3.0106067657470703
-0.009000000000000001 2.258486270904541
-0.008 1.8633784055709839
-0.006999999999999999 4.692532062530518
-0.006000000000000002 4.729308128356934
-0.005000000000000001 9.057326316833496
-0.004 12.819193840026855
-0.0030000000000000027 11.183174133300781
-0.0020000000000000018 12.491312026977539
-0.0010000000000000009 7.371024131774902
0.0 5.557342052459717
0.0010000000000000009 6.304839134216309
0.0019999999999999983 6.171177864074707
0.002999999999999999 3.018521308898926
0.004 5.024680137634277
0.0049999999999999975 3.9999287128448486
0.005999999999999998 4.293623924255371
0.006999999999999999 4.788244247436523
0.008 3.4676828384399414
0.009000000000000001 3.9200894832611084
0.010000000000000002 4.997140407562256
0.011000000000000003 2.8663864135742188
0.011999999999999997 3.5910041332244873
0.012999999999999998 3.5197534561157227
0.013999999999999999 3.7116751670837402
0.015 1.814571499824524
0.016 0.4767027497291565
0.017 0.2514062821865082
0.018000000000000002 0.0
0.018999999999999996 0.0
0.019999999999999997 0.0
0.020999999999999998 0.0
0.022 0.0
0.023 0.0
0.024 0.0
0.025 0.0
