-0.025 0.0
-0.024 0.0
-0.023 0.0
-0.022000000000000002 0.0
-0.021 0.0
-0.02 0.0
-0.019000000000000003 0.0
-0.018000000000000002 0.0
-0.017 0.0
-0.016 0.0
-0.015000000000000001 0.0
-0.014000000000000002 0.0
-0.013000000000000001 0.0
-0.012 0.0
-0.011000000000000001 1.006662130355835
-0.010000000000000002 1.7049024105072021
-0.009000000000000001 1.0368679761886597
-0.008 2.2626266479492188
-0.006999999999999999 13.320282936096191
-0.006000000000000002 21.227100372314453
-0.005000000000000001 17.944990158081055
-0.004 17.25947380065918
-0.0030000000000000027 13.408769607543945
-0.0020000000000000018 9.13174057006836
-0.0010000000000000009 13.448827743530273
0.0 16.959396362304688
0.0010000000000000009 4.7133378982543945
0.0019999999999999983 9.956414222717285
0.002999999999999999 14.922833442687988
0.004 14.134705543518066
0.0049999999999999975 6.96813440322876
0.005999999999999998 5.07693338394165
0.006999999999999999 4.60714864730835
0.008 3.3772764205932617
0.009000000000000001 5.5637030601501465
0.010000000000000002 5.2607808113098145
0.011000000000000003 5.626307487487793
0.011999999999999997 5.223643779754639
0.012999999999999998 4.662328720092773
0.013999999999999999 2.5405917167663574
0.015 1.1072800159454346
0.016 0.9464367032051086
0.017 0.0
0.018000000000000002 0.0
0.018999999999999996 0.0
0.019999999999999997 0.0
0.020999999999999998 0.0
0.022 0.0
0.023 0.0
0.024 0.0
0.025 0.0
