-0.025 0.0
-0.024 0.0
-0.023 0.0
-0.022000000000000002 0.0
-0.021 0.0
-0.02 0.0
-0.019000000000000003 0.0
-0.018000000000000002 0.0
-0.017 0.0
-0.016 0.0
-0.015000000000000001 0.0974355936050415
-0.014000000000000002 1.0733919143676758
-0.013000000000000001 1.1210675239562988
-0.012 0.3782637417316437
-0.011000000000000001 2.217480421066284
-0.010000000000000002 2.2666611671447754
-0.009000000000000001 3.166882038116455
-0.008 2.4450113773345947
-0.006999999999999999 3.6906542778015137
-0.006000000000000002 3.180253267288208
-0.005000000000000001 6.256263256072998
-0.004 16.84130859375
-0.0030000000000000027 26.340185165405273
-0.0020000000000000018 35.04177474975586
-0.0010000000000000009 43.44978713989258
0.0 39.00621795654297
0.0010000000000000009 29.660072326660156
0.0019999999999999983 23.31171989440918
0.002999999999999999 14.364241600036621
0.004 3.0428147315979004
0.0049999999999999975 2.183438301086426
0.005999999999999998 2.7631893157958984
0.006999999999999999 2.2135729789733887
0.008 1.7576979398727417
0.009000000000000001 1.7092572450637817
0.010000000000000002 2.2455408573150635
0.011000000000000003 1.126222014427185
0.011999999999999997 2.326411247253418
0.012999999999999998 1.4497017860412598
0.013999999999999999 4.914825439453125
0.015 2.8236708641052246
0.016 1.7737531661987305
0.017 0.0
0.018000000000000002 0.0
0.018999999999999996 0.0
0.019999999999999997 0.0
0.020999999999999998 0.0
0.022 0.0
0.023 0.0
0.024 0.0
0.025 0.0
