-0.025 0.0
-0.024 0.0
-0.023 0.0
-0.022000000000000002 0.0
-0.021 0.0
-0.02 0.0
-0.019000000000000003 0.0
-0.018000000000000002 0.0
-0.017 0.0
-0.016 0.0
-0.015000000000000001 0.8307223916053772
-0.014000000000000002 3.4391746520996094
-0.013000000000000001 3.6445279121398926
-0.012 2.6682920455932617
-0.011000000000000001 5.575090408325195
-0.010000000000000002 4.626514434814453
-0.009000000000000001 4.0038981437683105
-0.008 5.639849662780762
-0.006999999999999999 9.491897583007812
-0.006000000000000002 8.23592758178711
-0.005000000000000001 13.347676277160645
-0.004 30.217409133911133
-0.0030000000000000027 34.88924026489258
-0.0020000000000000018 27.805335998535156
-0.0010000000000000009 28.04067039489746
0.0 32.711185455322266
0.0010000000000000009 14.848380088806152
0.0019999999999999983 12.676880836486816
0.002999999999999999 4.463125705718994
0.004 5.432829856872559
0.0049999999999999975 7.686674118041992
0.005999999999999998 5.569745063781738
0.006999999999999999 3.0467143058776855
0.008 3.12730073928833
0.009000000000000001 3.970104932785034
0.010000000000000002 6.263957500457764
0.011000000000000003 5.059195041656494
0.011999999999999997 6.166206359863281
0.012999999999999998 6.064425468444824
0.013999999999999999 10.761157035827637
0.015 5.299524307250977
0.016 3.8269219398498535
0.017 0.39881059527397156
0.018000000000000002 0.0
0.018999999999999996 0.0
0.019999999999999997 0.0
0.020999999999999998 0.0
0.022 0.0
0.023 0.0
0.024 0.0
0.025 0.0
