-0.025 0.0
-0.024 0.0
-0.023 0.0
-0.022000000000000002 0.0
-0.021 0.0
-0.02 0.0
-0.019000000000000003 0.0
-0.018000000000000002 0.0
-0.017 0.0
-0.016 0.01054439228028059
-0.015000000000000001 0.0
-0.014000000000000002 0.06300808489322662
-0.013000000000000001 0.01696922816336155
-0.012 0.0
-0.011000000000000001 1.4555261135101318
-0.010000000000000002 2.8567237854003906
-0.009000000000000001 3.4784369468688965
-0.008 2.8440213203430176
-0.006999999999999999 4.539784908294678
-0.006000000000000002 13.917451858520508
-0.005000000000000001 20.331682205200195
-0.004 19.120859146118164
-0.0030000000000000027 17.99785041809082
-0.0020000000000000018 15.471074104309082
-0.0010000000000000009 13.416227340698242
0.0 10.936227798461914
0.0010000000000000009 8.897817611694336
0.0019999999999999983 9.238365173339844
0.002999999999999999 13.454882621765137
0.004 9.249388694763184
0.0049999999999999975 11.874168395996094
0.005999999999999998 11.223544120788574
0.006999999999999999 7.526966571807861
0.008 4.315140724182129
0.009000000000000001 4.997306823730469
0.010000000000000002 4.188232421875
0.011000000000000003 1.2120026350021362
0.011999999999999997 1.4698870182037354
0.012999999999999998 1.5796414613723755
0.013999999999999999 2.7318644523620605
0.015 1.3781139850616455
0.016 0.49857211112976074
0.017 0.32639819383621216
0.018000000000000002 0.0
0.018999999999999996 0.0
0.019999999999999997 0.0
0.020999999999999998 0.0
0.022 0.0
0.023 0.0
0.024 0.0
0.025 0.0
