-0.025 0.0
-0.024 0.0
-0.023 0.0
-0.022000000000000002 0.0
-0.021 0.0
-0.02 0.0
-0.019000000000000003 0.0
-0.018000000000000002 0.0
-0.017 0.0
-0.016 0.0
-0.015000000000000001 0.0
-0.014000000000000002 0.06036481261253357
-0.013000000000000001 0.080572210252285
-0.012 0.0
-0.011000000000000001 0.13348256051540375
-0.010000000000000002 0.3252865672111511
-0.009000000000000001 0.9377874732017517
-0.008 1.5865108966827393
-0.006999999999999999 3.880532741546631
-0.006000000000000002 5.083066940307617
-0.005000000000000001 11.701944351196289
-0.004 23.185768127441406
-0.0030000000000000027 27.446857452392578
-0.0020000000000000018 26.592405319213867
-0.0010000000000000009 19.064891815185547
0.0 22.579456329345703
0.0010000000000000009 13.971573829650879
0.0019999999999999983 10.620702743530273
0.002999999999999999 6.303709983825684
0.004 11.440877914428711
0.0049999999999999975 10.241455078125
0.005999999999999998 4.981389999389648
0.006999999999999999 5.204610824584961
0.008 7.650625228881836
0.009000000000000001 5.579830646514893
0.010000000000000002 2.236440658569336
0.011000000000000003 2.1639671325683594
0.011999999999999997 2.919102668762207
0.012999999999999998 1.2475240230560303
0.013999999999999999 1.5313206911087036
0.015 1.090341329574585
0.016 0.4787188470363617
0.017 0.3510112166404724
0.018000000000000002 0.0
0.018999999999999996 0.0
0.019999999999999997 0.0
0.020999999999999998 0.0
0.022 0.0
0.023 0.0
0.024 0.0
0.025 0.0
