-0.025 0.0
-0.024 0.0
-0.023 0.0
-0.022000000000000002 0.0
-0.021 0.0
-0.02 0.0
-0.019000000000000003 0.0
-0.018000000000000002 0.0
-0.017 0.0
-0.016 0.00892272125929594
-0.015000000000000001 0.3719741702079773
-0.014000000000000002 2.5619611740112305
-0.013000000000000001 1.9241204261779785
-0.012 0.6454240083694458
-0.011000000000000001 2.839315891265869
-0.010000000000000002 3.680172920227051
-0.009000000000000001 6.0640668869018555
-0.008 9.290111541748047
-0.006999999999999999 13.110183715820312
-0.006000000000000002 11.584074974060059
-0.005000000000000001 11.598938941955566
-0.004 16.52750587463379
-0.0030000000000000027 19.80860137939453
-0.0020000000000000018 13.566322326660156
-0.0010000000000000009 8.2789945602417
0.0 7.776944160461426
0.0010000000000000009 5.340701103210449
0.0019999999999999983 2.7873497009277344
0.002999999999999999 4.6755242347717285
0.004 2.6462035179138184
0.0049999999999999975 3.3950886726379395
0.005999999999999998 4.990979194641113
0.006999999999999999 2.27225661277771
0.008 1.0526138544082642
0.009000000000000001 5.407607078552246
0.010000000000000002 3.5963525772094727
0.011000000000000003 8.22726821899414
0.011999999999999997 6.684553623199463
0.012999999999999998 5.146101951599121
0.013999999999999999 7.6128692626953125
0.015 4.0573296546936035
0.016 2.5883684158325195
0.017 0.3084472119808197
0.018000000000000002 0.0
0.018999999999999996 0.0
0.019999999999999997 0.0
0.020999999999999998 0.0
0.022 0.0
0.023 0.0
0.024 0.0
0.025 0.0
