-0.025 0.0
-0.024 0.0
-0.023 0.0
-0.022000000000000002 0.0
-0.021 0.0
-0.02 0.0
-0.019000000000000003 0.0
-0.018000000000000002 0.0
-0.017 0.0
-0.016 0.0
-0.015000000000000001 0.0
-0.014000000000000002 0.0
-0.013000000000000001 0.0
-0.012 0.0
-0.011000000000000001 0.02661321684718132
-0.010000000000000002 1.1214683055877686
-0.009000000000000001 4.11773157119751
-0.008 3.2603676319122314
-0.006999999999999999 4.348892688751221
-0.006000000000000002 4.123678207397461
-0.005000000000000001 4.486373424530029
-0.004 11.95965576171875
-0.0030000000000000027 36.17521286010742
-0.0020000000000000018 48.406089782714844
-0.0010000000000000009 51.304954528808594
0.0 41.1639518737793
0.0010000000000000009 31.120532989501953
0.0019999999999999983 29.164020538330078
0.002999999999999999 5.108784198760986
0.004 3.6702866554260254
0.0049999999999999975 3.5550899505615234
0.005999999999999998 2.745291233062744
0.006999999999999999 2.069004535675049
0.008 1.7811939716339111
0.009000000000000001 1.7938203811645508
0.010000000000000002 1.8916637897491455
0.011000000000000003 1.4037597179412842
0.011999999999999997 0.7711221575737
0.012999999999999998 0.7516821622848511
0.013999999999999999 2.0817270278930664
0.015 2.1974334716796875
0.016 0.7840784192085266
0.017 1.401991844177246
0.018000000000000002 0.0
0.018999999999999996 0.0
0.019999999999999997 0.0
0.020999999999999998 0.0
0.022 0.0
0.023 0.0
0.024 0.0
0.025 0.0
