-0.025 0.0
-0.024 0.0
-0.023 0.0
-0.022000000000000002 0.0
-0.021 0.0
-0.02 0.0
-0.019000000000000003 0.0
-0.018000000000000002 0.0
-0.017 0.0
-0.016 0.0
-0.015000000000000001 0.0
-0.014000000000000002 0.0
-0.013000000000000001 0.0
-0.012 0.0
-0.011000000000000001 0.0
-0.010000000000000002 0.0
-0.009000000000000001 0.7050630450248718
-0.008 8.331222534179688
-0.006999999999999999 9.714280128479004
-0.006000000000000002 7.034764766693115
-0.005000000000000001 4.971733093261719
-0.004 8.567272186279297
-0.0030000000000000027 19.55587387084961
-0.0020000000000000018 21.922258377075195
-0.0010000000000000009 23.532636642456055
0.0 26.968353271484375
0.0010000000000000009 17.769271850585938
0.0019999999999999983 17.21282958984375
0.002999999999999999 6.540966987609863
0.004 6.086489200592041
0.0049999999999999975 3.069598913192749
0.005999999999999998 6.127185344696045
0.006999999999999999 3.7599782943725586
0.008 2.2543587684631348
0.009000000000000001 1.7501673698425293
0.010000000000000002 4.656121253967285
0.011000000000000003 1.8538827896118164
0.011999999999999997 0.6915762424468994
0.012999999999999998 1.2865432500839233
0.013999999999999999 1.688256859779358
0.015 1.6312873363494873
0.016 0.8462085723876953
0.017 0.14546895027160645
0.018000000000000002 0.0
0.018999999999999996 0.0
0.019999999999999997 0.0
0.020999999999999998 0.0
0.022 0.0
0.023 0.0
0.024 0.0
0.025 0.0
