-0.025 0.0
-0.024 0.0
-0.023 0.0
-0.022000000000000002 0.0
-0.021 0.0
-0.02 0.0
-0.019000000000000003 0.0
-0.018000000000000002 0.0
-0.017 0.0
-0.016 0.30001819133758545
-0.015000000000000001 0.6358082294464111
-0.014000000000000002 1.0378601551055908
-0.013000000000000001 0.33162474632263184
-0.012 0.33060353994369507
-0.011000000000000001 0.994900107383728
-0.010000000000000002 1.3837344646453857
-0.009000000000000001 1.7904696464538574
-0.008 1.8758015632629395
-0.006999999999999999 2.50783109664917
-0.006000000000000002 8.554497718811035
-0.005000000000000001 14.382668495178223
-0.004 16.618000030517578
-0.0030000000000000027 22.056081771850586
-0.0020000000000000018 23.663923263549805
-0.0010000000000000009 23.563005447387695
0.0 19.753368377685547
0.0010000000000000009 13.932950973510742
0.0019999999999999983 14.592238426208496
0.002999999999999999 8.71374797821045
0.004 5.899049282073975
0.0049999999999999975 10.72569465637207
0.005999999999999998 7.520668029785156
0.006999999999999999 6.9712629318237305
0.008 3.5887134075164795
0.009000000000000001 1.7995641231536865
0.010000000000000002 2.170844554901123
0.011000000000000003 1.3593957424163818
0.011999999999999997 1.4628582000732422
0.012999999999999998 2.5843827724456787
0.013999999999999999 1.908298373222351
0.015 0.7161988019943237
0.016 0.2066882699728012
0.017 0.4025137722492218
0.018000000000000002 0.0
0.018999999999999996 0.0
0.019999999999999997 0.0
0.020999999999999998 0.0
0.022 0.0
0.023 0.0
0.024 0.0
0.025 0.0
