-0.025 0.0
-0.024 0.0
-0.023 0.0
-0.022000000000000002 0.0
-0.021 0.0
-0.02 0.0
-0.019000000000000003 0.0
-0.018000000000000002 0.0
-0.017 0.0
-0.016 0.0
-0.015000000000000001 0.0
-0.014000000000000002 0.0
-0.013000000000000001 0.0
-0.012 0.0
-0.011000000000000001 0.0
-0.010000000000000002 0.0
-0.009000000000000001 0.0
-0.008 0.1627276986837387
-0.006999999999999999 3.3605122566223145
-0.006000000000000002 7.607541084289551
-0.005000000000000001 10.400708198547363
-0.004 15.565570831298828
-0.0030000000000000027 26.903915405273438
-0.0020000000000000018 30.040607452392578
-0.0010000000000000009 30.82687759399414
0.0 28.921409606933594
0.0010000000000000009 19.759510040283203
0.0019999999999999983 21.00355339050293
0.002999999999999999 10.343484878540039
0.004 10.977298736572266
0.0049999999999999975 6.243969917297363
0.005999999999999998 2.6600723266601562
0.006999999999999999 1.6441974639892578
0.008 2.699350595474243
0.009000000000000001 1.9340245723724365
0.010000000000000002 0.893191397190094
0.011000000000000003 0.9713013172149658
0.011999999999999997 1.4543581008911133
0.012999999999999998 0.7121527194976807
0.013999999999999999 1.0197755098342896
0.015 0.9861918687820435
0.016 0.7999615669250488
0.017 0.2142365723848343
0.018000000000000002 0.0
0.018999999999999996 0.0
0.019999999999999997 0.0
0.020999999999999998 0.0
0.022 0.0
0.023 0.0
0.024 0.0
0.025 0.0
