-0.025 0.0
-0.024 0.0
-0.023 0.0
-0.022000000000000002 0.0
-0.021 0.0
-0.02 0.0
-0.019000000000000003 0.0
-0.018000000000000002 0.0
-0.017 0.0
-0.016 0.0
-0.015000000000000001 0.0
-0.014000000000000002 0.0
-0.013000000000000001 0.0
-0.012 0.0
-0.011000000000000001 2.192094087600708
-0.010000000000000002 3.4098050594329834
-0.009000000000000001 2.101349115371704
-0.008 4.870386123657227
-0.006999999999999999 12.165964126586914
-0.006000000000000002 18.278730392456055
-0.005000000000000001 20.35261344909668
-0.004 33.19534683227539
-0.0030000000000000027 28.07520294189453
-0.0020000000000000018 13.988478660583496
-0.0010000000000000009 11.083532333374023
0.0 20.162639617919922
0.0010000000000000009 3.734858989715576
0.0019999999999999983 7.742279052734375
0.002999999999999999 10.747702598571777
0.004 11.145480155944824
0.0049999999999999975 6.783912658691406
0.005999999999999998 8.339232444763184
0.006999999999999999 7.172062873840332
0.008 4.223028182983398
0.009000000000000001 7.346299648284912
0.010000000000000002 9.829872131347656
0.011000000000000003 9.325709342956543
0.011999999999999997 8.614614486694336
0.012999999999999998 8.223466873168945
0.013999999999999999 4.527994632720947
0.015 0.5263394117355347
0.016 0.3858296275138855
0.017 0.0
0.018000000000000002 0.0
0.018999999999999996 0.0
0.019999999999999997 0.0
0.020999999999999998 0.0
0.022 0.0
0.023 0.0
0.024 0.0
0.025 0.0
