-0.025 0.0
-0.024 0.0
-0.023 0.0
-0.022000000000000002 0.0
-0.021 0.0
-0.02 0.0
-0.019000000000000003 0.0
-0.018000000000000002 0.3171113133430481
-0.017 0.0
-0.016 0.576637327671051
-0.015000000000000001 0.7688071131706238
-0.014000000000000002 0.0
-0.013000000000000001 0.0
-0.012 0.0
-0.011000000000000001 0.10720224678516388
-0.010000000000000002 0.05861465632915497
-0.009000000000000001 0.3012748658657074
-0.008 1.061853051185608
-0.006999999999999999 6.1601948738098145
-0.006000000000000002 7.1446051597595215
-0.005000000000000001 8.104406356811523
-0.004 26.18531036376953
-0.0030000000000000027 26.948108673095703
-0.0020000000000000018 24.529979705810547
-0.0010000000000000009 22.697982788085938
0.0 28.61743927001953
0.0010000000000000009 18.729740142822266
0.0019999999999999983 12.059898376464844
0.002999999999999999 6.313783645629883
0.004 8.342885971069336
0.0049999999999999975 4.377899646759033
0.005999999999999998 8.071297645568848
0.006999999999999999 3.924731492996216
0.008 3.0941429138183594
0.009000000000000001 2.702484607696533
0.010000000000000002 7.006156921386719
0.011000000000000003 5.832054138183594
0.011999999999999997 4.475323677062988
0.012999999999999998 2.7526707649230957
0.013999999999999999 1.925855278968811
0.015 0.7979927659034729
0.016 0.8561844825744629
0.017 0.3597821593284607
0.018000000000000002 0.0
0.018999999999999996 0.0
0.019999999999999997 0.0
0.020999999999999998 0.0
0.022 0.0
0.023 0.0
0.024 0.0
0.025 0.0
