-0.025 0.0
-0.024 0.0
-0.023 0.0
-0.022000000000000002 0.0
-0.021 0.0
-0.02 0.0
-0.019000000000000003 0.0
-0.018000000000000002 0.0
-0.017 0.0
-0.016 0.9411115646362305
-0.015000000000000001 0.5231147408485413
-0.014000000000000002 0.8391851782798767
-0.013000000000000001 1.001849889755249
-0.012 1.5824275016784668
-0.011000000000000001 0.26101547479629517
-0.010000000000000002 1.0737884044647217
-0.009000000000000001 1.618589997291565
-0.008 1.4257153272628784
-0.006999999999999999 2.752216100692749
-0.006000000000000002 2.6347179412841797
-0.005000000000000001 3.4923572540283203
-0.004 11.989969253540039
-0.0030000000000000027 22.281150817871094
-0.0020000000000000018 23.395458221435547
-0.0010000000000000009 20.734474182128906
0.0 23.018665313720703
0.0010000000000000009 20.105499267578125
0.0019999999999999983 19.116355895996094
0.002999999999999999 4.400723934173584
0.004 5.2223615646362305
0.0049999999999999975 5.576786518096924
0.005999999999999998 9.694650650024414
0.006999999999999999 10.331554412841797
0.008 8.27088737487793
0.009000000000000001 1.4103580713272095
0.010000000000000002 1.2604621648788452
0.011000000000000003 0.4480201303958893
0.011999999999999997 0.7737100124359131
0.012999999999999998 0.36207759380340576
0.013999999999999999 1.0485931634902954
0.015 1.2044284343719482
0.016 0.3888883590698242
0.017 0.49262478947639465
0.018000000000000002 0.0
0.018999999999999996 0.0
0.019999999999999997 0.0
0.020999999999999998 0.0
0.022 0.0
0.023 0.0
0.024 0.0
0.025 0.0
