-0.025 0.0
-0.024 0.0
-0.023 0.0
-0.022000000000000002 0.0
-0.021 0.0
-0.02 0.0
-0.019000000000000003 0.0
-0.018000000000000002 0.8479488492012024
-0.017 0.0
-0.016 0.8181692957878113
-0.015000000000000001 1.1616019010543823
-0.014000000000000002 1.9071160554885864
-0.013000000000000001 2.087639808654785
-0.012 1.0927423238754272
-0.011000000000000001 2.1470327377319336
-0.010000000000000002 4.033968925476074
-0.009000000000000001 4.76041316986084
-0.008 4.412785530090332
-0.006999999999999999 8.148075103759766
-0.006000000000000002 12.666055679321289
-0.005000000000000001 13.370109558105469
-0.004 15.803688049316406
-0.0030000000000000027 19.075822830200195
-0.0020000000000000018 16.86310386657715
-0.0010000000000000009 13.75440502166748
0.0 11.744612693786621
0.0010000000000000009 9.996171951293945
0.0019999999999999983 12.947927474975586
0.002999999999999999 11.558650970458984
0.004 13.570284843444824
0.0049999999999999975 12.649027824401855
0.005999999999999998 13.648633003234863
0.006999999999999999 11.753106117248535
0.008 6.0713911056518555
0.009000000000000001 4.73935604095459
0.010000000000000002 5.452041149139404
0.011000000000000003 4.628759860992432
0.011999999999999997 1.7644274234771729
0.012999999999999998 0.17436006665229797
0.013999999999999999 0.6167944669723511
0.015 0.23300255835056305
0.016 0.06784358620643616
0.017 0.0
0.018000000000000002 0.0
0.018999999999999996 0.0
0.019999999999999997 0.0
0.020999999999999998 0.0
0.022 0.0
0.023 0.0
0.024 0.0
0.025 0.0
