-0.025 0.0
-0.024 0.0
-0.023 0.0
-0.022000000000000002 0.0
-0.021 0.0
-0.02 0.0
-0.019000000000000003 0.0
-0.018000000000000002 0.0
-0.017 0.0
-0.016 1.0740108489990234
-0.015000000000000001 1.2996468544006348
-0.014000000000000002 1.7972270250320435
-0.013000000000000001 0.6452633738517761
-0.012 1.488267183303833
-0.011000000000000001 1.1166701316833496
-0.010000000000000002 2.121180295944214
-0.009000000000000001 1.2449967861175537
-0.008 1.305588722229004
-0.006999999999999999 3.272360324859619
-0.006000000000000002 5.279150009155273
-0.005000000000000001 6.739842414855957
-0.004 15.303117752075195
-0.0030000000000000027 23.84267234802246
-0.0020000000000000018 23.529603958129883
-0.0010000000000000009 22.255048751831055
0.0 23.340179443359375
0.0010000000000000009 21.297626495361328
0.0019999999999999983 19.019798278808594
0.002999999999999999 5.891511917114258
0.004 4.987919807434082
0.0049999999999999975 7.23385763168335
0.005999999999999998 9.279218673706055
0.006999999999999999 11.283649444580078
0.008 8.316898345947266
0.009000000000000001 2.0199990272521973
0.010000000000000002 2.7810330390930176
0.011000000000000003 1.5331971645355225
0.011999999999999997 2.458097457885742
0.012999999999999998 2.5284905433654785
0.013999999999999999 2.6316850185394287
0.015 1.486999750137329
0.016 0.41069814562797546
0.017 0.49262478947639465
0.018000000000000002 0.0
0.018999999999999996 0.0
0.019999999999999997 0.0
0.020999999999999998 0.0
0.022 0.0
0.023 0.0
0.024 0.0
0.025 0.0
