-0.025 0.0
-0.024 0.0
-0.023 0.0
-0.022000000000000002 0.0
-0.021 0.0
-0.02 0.0
-0.019000000000000003 0.0
-0.018000000000000002 0.0
-0.017 0.0
-0.016 0.35050880908966064
-0.015000000000000001 1.286171317100525
-0.014000000000000002 0.9588253498077393
-0.013000000000000001 0.5875672101974487
-0.012 0.5991729497909546
-0.011000000000000001 1.3684024810791016
-0.010000000000000002 2.125535488128662
-0.009000000000000001 3.5928266048431396
-0.008 2.709182024002075
-0.006999999999999999 3.571488618850708
-0.006000000000000002 6.759974002838135
-0.005000000000000001 10.710772514343262
-0.004 11.70944881439209
-0.0030000000000000027 18.740360260009766
-0.0020000000000000018 36.283958435058594
-0.0010000000000000009 46.041038513183594
0.0 35.83606719970703
0.0010000000000000009 29.79772186279297
0.0019999999999999983 26.240877151489258
0.002999999999999999 14.668883323669434
0.004 3.8883585929870605
0.0049999999999999975 2.965740203857422
0.005999999999999998 2.4616715908050537
0.006999999999999999 1.901511788368225
0.008 2.3624160289764404
0.009000000000000001 2.5643625259399414
0.010000000000000002 4.161365032196045
0.011000000000000003 1.841144323348999
0.011999999999999997 2.2276687622070312
0.012999999999999998 2.9454967975616455
0.013999999999999999 2.8149666786193848
0.015 1.8200291395187378
0.016 0.1809023767709732
0.017 0.2575363516807556
0.018000000000000002 0.0
0.018999999999999996 0.0
0.019999999999999997 0.0
0.020999999999999998 0.0
0.022 0.0
0.023 0.0
0.024 0.0
0.025 0.0
