-0.025 0.0
-0.024 0.0
-0.023 0.0
-0.022000000000000002 0.0
-0.021 0.0
-0.02 0.0
-0.019000000000000003 0.0
-0.018000000000000002 0.0
-0.017 0.0
-0.016 0.39632439613342285
-0.015000000000000001 1.0228809118270874
-0.014000000000000002 1.4659106731414795
-0.013000000000000001 0.4962199032306671
-0.012 0.6244369745254517
-0.011000000000000001 1.2284621000289917
-0.010000000000000002 2.123253345489502
-0.009000000000000001 1.7261314392089844
-0.008 1.8938798904418945
-0.006999999999999999 2.2587006092071533
-0.006000000000000002 8.913835525512695
-0.005000000000000001 16.868478775024414
-0.004 19.175121307373047
-0.0030000000000000027 17.665313720703125
-0.0020000000000000018 16.084590911865234
-0.0010000000000000009 14.84284782409668
0.0 11.984370231628418
0.0010000000000000009 8.327899932861328
0.0019999999999999983 7.608843803405762
0.002999999999999999 10.999485969543457
0.004 7.429734706878662
0.0049999999999999975 10.10073471069336
0.005999999999999998 9.473913192749023
0.006999999999999999 5.707943439483643
0.008 1.6443507671356201
0.009000000000000001 1.454232931137085
0.010000000000000002 2.017035961151123
0.011000000000000003 1.9167978763580322
0.011999999999999997 1.5269886255264282
0.012999999999999998 3.5126402378082275
0.013999999999999999 3.4708313941955566
0.015 1.5134013891220093
0.016 0.20810770988464355
0.017 0.22826746106147766
0.018000000000000002 0.0
0.018999999999999996 0.0
0.019999999999999997 0.0
0.020999999999999998 0.0
0.022 0.0
0.023 0.0
0.024 0.0
0.025 0.0
