-0.025 0.0
-0.024 0.0
-0.023 0.0
-0.022000000000000002 0.0
-0.021 0.0
-0.02 0.0
-0.019000000000000003 0.0
-0.018000000000000002 0.05961529165506363
-0.017 0.0
-0.016 2.7964298725128174
-0.015000000000000001 3.619161605834961
-0.014000000000000002 4.488159656524658
-0.013000000000000001 2.9120163917541504
-0.012 2.755408763885498
-0.011000000000000001 2.075303077697754
-0.010000000000000002 4.195912837982178
-0.009000000000000001 5.304455280303955
-0.008 10.718450546264648
-0.006999999999999999 19.08269500732422
-0.006000000000000002 11.946771621704102
-0.005000000000000001 8.813779830932617
-0.004 22.104393005371094
-0.0030000000000000027 33.7969970703125
-0.0020000000000000018 34.07615280151367
-0.0010000000000000009 18.06134033203125
0.0 19.20125961303711
0.0010000000000000009 13.733222007751465
0.0019999999999999983 12.10184383392334
0.002999999999999999 8.925885200500488
0.004 9.587631225585938
0.0049999999999999975 10.11641788482666
0.005999999999999998 18.18660545349121
0.006999999999999999 14.149330139160156
0.008 9.314872741699219
0.009000000000000001 5.909601211547852
0.010000000000000002 8.202152252197266
0.011000000000000003 13.21735954284668
0.011999999999999997 6.572631359100342
0.012999999999999998 6.706051349639893
0.013999999999999999 5.217532157897949
0.015 3.9456851482391357
0.016 0.9077301025390625
0.017 0.23298804461956024
0.018000000000000002 0.0
0.018999999999999996 0.0
0.019999999999999997 0.0
0.020999999999999998 0.0
0.022 0.0
0.023 0.0
0.024 0.0
0.025 0.0
