-0.025 0.0
-0.024 0.0
-0.023 0.0
-0.022000000000000002 0.0
-0.021 0.0
-0.02 0.0
-0.019000000000000003 0.0
-0.018000000000000002 0.0
-0.017 0.0
-0.016 1.8940767049789429
-0.015000000000000001 0.2501077651977539
-0.014000000000000002 0.07262030243873596
-0.013000000000000001 3.063828706741333
-0.012 3.7648677825927734
-0.011000000000000001 4.235864162445068
-0.010000000000000002 3.4792845249176025
-0.009000000000000001 2.654580593109131
-0.008 9.028420448303223
-0.006999999999999999 7.451656818389893
-0.006000000000000002 2.81166934967041
-0.005000000000000001 7.615381717681885
-0.004 26.718826293945312
-0.0030000000000000027 35.72530746459961
-0.0020000000000000018 37.212730407714844
-0.0010000000000000009 28.211355209350586
0.0 27.13104248046875
0.0010000000000000009 20.581130981445312
0.0019999999999999983 16.63340950012207
0.002999999999999999 3.5886740684509277
0.004 10.939008712768555
0.0049999999999999975 9.24648380279541
0.005999999999999998 5.716919898986816
0.006999999999999999 9.20949935913086
0.008 19.721145629882812
0.009000000000000001 12.289982795715332
0.010000000000000002 2.3033394813537598
0.011000000000000003 2.9368057250976562
0.011999999999999997 1.208496332168579
0.012999999999999998 0.6746572256088257
0.013999999999999999 0.6071268320083618
0.015 0.619770348072052
0.016 0.34664714336395264
0.017 0.8578400611877441
0.018000000000000002 0.0
0.018999999999999996 0.0
0.019999999999999997 0.0
0.020999999999999998 0.0
0.022 0.0
0.023 0.0
0.024 0.0
0.025 0.0
