-0.025 0.0
-0.024 0.0
-0.023 0.0
-0.022000000000000002 0.0
-0.021 0.0
-0.02 0.0
-0.019000000000000003 0.0
-0.018000000000000002 0.0
-0.017 0.0
-0.016 0.44462040066719055
-0.015000000000000001 0.0
-0.014000000000000002 0.10135048627853394
-0.013000000000000001 1.6084593534469604
-0.012 0.1408330798149109
-0.011000000000000001 0.8432444334030151
-0.010000000000000002 1.7282840013504028
-0.009000000000000001 1.024669885635376
-0.008 1.382770299911499
-0.006999999999999999 0.7348071932792664
-0.006000000000000002 6.132268905639648
-0.005000000000000001 6.814800262451172
-0.004 11.344198226928711
-0.0030000000000000027 22.27880096435547
-0.0020000000000000018 27.2003231048584
-0.0010000000000000009 26.68255615234375
0.0 23.669248580932617
0.0010000000000000009 18.39962387084961
0.0019999999999999983 15.921154022216797
0.002999999999999999 5.271042346954346
0.004 3.0585110187530518
0.0049999999999999975 2.234266757965088
0.005999999999999998 3.4038138389587402
0.006999999999999999 3.447019577026367
0.008 1.2338447570800781
0.009000000000000001 1.050072193145752
0.010000000000000002 4.232676982879639
0.011000000000000003 2.953219413757324
0.011999999999999997 2.057586431503296
0.012999999999999998 2.765317916870117
0.013999999999999999 3.606656074523926
0.015 3.2436869144439697
0.016 0.8117299675941467
0.017 0.22239959239959717
0.018000000000000002 0.0
0.018999999999999996 0.0
0.019999999999999997 0.0
0.020999999999999998 0.0
0.022 0.0
0.023 0.0
0.024 0.0
0.025 0.0
