-0.025 0.0
-0.024 0.0
-0.023 0.0
-0.022000000000000002 0.0
-0.021 0.0
-0.02 0.0
-0.019000000000000003 0.0
-0.018000000000000002 0.0
-0.017 0.0
-0.016 0.0
-0.015000000000000001 0.0
-0.014000000000000002 0.0
-0.013000000000000001 0.0
-0.012 0.0
-0.011000000000000001 0.4122433662414551
-0.010000000000000002 0.882233738899231
-0.009000000000000001 1.1258167028427124
-0.008 1.6061742305755615
-0.006999999999999999 8.19818115234375
-0.006000000000000002 13.509504318237305
-0.005000000000000001 16.740360260009766
-0.004 15.588944435119629
-0.0030000000000000027 18.757259368896484
-0.0020000000000000018 17.89017677307129
-0.0010000000000000009 17.08379554748535
0.0 15.826733589172363
0.0010000000000000009 16.411998748779297
0.0019999999999999983 10.93532943725586
0.002999999999999999 11.619528770446777
0.004 15.97850513458252
0.0049999999999999975 17.983478546142578
0.005999999999999998 7.0095648765563965
0.006999999999999999 2.574108600616455
0.008 4.043875217437744
0.009000000000000001 1.0504908561706543
0.010000000000000002 0.5090136528015137
0.011000000000000003 0.5086305141448975
0.011999999999999997 0.42775624990463257
0.012999999999999998 0.6077607274055481
0.013999999999999999 0.4665417969226837
0.015 0.5298502445220947
0.016 0.23262564837932587
0.017 0.8540526628494263
0.018000000000000002 0.0
0.018999999999999996 0.0
0.019999999999999997 0.0
0.020999999999999998 0.0
0.022 0.0
0.023 0.0
0.024 0.0
0.025 0.0
