-0.025 0.0
-0.024 0.0
-0.023 0.0
-0.022000000000000002 0.0
-0.021 0.0
-0.02 0.0
-0.019000000000000003 0.0
-0.018000000000000002 0.0
-0.017 0.0
-0.016 0.5150595903396606
-0.015000000000000001 1.5837230682373047
-0.014000000000000002 1.0670967102050781
-0.013000000000000001 1.3030411005020142
-0.012 0.7460639476776123
-0.011000000000000001 1.8508429527282715
-0.010000000000000002 3.066202163696289
-0.009000000000000001 3.0446557998657227
-0.008 3.050712823867798
-0.006999999999999999 6.553791046142578
-0.006000000000000002 5.760296821594238
-0.005000000000000001 11.122350692749023
-0.004 12.843303680419922
-0.0030000000000000027 19.853927612304688
-0.0020000000000000018 29.55508041381836
-0.0010000000000000009 32.40319061279297
0.0 27.115806579589844
0.0010000000000000009 22.264970779418945
0.0019999999999999983 20.939205169677734
0.002999999999999999 12.007933616638184
0.004 6.43367862701416
0.0049999999999999975 6.263527870178223
0.005999999999999998 4.958818435668945
0.006999999999999999 4.792623043060303
0.008 5.906426906585693
0.009000000000000001 4.869726181030273
0.010000000000000002 6.305830955505371
0.011000000000000003 3.234571695327759
0.011999999999999997 3.711738348007202
0.012999999999999998 4.383986473083496
0.013999999999999999 2.8630475997924805
0.015 1.1563142538070679
0.016 0.3508547246456146
0.017 0.23399019241333008
0.018000000000000002 0.0
0.018999999999999996 0.0
0.019999999999999997 0.0
0.020999999999999998 0.0
0.022 0.0
0.023 0.0
0.024 0.0
0.025 0.0
