-0.025 0.0
-0.024 0.0
-0.023 0.0
-0.022000000000000002 0.0
-0.021 0.0
-0.02 0.0
-0.019000000000000003 0.0
-0.018000000000000002 0.0
-0.017 0.0
-0.016 0.0
-0.015000000000000001 0.10699937492609024
-0.014000000000000002 0.811373233795166
-0.013000000000000001 0.3493378460407257
-0.012 0.2065606713294983
-0.011000000000000001 0.18047067523002625
-0.010000000000000002 1.9033558368682861
-0.009000000000000001 2.833725929260254
-0.008 1.5312408208847046
-0.006999999999999999 3.429543972015381
-0.006000000000000002 3.5473976135253906
-0.005000000000000001 3.9805665016174316
-0.004 6.720696926116943
-0.0030000000000000027 15.209949493408203
-0.0020000000000000018 26.416597366333008
-0.0010000000000000009 25.143512725830078
0.0 18.967172622680664
0.0010000000000000009 17.70311737060547
0.0019999999999999983 11.006667137145996
0.002999999999999999 5.579996109008789
0.004 2.906494379043579
0.0049999999999999975 1.6516356468200684
0.005999999999999998 1.9877578020095825
0.006999999999999999 2.6100621223449707
0.008 1.056652307510376
0.009000000000000001 1.7194640636444092
0.010000000000000002 2.3576154708862305
0.011000000000000003 2.1476964950561523
0.011999999999999997 2.208198070526123
0.012999999999999998 0.9468657970428467
0.013999999999999999 2.725922107696533
0.015 2.4266481399536133
0.016 0.6806933879852295
0.017 0.4391288757324219
0.018000000000000002 0.0
0.018999999999999996 0.0
0.019999999999999997 0.0
0.020999999999999998 0.0
0.022 0.0
0.023 0.0
0.024 0.0
0.025 0.0
