-0.025 0.0
-0.024 0.0
-0.023 0.0
-0.022000000000000002 0.0
-0.021 0.0
-0.02 0.0
-0.019000000000000003 0.0
-0.018000000000000002 0.0
-0.017 0.0
-0.016 1.5108022689819336
-0.015000000000000001 0.16591796278953552
-0.014000000000000002 0.2639804482460022
-0.013000000000000001 2.5785632133483887
-0.012 2.480074405670166
-0.011000000000000001 3.9408631324768066
-0.010000000000000002 2.2623298168182373
-0.009000000000000001 1.1731836795806885
-0.008 6.798816680908203
-0.006999999999999999 7.8233513832092285
-0.006000000000000002 2.5838799476623535
-0.005000000000000001 11.760743141174316
-0.004 26.414520263671875
-0.0030000000000000027 37.81458282470703
-0.0020000000000000018 40.631980895996094
-0.0010000000000000009 36.610591888427734
0.0 35.23274230957031
0.0010000000000000009 26.570262908935547
0.0019999999999999983 16.730470657348633
0.002999999999999999 6.572052955627441
0.004 11.6439208984375
0.0049999999999999975 6.350809097290039
0.005999999999999998 6.3141584396362305
0.006999999999999999 5.867667198181152
0.008 15.072891235351562
0.009000000000000001 11.517407417297363
0.010000000000000002 2.2411491870880127
0.011000000000000003 2.5334455966949463
0.011999999999999997 2.109494209289551
0.012999999999999998 0.8437871932983398
0.013999999999999999 0.9931818246841431
0.015 0.35890597105026245
0.016 0.4433954954147339
0.017 0.2733766734600067
0.018000000000000002 0.0
0.018999999999999996 0.0
0.019999999999999997 0.0
0.020999999999999998 0.0
0.022 0.0
0.023 0.0
0.024 0.0
0.025 0.0
