-0.025 0.0
-0.024 0.0
-0.023 0.0
-0.022000000000000002 0.0
-0.021 0.0
-0.02 0.0
-0.019000000000000003 0.0
-0.018000000000000002 1.3347257375717163
-0.017 0.0
-0.016 3.7539074420928955
-0.015000000000000001 2.372652769088745
-0.014000000000000002 0.4018526077270508
-0.013000000000000001 0.3033022880554199
-0.012 0.8455972671508789
-0.011000000000000001 1.5683101415634155
-0.010000000000000002 2.7079293727874756
-0.009000000000000001 3.4559707641601562
-0.008 5.879499435424805
-0.006999999999999999 14.697856903076172
-0.006000000000000002 18.189777374267578
-0.005000000000000001 17.831634521484375
-0.004 20.675172805786133
-0.0030000000000000027 19.514177322387695
-0.0020000000000000018 21.885107040405273
-0.0010000000000000009 22.93055534362793
0.0 22.913663864135742
0.0010000000000000009 24.11346435546875
0.0019999999999999983 13.46601676940918
0.002999999999999999 16.272361755371094
0.004 13.494723320007324
0.0049999999999999975 9.029534339904785
0.005999999999999998 8.673783302307129
0.006999999999999999 9.391789436340332
0.008 12.141996383666992
0.009000000000000001 13.786681175231934
0.010000000000000002 13.698758125305176
0.011000000000000003 3.641099452972412
0.011999999999999997 2.1665756702423096
0.012999999999999998 1.1575191020965576
0.013999999999999999 1.0014264583587646
0.015 0.8041961193084717
0.016 0.6707019209861755
0.017 0.193095862865448
0.018000000000000002 0.0
0.018999999999999996 0.0
0.019999999999999997 0.0
0.020999999999999998 0.0
0.022 0.0
0.023 0.0
0.024 0.0
0.025 0.0
