-0.025 0.0
-0.024 0.0
-0.023 0.0
-0.022000000000000002 0.0
-0.021 0.0
-0.02 0.0
-0.019000000000000003 0.0
-0.018000000000000002 0.0
-0.017 0.0
-0.016 0.0
-0.015000000000000001 0.0
-0.014000000000000002 0.0
-0.013000000000000001 0.0
-0.012 0.0
-0.011000000000000001 0.0
-0.010000000000000002 0.0
-0.009000000000000001 0.0
-0.008 0.1222226619720459
-0.006999999999999999 2.0657758712768555
-0.006000000000000002 4.850569725036621
-0.005000000000000001 6.053086280822754
-0.004 15.157182693481445
-0.0030000000000000027 24.987934112548828
-0.0020000000000000018 25.140796661376953
-0.0010000000000000009 21.99411964416504
0.0 21.947175979614258
0.0010000000000000009 14.843276023864746
0.0019999999999999983 12.92590618133545
0.002999999999999999 3.3465988636016846
0.004 1.9590864181518555
0.0049999999999999975 2.0797178745269775
0.005999999999999998 5.159512996673584
0.006999999999999999 2.7125778198242188
0.008 1.9784820079803467
0.009000000000000001 2.2427027225494385
0.010000000000000002 4.585021018981934
0.011000000000000003 3.7875900268554688
0.011999999999999997 3.5957891941070557
0.012999999999999998 0.6014893054962158
0.013999999999999999 0.6615557670593262
0.015 0.6114386320114136
0.016 0.20332345366477966
0.017 0.33740732073783875
0.018000000000000002 0.0
0.018999999999999996 0.0
0.019999999999999997 0.0
0.020999999999999998 0.0
0.022 0.0
0.023 0.0
0.024 0.0
0.025 0.0
