-0.025 0.0
-0.024 0.0
-0.023 0.0
-0.022000000000000002 0.0
-0.021 0.0
-0.02 0.0
-0.019000000000000003 0.0
-0.018000000000000002 0.0
-0.017 0.0
-0.016 0.0
-0.015000000000000001 0.0
-0.014000000000000002 0.0
-0.013000000000000001 0.0
-0.012 0.0
-0.011000000000000001 0.0
-0.010000000000000002 0.3558267652988434
-0.009000000000000001 0.8300472497940063
-0.008 1.088870882987976
-0.006999999999999999 4.135590076446533
-0.006000000000000002 14.103135108947754
-0.005000000000000001 17.899282455444336
-0.004 26.61777687072754
-0.0030000000000000027 32.69160842895508
-0.0020000000000000018 26.373153686523438
-0.0010000000000000009 21.607345581054688
0.0 19.689626693725586
0.0010000000000000009 18.1200008392334
0.0019999999999999983 10.170443534851074
0.002999999999999999 10.191790580749512
0.004 10.984868049621582
0.0049999999999999975 7.432751178741455
0.005999999999999998 9.064291954040527
0.006999999999999999 10.247952461242676
0.008 8.688883781433105
0.009000000000000001 3.523371458053589
0.010000000000000002 1.8953120708465576
0.011000000000000003 0.7537210583686829
0.011999999999999997 0.7626575231552124
0.012999999999999998 0.49143534898757935
0.013999999999999999 0.5262795686721802
0.015 0.663892924785614
0.016 0.27366143465042114
0.017 0.8413105010986328
0.018000000000000002 0.0
0.018999999999999996 0.0
0.019999999999999997 0.0
0.020999999999999998 0.0
0.022 0.0
0.023 0.0
0.024 0.0
0.025 0.0
