-0.025 0.0
-0.024 0.0
-0.023 0.0
-0.022000000000000002 0.0
-0.021 0.0
-0.02 0.0
-0.019000000000000003 0.0
-0.018000000000000002 0.0
-0.017 0.0
-0.016 0.0
-0.015000000000000001 0.02663138508796692
-0.014000000000000002 0.0
-0.013000000000000001 0.0
-0.012 0.0
-0.011000000000000001 0.4558996558189392
-0.010000000000000002 1.107107162475586
-0.009000000000000001 0.48486292362213135
-0.008 0.15848639607429504
-0.006999999999999999 2.8926289081573486
-0.006000000000000002 6.4393110275268555
-0.005000000000000001 9.249855041503906
-0.004 15.790037155151367
-0.0030000000000000027 19.25423240661621
-0.0020000000000000018 20.83201026916504
-0.0010000000000000009 17.865205764770508
0.0 18.653091430664062
0.0010000000000000009 10.381574630737305
0.0019999999999999983 13.355424880981445
0.002999999999999999 2.7558035850524902
0.004 6.100780963897705
0.0049999999999999975 2.4320878982543945
0.005999999999999998 3.445044994354248
0.006999999999999999 2.739567279815674
0.008 1.9489631652832031
0.009000000000000001 1.2504220008850098
0.010000000000000002 4.003537178039551
0.011000000000000003 1.1899558305740356
0.011999999999999997 1.8821403980255127
0.012999999999999998 0.7254104018211365
0.013999999999999999 3.5791356563568115
0.015 2.0319342613220215
0.016 0.38152146339416504
0.017 0.3021725118160248
0.018000000000000002 0.0
0.018999999999999996 0.0
0.019999999999999997 0.0
0.020999999999999998 0.0
0.022 0.0
0.023 0.0
0.024 0.0
0.025 0.0
