-0.025 0.0
-0.024 0.0
-0.023 0.0
-0.022000000000000002 0.0
-0.021 0.0
-0.02 0.0
-0.019000000000000003 0.0
-0.018000000000000002 0.0
-0.017 0.0
-0.016 0.0
-0.015000000000000001 0.0
-0.014000000000000002 0.0
-0.013000000000000001 0.0
-0.012 0.0
-0.011000000000000001 1.066176176071167
-0.010000000000000002 3.3109030723571777
-0.009000000000000001 4.839506149291992
-0.008 3.864140033721924
-0.006999999999999999 11.979852676391602
-0.006000000000000002 20.610633850097656
-0.005000000000000001 22.41090965270996
-0.004 22.19728660583496
-0.0030000000000000027 25.594200134277344
-0.0020000000000000018 23.774791717529297
-0.0010000000000000009 19.37576675415039
0.0 13.726850509643555
0.0010000000000000009 11.613914489746094
0.0019999999999999983 14.567597389221191
0.002999999999999999 15.187141418457031
0.004 14.506529808044434
0.0049999999999999975 12.379931449890137
0.005999999999999998 11.888657569885254
0.006999999999999999 10.614489555358887
0.008 5.448746204376221
0.009000000000000001 5.089421272277832
0.010000000000000002 6.201148986816406
0.011000000000000003 5.9650187492370605
0.011999999999999997 3.5141496658325195
0.012999999999999998 0.5201559662818909
0.013999999999999999 1.2828454971313477
0.015 0.4485739469528198
0.016 0.30334803462028503
0.017 0.021381353959441185
0.018000000000000002 0.0
0.018999999999999996 0.0
0.019999999999999997 0.0
0.020999999999999998 0.0
0.022 0.0
0.023 0.0
0.024 0.0
0.025 0.0
