-0.025 0.0
-0.024 0.0
-0.023 0.0
-0.022000000000000002 0.0
-0.021 0.0
-0.02 0.0
-0.019000000000000003 0.0
-0.018000000000000002 0.0
-0.017 0.0
-0.016 0.10972569137811661
-0.015000000000000001 0.0
-0.014000000000000002 0.14591626822948456
-0.013000000000000001 0.0
-0.012 0.0
-0.011000000000000001 1.181222915649414
-0.010000000000000002 2.172290086746216
-0.009000000000000001 5.714003562927246
-0.008 7.324027061462402
-0.006999999999999999 13.132859230041504
-0.006000000000000002 13.49919319152832
-0.005000000000000001 11.035321235656738
-0.004 18.364274978637695
-0.0030000000000000027 28.24183464050293
-0.0020000000000000018 30.15582275390625
-0.0010000000000000009 19.722248077392578
0.0 25.147106170654297
0.0010000000000000009 15.021061897277832
0.0019999999999999983 10.403331756591797
0.002999999999999999 4.686374664306641
0.004 11.082146644592285
0.0049999999999999975 7.772055625915527
0.005999999999999998 10.631484985351562
0.006999999999999999 11.515236854553223
0.008 8.112813949584961
0.009000000000000001 5.652312755584717
0.010000000000000002 8.069835662841797
0.011000000000000003 6.172499656677246
0.011999999999999997 2.5166099071502686
0.012999999999999998 2.190657615661621
0.013999999999999999 1.4580515623092651
0.015 0.9907445311546326
0.016 0.21776163578033447
0.017 0.3942483067512512
0.018000000000000002 0.0
0.018999999999999996 0.0
0.019999999999999997 0.0
0.020999999999999998 0.0
0.022 0.0
0.023 0.0
0.024 0.0
0.025 0.0
