-0.025 0.0
-0.024 0.0
-0.023 0.0
-0.022000000000000002 0.0
-0.021 0.0
-0.02 0.0
-0.019000000000000003 0.0
-0.018000000000000002 0.0
-0.017 0.0
-0.016 3.975497245788574
-0.015000000000000001 0.1387394815683365
-0.014000000000000002 0.0
-0.013000000000000001 3.7450344562530518
-0.012 3.5426135063171387
-0.011000000000000001 4.532163619995117
-0.010000000000000002 4.2409234046936035
-0.009000000000000001 9.714261054992676
-0.008 35.2271842956543
-0.006999999999999999 26.056663513183594
-0.006000000000000002 7.9234819412231445
-0.005000000000000001 2.350407600402832
-0.004 11.291019439697266
-0.0030000000000000027 17.022018432617188
-0.0020000000000000018 28.064472198486328
-0.0010000000000000009 30.288288116455078
0.0 26.86227798461914
0.0010000000000000009 22.424325942993164
0.0019999999999999983 23.500173568725586
0.002999999999999999 3.7355573177337646
0.004 4.078135013580322
0.0049999999999999975 7.812098979949951
0.005999999999999998 9.429479598999023
0.006999999999999999 9.383557319641113
0.008 22.505056381225586
0.009000000000000001 13.441777229309082
0.010000000000000002 12.960678100585938
0.011000000000000003 6.692654609680176
0.011999999999999997 0.6956946849822998
0.012999999999999998 1.0424772500991821
0.013999999999999999 1.3552095890045166
0.015 1.4349238872528076
0.016 0.6733253002166748
0.017 0.1250753402709961
0.018000000000000002 0.0
0.018999999999999996 0.0
0.019999999999999997 0.0
0.020999999999999998 0.0
0.022 0.0
0.023 0.0
0.024 0.0
0.025 0.0
