-0.025 0.0
-0.024 0.0
-0.023 0.0
-0.022000000000000002 0.0
-0.021 0.0
-0.02 0.0
-0.019000000000000003 0.0
-0.018000000000000002 0.0
-0.017 0.0
-0.016 0.0
-0.015000000000000001 0.0
-0.014000000000000002 0.4383935034275055
-0.013000000000000001 1.0087600946426392
-0.012 0.29642796516418457
-0.011000000000000001 1.5946422815322876
-0.010000000000000002 1.383895754814148
-0.009000000000000001 1.203275203704834
-0.008 0.5883409380912781
-0.006999999999999999 0.6555385589599609
-0.006000000000000002 0.512319803237915
-0.005000000000000001 5.079281330108643
-0.004 25.49702262878418
-0.0030000000000000027 36.545169830322266
-0.0020000000000000018 35.98450469970703
-0.0010000000000000009 35.895729064941406
0.0 37.460304260253906
0.0010000000000000009 28.10204315185547
0.0019999999999999983 19.801868438720703
0.002999999999999999 4.054999351501465
0.004 1.5057791471481323
0.0049999999999999975 2.6453776359558105
0.005999999999999998 3.001513957977295
0.006999999999999999 0.7188370823860168
0.008 2.243265390396118
0.009000000000000001 1.515244483947754
0.010000000000000002 2.9711947441101074
0.011000000000000003 2.2683985233306885
0.011999999999999997 3.0424346923828125
0.012999999999999998 0.5767932534217834
0.013999999999999999 4.608121871948242
0.015 2.615906238555908
0.016 2.27425217628479
0.017 0.3310401737689972
0.018000000000000002 0.0
0.018999999999999996 0.0
0.019999999999999997 0.0
0.020999999999999998 0.0
0.022 0.0
0.023 0.0
0.024 0.0
0.025 0.0
