-0.025 0.0
-0.024 0.0
-0.023 0.0
-0.022000000000000002 0.0
-0.021 0.0
-0.02 0.0
-0.019000000000000003 0.0
-0.018000000000000002 0.0
-0.017 0.0
-0.016 0.0
-0.015000000000000001 0.0
-0.014000000000000002 0.2523316740989685
-0.013000000000000001 0.0
-0.012 0.0
-0.011000000000000001 0.31074512004852295
-0.010000000000000002 0.13861244916915894
-0.009000000000000001 0.12489040195941925
-0.008 0.0
-0.006999999999999999 1.090357780456543
-0.006000000000000002 5.843827247619629
-0.005000000000000001 15.541833877563477
-0.004 31.400726318359375
-0.0030000000000000027 31.67632293701172
-0.0020000000000000018 27.368703842163086
-0.0010000000000000009 29.43054962158203
0.0 30.682632446289062
0.0010000000000000009 26.31100082397461
0.0019999999999999983 10.129555702209473
0.002999999999999999 2.933682918548584
0.004 4.704976558685303
0.0049999999999999975 7.469954013824463
0.005999999999999998 5.935650825500488
0.006999999999999999 1.3249125480651855
0.008 12.451026916503906
0.009000000000000001 3.2851338386535645
0.010000000000000002 2.200183391571045
0.011000000000000003 2.05163836479187
0.011999999999999997 3.03560733795166
0.012999999999999998 1.3085088729858398
0.013999999999999999 1.722606897354126
0.015 0.6885439157485962
0.016 0.851064145565033
0.017 0.16192525625228882
0.018000000000000002 0.0
0.018999999999999996 0.0
0.019999999999999997 0.0
0.020999999999999998 0.0
0.022 0.0
0.023 0.0
0.024 0.0
0.025 0.0
