-0.025 0.0
-0.024 0.0
-0.023 0.0
-0.022000000000000002 0.0
-0.021 0.0
-0.02 0.0
-0.019000000000000003 0.0
-0.018000000000000002 0.0
-0.017 0.0
-0.016 0.3429577052593231
-0.015000000000000001 0.08085458725690842
-0.014000000000000002 0.0
-0.013000000000000001 0.0
-0.012 0.0
-0.011000000000000001 1.733996868133545
-0.010000000000000002 2.1604864597320557
-0.009000000000000001 2.964118003845215
-0.008 3.8063125610351562
-0.006999999999999999 9.990100860595703
-0.006000000000000002 19.152132034301758
-0.005000000000000001 23.764867782592773
-0.004 23.115148544311523
-0.0030000000000000027 21.12508773803711
-0.0020000000000000018 15.372370719909668
-0.0010000000000000009 15.12979507446289
0.0 13.98600959777832
0.0010000000000000009 9.005925178527832
0.0019999999999999983 10.914579391479492
0.002999999999999999 12.938115119934082
0.004 11.379928588867188
0.0049999999999999975 12.886324882507324
0.005999999999999998 10.935690879821777
0.006999999999999999 7.606189727783203
0.008 2.3144211769104004
0.009000000000000001 1.3375048637390137
0.010000000000000002 4.16303825378418
0.011000000000000003 0.9940858483314514
0.011999999999999997 1.8851031064987183
0.012999999999999998 2.137338161468506
0.013999999999999999 2.73331880569458
0.015 0.5414420366287231
0.016 0.2852996587753296
0.017 0.0
0.018000000000000002 0.0
0.018999999999999996 0.0
0.019999999999999997 0.0
0.020999999999999998 0.0
0.022 0.0
0.023 0.0
0.024 0.0
0.025 0.0
