-0.025 0.0
-0.024 0.0
-0.023 0.0
-0.022000000000000002 0.0
-0.021 0.0
-0.02 0.0
-0.019000000000000003 0.0
-0.018000000000000002 0.0
-0.017 0.0
-0.016 0.0
-0.015000000000000001 0.0
-0.014000000000000002 0.0
-0.013000000000000001 0.0
-0.012 0.0
-0.011000000000000001 0.0
-0.010000000000000002 0.75016188621521
-0.009000000000000001 2.412369728088379
-0.008 1.9567627906799316
-0.006999999999999999 5.350004196166992
-0.006000000000000002 10.628487586975098
-0.005000000000000001 16.396759033203125
-0.004 24.723636627197266
-0.0030000000000000027 33.68133544921875
-0.0020000000000000018 28.28904914855957
-0.0010000000000000009 18.72813606262207
0.0 18.555538177490234
0.0010000000000000009 15.173233985900879
0.0019999999999999983 10.303248405456543
0.002999999999999999 4.932349681854248
0.004 7.044764518737793
0.0049999999999999975 8.729436874389648
0.005999999999999998 9.966278076171875
0.006999999999999999 10.041946411132812
0.008 7.297128677368164
0.009000000000000001 3.3974485397338867
0.010000000000000002 2.216134548187256
0.011000000000000003 0.73414546251297
0.011999999999999997 0.2180548459291458
0.012999999999999998 0.13644686341285706
0.013999999999999999 0.7193951606750488
0.015 1.2504019737243652
0.016 0.2515162229537964
0.017 0.433214008808136
0.018000000000000002 0.0
0.018999999999999996 0.0
0.019999999999999997 0.0
0.020999999999999998 0.0
0.022 0.0
0.023 0.0
0.024 0.0
0.025 0.0
