-0.025 0.0
-0.024 0.0
-0.023 0.0
-0.022000000000000002 0.0
-0.021 0.0
-0.02 0.0
-0.019000000000000003 0.0
-0.018000000000000002 0.0
-0.017 0.0
-0.016 0.657478928565979
-0.015000000000000001 0.14035095274448395
-0.014000000000000002 0.4824325740337372
-0.013000000000000001 0.363955020904541
-0.012 0.08720149099826813
-0.011000000000000001 0.5277126431465149
-0.010000000000000002 0.7751171588897705
-0.009000000000000001 1.4192026853561401
-0.008 15.814630508422852
-0.006999999999999999 26.54978370666504
-0.006000000000000002 14.805691719055176
-0.005000000000000001 8.854358673095703
-0.004 16.1168212890625
-0.0030000000000000027 23.657629013061523
-0.0020000000000000018 30.945781707763672
-0.0010000000000000009 25.89588165283203
0.0 23.40707778930664
0.0010000000000000009 23.002241134643555
0.0019999999999999983 33.83742904663086
0.002999999999999999 13.316112518310547
0.004 2.9165902137756348
0.0049999999999999975 5.797095775604248
0.005999999999999998 7.149256706237793
0.006999999999999999 7.6453962326049805
0.008 13.562305450439453
0.009000000000000001 13.327829360961914
0.010000000000000002 14.397882461547852
0.011000000000000003 8.601547241210938
0.011999999999999997 2.910304069519043
0.012999999999999998 2.896871566772461
0.013999999999999999 1.935762882232666
0.015 1.780287504196167
0.016 0.27137836813926697
0.017 0.08528215438127518
0.018000000000000002 0.0
0.018999999999999996 0.0
0.019999999999999997 0.0
0.020999999999999998 0.0
0.022 0.0
0.023 0.0
0.024 0.0
0.025 0.0
