-0.025 0.0
-0.024 0.0
-0.023 0.0
-0.022000000000000002 0.0
-0.021 0.0
-0.02 0.0
-0.019000000000000003 0.0
-0.018000000000000002 0.0
-0.017 0.0
-0.016 0.2373930811882019
-0.015000000000000001 0.281982421875
-0.014000000000000002 0.781990647315979
-0.013000000000000001 0.3396618962287903
-0.012 0.23707716166973114
-0.011000000000000001 0.9558877944946289
-0.010000000000000002 1.7725145816802979
-0.009000000000000001 1.8755760192871094
-0.008 1.8117868900299072
-0.006999999999999999 3.442197322845459
-0.006000000000000002 10.816349983215332
-0.005000000000000001 16.9394474029541
-0.004 18.395458221435547
-0.0030000000000000027 16.55919075012207
-0.0020000000000000018 16.200862884521484
-0.0010000000000000009 16.023244857788086
0.0 14.876251220703125
0.0010000000000000009 14.134760856628418
0.0019999999999999983 8.177730560302734
0.002999999999999999 9.718255996704102
0.004 6.976507186889648
0.0049999999999999975 11.58159351348877
0.005999999999999998 8.857093811035156
0.006999999999999999 6.4319305419921875
0.008 1.5141159296035767
0.009000000000000001 1.5889778137207031
0.010000000000000002 2.6449549198150635
0.011000000000000003 1.800983190536499
0.011999999999999997 1.4906940460205078
0.012999999999999998 2.8148317337036133
0.013999999999999999 1.6574461460113525
0.015 0.5867071151733398
0.016 0.29719147086143494
0.017 0.8223556280136108
0.018000000000000002 0.0
0.018999999999999996 0.0
0.019999999999999997 0.0
0.020999999999999998 0.0
0.022 0.0
0.023 0.0
0.024 0.0
0.025 0.0
