-0.025 0.0
-0.024 0.0
-0.023 0.0
-0.022000000000000002 0.0
-0.021 0.0
-0.02 0.0
-0.019000000000000003 0.0
-0.018000000000000002 0.0
-0.017 0.0
-0.016 0.0
-0.015000000000000001 0.0
-0.014000000000000002 0.0
-0.013000000000000001 0.0
-0.012 0.0
-0.011000000000000001 0.0
-0.010000000000000002 0.7655355334281921
-0.009000000000000001 2.488426685333252
-0.008 1.3446165323257446
-0.006999999999999999 2.198359966278076
-0.006000000000000002 4.579880237579346
-0.005000000000000001 12.230188369750977
-0.004 22.07350730895996
-0.0030000000000000027 27.404449462890625
-0.0020000000000000018 23.81207275390625
-0.0010000000000000009 19.72860336303711
0.0 17.64995574951172
0.0010000000000000009 16.318830490112305
0.0019999999999999983 15.108684539794922
0.002999999999999999 8.506988525390625
0.004 6.53490686416626
0.0049999999999999975 7.51401424407959
0.005999999999999998 10.430869102478027
0.006999999999999999 7.488254547119141
0.008 3.0258357524871826
0.009000000000000001 0.4713810682296753
0.010000000000000002 0.9614632725715637
0.011000000000000003 0.6188912987709045
0.011999999999999997 0.0
0.012999999999999998 0.15443478524684906
0.013999999999999999 0.8643109202384949
0.015 1.2743613719940186
0.016 0.22589600086212158
0.017 0.40852081775665283
0.018000000000000002 0.0
0.018999999999999996 0.0
0.019999999999999997 0.0
0.020999999999999998 0.0
0.022 0.0
0.023 0.0
0.024 0.0
0.025 0.0
