-0.025 0.0
-0.024 0.0
-0.023 0.0
-0.022000000000000002 0.0
-0.021 0.0
-0.02 0.0
-0.019000000000000003 0.0
-0.018000000000000002 0.0
-0.017 0.0
-0.016 0.0
-0.015000000000000001 0.0
-0.014000000000000002 0.0
-0.013000000000000001 0.0
-0.012 0.0
-0.011000000000000001 0.0
-0.010000000000000002 0.12327112257480621
-0.009000000000000001 0.5438972115516663
-0.008 0.8007522821426392
-0.006999999999999999 0.8943287134170532
-0.006000000000000002 4.497237682342529
-0.005000000000000001 9.519756317138672
-0.004 15.293017387390137
-0.0030000000000000027 25.239639282226562
-0.0020000000000000018 25.51437759399414
-0.0010000000000000009 24.46571922302246
0.0 18.060972213745117
0.0010000000000000009 15.330405235290527
0.0019999999999999983 18.90505027770996
0.002999999999999999 10.583305358886719
0.004 6.219977855682373
0.0049999999999999975 7.18602180480957
0.005999999999999998 7.087062835693359
0.006999999999999999 4.279963970184326
0.008 3.1519925594329834
0.009000000000000001 0.6481083631515503
0.010000000000000002 0.3115348219871521
0.011000000000000003 0.3535830080509186
0.011999999999999997 0.15165935456752777
0.012999999999999998 0.1997007578611374
0.013999999999999999 0.36622461676597595
0.015 0.3499234616756439
0.016 0.01961764506995678
0.017 0.21149630844593048
0.018000000000000002 0.0
0.018999999999999996 0.0
0.019999999999999997 0.0
0.020999999999999998 0.0
0.022 0.0
0.023 0.0
0.024 0.0
0.025 0.0
