-0.025 0.0
-0.024 0.0
-0.023 0.0
-0.022000000000000002 0.0
-0.021 0.0
-0.02 0.0
-0.019000000000000003 0.0
-0.018000000000000002 0.0
-0.017 0.0
-0.016 0.0
-0.015000000000000001 0.0
-0.014000000000000002 0.0
-0.013000000000000001 0.0
-0.012 0.0
-0.011000000000000001 0.0
-0.010000000000000002 0.0
-0.009000000000000001 0.0
-0.008 1.623698353767395
-0.006999999999999999 8.746848106384277
-0.006000000000000002 14.112956047058105
-0.005000000000000001 19.633970260620117
-0.004 27.44159698486328
-0.0030000000000000027 30.277633666992188
-0.0020000000000000018 25.014713287353516
-0.0010000000000000009 18.445878982543945
0.0 25.099607467651367
0.0010000000000000009 18.957937240600586
0.0019999999999999983 12.900688171386719
0.002999999999999999 9.800588607788086
0.004 9.224752426147461
0.0049999999999999975 4.55763578414917
0.005999999999999998 8.144330024719238
0.006999999999999999 6.285854339599609
0.008 10.177608489990234
0.009000000000000001 3.1969196796417236
0.010000000000000002 3.0631301403045654
0.011000000000000003 2.338123321533203
0.011999999999999997 2.7640819549560547
0.012999999999999998 1.515188217163086
0.013999999999999999 1.9211360216140747
0.015 1.3891057968139648
0.016 0.4453994035720825
0.017 0.059053242206573486
0.018000000000000002 0.0
0.018999999999999996 0.0
0.019999999999999997 0.0
0.020999999999999998 0.0
0.022 0.0
0.023 0.0
0.024 0.0
0.025 0.0
