-0.025 0.0
-0.024 0.0
-0.023 0.0
-0.022000000000000002 0.0
-0.021 0.0
-0.02 0.0
-0.019000000000000003 0.0
-0.018000000000000002 0.0
-0.017 0.0
-0.016 0.0
-0.015000000000000001 0.0
-0.014000000000000002 0.20300818979740143
-0.013000000000000001 0.0
-0.012 0.0
-0.011000000000000001 0.7605774998664856
-0.010000000000000002 1.134580135345459
-0.009000000000000001 2.179718017578125
-0.008 1.6708347797393799
-0.006999999999999999 2.6326653957366943
-0.006000000000000002 7.5110764503479
-0.005000000000000001 21.017024993896484
-0.004 32.10096740722656
-0.0030000000000000027 38.861053466796875
-0.0020000000000000018 28.917505264282227
-0.0010000000000000009 18.426128387451172
0.0 25.4979305267334
0.0010000000000000009 16.605173110961914
0.0019999999999999983 13.811843872070312
0.002999999999999999 6.534559726715088
0.004 5.915224552154541
0.0049999999999999975 4.5621137619018555
0.005999999999999998 4.522373199462891
0.006999999999999999 2.969050168991089
0.008 4.071620464324951
0.009000000000000001 1.102516531944275
0.010000000000000002 2.742830276489258
0.011000000000000003 1.5178009271621704
0.011999999999999997 2.2563769817352295
0.012999999999999998 3.31744384765625
0.013999999999999999 5.618409633636475
0.015 1.919152021408081
0.016 1.3413314819335938
0.017 0.0
0.018000000000000002 0.0
0.018999999999999996 0.0
0.019999999999999997 0.0
0.020999999999999998 0.0
0.022 0.0
0.023 0.0
0.024 0.0
0.025 0.0
