-0.025 0.0
-0.024 0.0
-0.023 0.0
-0.022000000000000002 0.0
-0.021 0.0
-0.02 0.0
-0.019000000000000003 0.0
-0.018000000000000002 0.0
-0.017 0.0
-0.016 0.0
-0.015000000000000001 0.7466872334480286
-0.014000000000000002 3.3655738830566406
-0.013000000000000001 3.766561269760132
-0.012 2.617565631866455
-0.011000000000000001 5.806481838226318
-0.010000000000000002 5.441374778747559
-0.009000000000000001 5.575441360473633
-0.008 5.475974082946777
-0.006999999999999999 8.30465316772461
-0.006000000000000002 11.898192405700684
-0.005000000000000001 19.70163345336914
-0.004 27.720365524291992
-0.0030000000000000027 24.188283920288086
-0.0020000000000000018 18.656574249267578
-0.0010000000000000009 21.435985565185547
0.0 23.52629852294922
0.0010000000000000009 14.88429069519043
0.0019999999999999983 13.937990188598633
0.002999999999999999 12.352715492248535
0.004 11.152214050292969
0.0049999999999999975 13.018909454345703
0.005999999999999998 12.136743545532227
0.006999999999999999 5.8913092613220215
0.008 2.626333236694336
0.009000000000000001 2.991881847381592
0.010000000000000002 3.755101203918457
0.011000000000000003 2.7525405883789062
0.011999999999999997 4.055905818939209
0.012999999999999998 3.833197593688965
0.013999999999999999 8.706121444702148
0.015 4.46530818939209
0.016 2.930622100830078
0.017 0.0
0.018000000000000002 0.0
0.018999999999999996 0.0
0.019999999999999997 0.0
0.020999999999999998 0.0
0.022 0.0
0.023 0.0
0.024 0.0
0.025 0.0
