-0.025 0.0
-0.024 0.0
-0.023 0.0
-0.022000000000000002 0.0
-0.021 0.0
-0.02 0.0
-0.019000000000000003 0.0
-0.018000000000000002 0.0
-0.017 0.0
-0.016 0.0
-0.015000000000000001 0.7875944375991821
-0.014000000000000002 2.3335683345794678
-0.013000000000000001 2.539584159851074
-0.012 2.3520846366882324
-0.011000000000000001 3.1490225791931152
-0.010000000000000002 2.887298107147217
-0.009000000000000001 1.820692777633667
-0.008 2.1188554763793945
-0.006999999999999999 2.1416103839874268
-0.006000000000000002 9.953401565551758
-0.005000000000000001 22.30434226989746
-0.004 29.741172790527344
-0.0030000000000000027 26.82979965209961
-0.0020000000000000018 22.786182403564453
-0.0010000000000000009 24.748554229736328
0.0 25.651023864746094
0.0010000000000000009 13.174013137817383
0.0019999999999999983 17.278411865234375
0.002999999999999999 14.021553039550781
0.004 7.854950428009033
0.0049999999999999975 9.547497749328613
0.005999999999999998 10.236831665039062
0.006999999999999999 4.1785759925842285
0.008 6.015984535217285
0.009000000000000001 2.322697401046753
0.010000000000000002 2.7427978515625
0.011000000000000003 1.9816806316375732
0.011999999999999997 4.7393975257873535
0.012999999999999998 5.245606422424316
0.013999999999999999 5.466804504394531
0.015 3.4277896881103516
0.016 0.9665003418922424
0.017 0.4743606746196747
0.018000000000000002 0.0
0.018999999999999996 0.0
0.019999999999999997 0.0
0.020999999999999998 0.0
0.022 0.0
0.023 0.0
0.024 0.0
0.025 0.0
