-0.025 0.0
-0.024 0.0
-0.023 0.0
-0.022000000000000002 0.0
-0.021 0.0
-0.02 0.0
-0.019000000000000003 0.0
-0.018000000000000002 0.0
-0.017 0.0
-0.016 0.0
-0.015000000000000001 0.0
-0.014000000000000002 0.0
-0.013000000000000001 0.0
-0.012 0.0
-0.011000000000000001 0.4902114272117615
-0.010000000000000002 1.2480947971343994
-0.009000000000000001 3.7684366703033447
-0.008 5.525149822235107
-0.006999999999999999 9.670907974243164
-0.006000000000000002 16.61101722717285
-0.005000000000000001 20.80000114440918
-0.004 24.84638786315918
-0.0030000000000000027 25.370502471923828
-0.0020000000000000018 19.984527587890625
-0.0010000000000000009 15.148880958557129
0.0 13.927727699279785
0.0010000000000000009 9.13729190826416
0.0019999999999999983 10.086601257324219
0.002999999999999999 12.47691822052002
0.004 10.28975772857666
0.0049999999999999975 10.984525680541992
0.005999999999999998 14.094808578491211
0.006999999999999999 10.224157333374023
0.008 5.994087219238281
0.009000000000000001 5.776693344116211
0.010000000000000002 8.664767265319824
0.011000000000000003 5.85921573638916
0.011999999999999997 1.8089988231658936
0.012999999999999998 0.29934781789779663
0.013999999999999999 0.5932146310806274
0.015 0.12469593435525894
0.016 0.06070248410105705
0.017 0.0
0.018000000000000002 0.0
0.018999999999999996 0.0
0.019999999999999997 0.0
0.020999999999999998 0.0
0.022 0.0
0.023 0.0
0.024 0.0
0.025 0.0
