-0.025 0.0
-0.024 0.0
-0.023 0.0
-0.022000000000000002 0.0
-0.021 0.0
-0.02 0.0
-0.019000000000000003 0.0
-0.018000000000000002 0.0
-0.017 0.0
-0.016 1.6195545196533203
-0.015000000000000001 1.8772201538085938
-0.014000000000000002 3.6495909690856934
-0.013000000000000001 1.2928210496902466
-0.012 1.409228801727295
-0.011000000000000001 2.280487060546875
-0.010000000000000002 3.079514503479004
-0.009000000000000001 5.863742351531982
-0.008 10.894731521606445
-0.006999999999999999 14.039190292358398
-0.006000000000000002 12.936676979064941
-0.005000000000000001 8.714512825012207
-0.004 13.535859107971191
-0.0030000000000000027 28.962671279907227
-0.0020000000000000018 29.853933334350586
-0.0010000000000000009 22.60737419128418
0.0 19.370407104492188
0.0010000000000000009 11.995152473449707
0.0019999999999999983 17.3597412109375
0.002999999999999999 5.073963165283203
0.004 4.833312034606934
0.0049999999999999975 3.333757162094116
0.005999999999999998 9.054427146911621
0.006999999999999999 5.803096771240234
0.008 4.701704978942871
0.009000000000000001 4.0560431480407715
0.010000000000000002 6.193573951721191
0.011000000000000003 7.275534152984619
0.011999999999999997 6.451598644256592
0.012999999999999998 9.318319320678711
0.013999999999999999 5.244637966156006
0.015 1.3146090507507324
0.016 0.31499168276786804
0.017 0.2455766797065735
0.018000000000000002 0.0
0.018999999999999996 0.0
0.019999999999999997 0.0
0.020999999999999998 0.0
0.022 0.0
0.023 0.0
0.024 0.0
0.025 0.0
