-0.025 0.0
-0.024 0.0
-0.023 0.0
-0.022000000000000002 0.0
-0.021 0.0
-0.02 0.0
-0.019000000000000003 0.0
-0.018000000000000002 0.0
-0.017 0.0
-0.016 0.0
-0.015000000000000001 0.0
-0.014000000000000002 0.0
-0.013000000000000001 0.0
-0.012 0.0
-0.011000000000000001 0.0
-0.010000000000000002 0.0
-0.009000000000000001 0.0
-0.008 0.0
-0.006999999999999999 0.0
-0.006000000000000002 0.8142094016075134
-0.005000000000000001 2.079319953918457
-0.004 15.349035263061523
-0.0030000000000000027 25.945159912109375
-0.0020000000000000018 30.765079498291016
-0.0010000000000000009 32.239784240722656
0.0 29.801931381225586
0.0010000000000000009 28.985273361206055
0.0019999999999999983 30.093809127807617
0.002999999999999999 10.849538803100586
0.004 2.847571611404419
0.0049999999999999975 1.6219251155853271
0.005999999999999998 2.732605218887329
0.006999999999999999 3.589954376220703
0.008 2.120128870010376
0.009000000000000001 0.2599700093269348
0.010000000000000002 1.8589301109313965
0.011000000000000003 0.35838907957077026
0.011999999999999997 0.6942598223686218
0.012999999999999998 0.7709506750106812
0.013999999999999999 3.1083498001098633
0.015 1.6682615280151367
0.016 0.6253515481948853
0.017 0.2455369234085083
0.018000000000000002 0.0
0.018999999999999996 0.0
0.019999999999999997 0.0
0.020999999999999998 0.0
0.022 0.0
0.023 0.0
0.024 0.0
0.025 0.0
