-0.025 0.0
-0.024 0.0
-0.023 0.0
-0.022000000000000002 0.0
-0.021 0.0
-0.02 0.0
-0.019000000000000003 0.0
-0.018000000000000002 0.0
-0.017 0.0
-0.016 0.15750616788864136
-0.015000000000000001 0.6198392510414124
-0.014000000000000002 0.4274602234363556
-0.013000000000000001 0.65146404504776
-0.012 0.17440293729305267
-0.011000000000000001 0.8777703046798706
-0.010000000000000002 1.7749747037887573
-0.009000000000000001 2.1015799045562744
-0.008 1.891484022140503
-0.006999999999999999 4.128659725189209
-0.006000000000000002 10.24258804321289
-0.005000000000000001 16.96424102783203
-0.004 16.933950424194336
-0.0030000000000000027 15.076727867126465
-0.0020000000000000018 13.36943244934082
-0.0010000000000000009 11.043867111206055
0.0 8.036506652832031
0.0010000000000000009 8.773470878601074
0.0019999999999999983 10.770747184753418
0.002999999999999999 8.677261352539062
0.004 7.5732340812683105
0.0049999999999999975 10.849294662475586
0.005999999999999998 10.111092567443848
0.006999999999999999 6.458133220672607
0.008 3.988597869873047
0.009000000000000001 2.4087743759155273
0.010000000000000002 2.8662970066070557
0.011000000000000003 1.9614648818969727
0.011999999999999997 2.0444514751434326
0.012999999999999998 2.2115347385406494
0.013999999999999999 1.5433751344680786
0.015 0.5958468914031982
0.016 0.13481736183166504
0.017 0.17285016179084778
0.018000000000000002 0.0
0.018999999999999996 0.0
0.019999999999999997 0.0
0.020999999999999998 0.0
0.022 0.0
0.023 0.0
0.024 0.0
0.025 0.0
