-0.025 0.0
-0.024 0.0
-0.023 0.0
-0.022000000000000002 0.0
-0.021 0.0
-0.02 0.0
-0.019000000000000003 0.0
-0.018000000000000002 0.0
-0.017 0.0
-0.016 0.20812654495239258
-0.015000000000000001 0.0
-0.014000000000000002 0.0
-0.013000000000000001 0.5402321815490723
-0.012 0.0
-0.011000000000000001 1.4161711931228638
-0.010000000000000002 3.060508966445923
-0.009000000000000001 1.0081923007965088
-0.008 1.5617060661315918
-0.006999999999999999 0.6539124250411987
-0.006000000000000002 3.375584363937378
-0.005000000000000001 5.150968074798584
-0.004 14.627936363220215
-0.0030000000000000027 29.510263442993164
-0.0020000000000000018 30.68566131591797
-0.0010000000000000009 28.560068130493164
0.0 27.70134162902832
0.0010000000000000009 21.127609252929688
0.0019999999999999983 16.582853317260742
0.002999999999999999 7.738553047180176
0.004 4.4797258377075195
0.0049999999999999975 5.111378192901611
0.005999999999999998 5.6890668869018555
0.006999999999999999 4.335901260375977
0.008 1.9015305042266846
0.009000000000000001 1.3974919319152832
0.010000000000000002 2.302905797958374
0.011000000000000003 1.1855388879776
0.011999999999999997 3.513096570968628
0.012999999999999998 5.154435157775879
0.013999999999999999 2.7885448932647705
0.015 3.2526960372924805
0.016 1.1858704090118408
0.017 0.1864134818315506
0.018000000000000002 0.0
0.018999999999999996 0.0
0.019999999999999997 0.0
0.020999999999999998 0.0
0.022 0.0
0.023 0.0
0.024 0.0
0.025 0.0
