-0.025 0.0
-0.024 0.0
-0.023 0.0
-0.022000000000000002 0.0
-0.021 0.0
-0.02 0.0
-0.019000000000000003 0.0
-0.018000000000000002 0.3257955312728882
-0.017 0.0
-0.016 4.389224529266357
-0.015000000000000001 5.637791633605957
-0.014000000000000002 2.9567983150482178
-0.013000000000000001 4.2040863037109375
-0.012 5.508636474609375
-0.011000000000000001 4.290058135986328
-0.010000000000000002 5.302398204803467
-0.009000000000000001 5.29051399230957
-0.008 8.42264461517334
-0.006999999999999999 15.281498908996582
-0.006000000000000002 8.34610366821289
-0.005000000000000001 3.8280889987945557
-0.004 18.987972259521484
-0.0030000000000000027 27.22144317626953
-0.0020000000000000018 28.180217742919922
-0.0010000000000000009 23.358999252319336
0.0 24.976078033447266
0.0010000000000000009 15.703849792480469
0.0019999999999999983 9.943647384643555
0.002999999999999999 4.400135040283203
0.004 7.877766132354736
0.0049999999999999975 8.661075592041016
0.005999999999999998 18.546894073486328
0.006999999999999999 15.224252700805664
0.008 9.179548263549805
0.009000000000000001 6.92051887512207
0.010000000000000002 7.210285663604736
0.011000000000000003 10.40672779083252
0.011999999999999997 4.532060146331787
0.012999999999999998 1.8939687013626099
0.013999999999999999 1.8430359363555908
0.015 1.6483063697814941
0.016 0.8969004154205322
0.017 0.7547123432159424
0.018000000000000002 0.0
0.018999999999999996 0.0
0.019999999999999997 0.0
0.020999999999999998 0.0
0.022 0.0
0.023 0.0
0.024 0.0
0.025 0.0
